vowel	stress	word	F1	F2	F3	B1	B2	B3	t	beg	end	dur	cd	fm	fp	fv	ps	fs	style	glide	F1@20%	F2@20%	F1@35%	F2@35%	F1@50%	F2@50%	F1@65%	F2@65%	F1@80%	F2@80%	nFormants	F1_man	F2_man	F3_man	plt_code	plt_stress	plt_word	t_man
AY	1	NINETEEN	1036.4	2024.6	2936.4	745.2	945.7	986.7	16.451	16.464	16.533	0.069	41	4	4	2	4	4			863.1	2065.5	853.7	2173.8	847.3	2255.8	829.2	2348.0	803.1	2437.7	5		847	2145	3231	41.44242	1	nineteen	16.4868
EY	1	EIGHTY	691.2	2772.9	3357.8	219.4	197.8	813.7	16.758	16.734	16.824	0.09	21	1	4	1	0	1			682.8	2765.9	684.5	2775.1	632.2	2777.8	591.0	2729.4	562.7	2534.9	4		707	2771	3428	21.14101	1	eighty	16.7574
IH	1	SIX	749.1	1997.1	2863.2	99.4	192.2	385.7	17.033	17.013	17.073	0.06	1	1	6	1	3	3			725.9	1950.5	750.8	2001.2	763.2	2016.6	770.3	2030.5	760.4	2065.7	5		744	2036	2894	1.16133	1	six	17.0423
AE	1	LAST	871.2	1704.9	2568.9	95.8	168.5	1426.1	25.409	25.376	25.476	0.1	33	3	4	1	7	0			869.8	1677.5	870.6	1711.9	865.5	1759.7	855.4	1761.5	839.3	1793.8	5		878	1708	2847	3.34173	1	last	25.407
AW	1	SOUTH	813.7	1705.7	2798.8	105.7	125.0	1556.6	33.546	33.511	33.651	0.14	42	3	3	1	3	0			778.9	1711.7	900.9	1691.4	952.9	1591.3	921.3	1498.2	898.5	1586.2	5		960	1596	2839	42.3313	1	south	33.5808
OW	1	JONES	752.3	1605.4	2625.0	183.4	282.1	410.5	39.851	39.831	39.911	0.08	62	4	4	2	5	3			740.7	1655.3	767.5	1520.8	796.3	1441.2	879.2	1425.8	826.8	1345.1	5		773	1423	2759	62.4425	1	Jones	39.8657
AA	1	PROCTOR	874.7	1691.9	2382.9	134.0	249.1	330.4	42.103	42.086	42.136	0.05	5	1	6	1	8	4			865.0	1691.5	874.7	1691.9	885.8	1692.3	890.0	1702.7	887.2	1738.2	5		914	1740	2487	5.16184	1	Proctor	42.1121
EY	1	EDUCATION	699.6	2393.9	2985.3	432.3	649.1	300.1	48.121	48.108	48.198	0.09	21	3	5	1	6	1			653.0	2277.8	582.4	1879.9	564.3	1655.8	558.1	1540.5	713.4	1803.0	5		590	2518	3068	21.35101	1	(edu)cation	48.1406
ER	1	FIRST	616.5	1869.9	2230.4	131.2	170.1	318.6	52.21	52.184	52.263	0.079	94	3	4	1	1	3			608.3	1841.8	615.9	1871.2	603.3	1857.8	587.9	1867.3	573.6	1910.4	5		618	1878	2276	94.60013	1	first	52.2104
EY	1	EDUCATION	481.1	2764.2	3107.9	106.5	371.9	449.0	58.358	58.331	58.41	0.079	21	3	5	1	6	1			477.0	2601.5	481.1	2772.5	479.6	2848.3	471.1	2586.5	446.1	1801.8	5		477	2871	3237	21.35101	1	(edu)cation	58.3643
EY	1	MAJOR	573.3	2902.8	3285.8	105.3	237.0	323.1	58.634	58.621	58.74	0.119	21	2	5	2	2	1			565.2	2959.7	546.6	2955.9	535.2	2868.1	524.6	2730.1	506.5	2606.5	5		579	2826	3202	22.00221	1	major	58.625
EH	1	RESUME	828.8	1853.1	2751.8	50.2	125.0	179.1	60.444	60.421	60.491	0.07	2	3	4	2	7	2			836.2	1840.5	826.5	1856.5	811.1	1873.9	789.2	1885.6	756.6	1834.2	5		843	1909	2841	2.34271	1	resume	60.4455
AY	1	LIKE	760.0	1692.4	3038.0	79.8	140.8	282.8	61.359	61.361	61.421	0.06	47	1	6	1	7	0			722.9	1865.3	666.5	1983.9	613.1	2126.4	583.9	2243.6	520.8	2191.2	5		765	1760	3066	47.1617	1	like	61.3643
AY	1	OUTSIDE	849.7	1752.0	2875.8	84.2	177.9	246.2	61.836	61.76	61.94	0.18	41	1	4	2	3	0			775.4	1641.3	839.1	1696.3	831.9	1819.9	779.3	1987.5	721.7	2070.5	5		858	1769	2879	41.1423	1	(out)side	61.8372
IY	1	NEEDED	557.6	2523.1	2880.2	276.4	307.2	268.9	62.626	62.609	62.66	0.051	11	1	4	2	4	1			575.3	2514.2	553.1	2522.4	532.6	2480.5	541.0	2373.2	558.9	2248.5	5		507	2538	2787	11.14241	1	needed	62.6307
IH	1	KIDS	690.7	2174.3	2936.2	118.4	144.0	226.7	63.236	63.199	63.31	0.111	1	1	4	2	6	3			636.9	2163.0	697.2	2172.5	718.9	2151.8	710.5	2122.9	648.3	2069.7	4		711	2113	2924	1.1426	1	kids	63.2603
AO	1	ALL	885.9	1448.8	2803.5	72.5	246.1	563.7	64.555	64.505	64.655	0.15	53	5	4	2	0	0			854.5	1514.7	887.8	1441.1	894.4	1402.2	884.1	1328.6	875.6	1298.2	5		901	1439	2878	53.542	1	all	64.5722
EY	1	PLACE	630.5	1849.9	2795.1	75.8	121.9	2544.3	65.635	65.623	65.723	0.1	21	3	4	1	8	0			618.4	1937.3	594.7	2078.9	576.4	2199.2	566.4	2061.0	564.3	1968.9	5		617	1993	3176	21.3428	1	place	65.6477
AY	1	LIKE	673.3	1845.1	2896.8	94.0	142.3	309.6	70.667	70.652	70.733	0.081	47	1	6	1	7	0			673.2	1858.4	648.4	2022.2	607.7	2176.4	570.8	2280.5	834.4	2411.7	4		687	1878	2899	47.1617	1	like	70.6691
EY	1	PLAYING	811.3	1826.0	3240.2	80.2	89.2	218.2	73.179	73.166	73.236	0.07	21	0	0	0	8	1			811.2	1838.3	803.2	1985.4	790.4	2119.1	769.8	2268.2	734.0	2394.6	4		800	1950	3165	21.4428	1	playing	73.1896
EY	1	GAMES	624.8	2818.7	3990.0	233.9	115.3	1651.9	73.383	73.336	73.455	0.119	21	4	1	2	6	3			600.3	2803.9	623.1	2821.9	624.1	2797.7	642.7	2785.0	649.4	2708.2	3		611	2696	3071	21.4126	1	games	73.3814
IH	1	KIDS	630.3	2175.1	2965.1	76.1	172.1	174.2	73.788	73.765	73.835	0.07	1	1	4	2	6	3			629.7	2190.1	629.6	2172.8	616.6	2140.2	599.6	2089.5	576.5	1972.6	4		623	2146	2987	1.1426	1	kids	73.7973
AH	1	STUFF	908.3	1586.7	2932.4	84.2	237.5	310.8	74.179	74.125	74.286	0.161	6	3	2	1	3	0			850.7	1612.8	909.5	1582.5	912.4	1560.2	914.7	1567.5	889.3	1581.3	5		907	1549	2976	6.3213	1	stuff	74.1948
IY	1	RETAIL	452.2	2326.8	2835.9	69.3	134.9	574.5	75.265	75.245	75.305	0.06	11	1	4	1	7	1			453.2	2267.4	452.1	2332.7	450.6	2375.0	452.9	2401.2	486.5	2387.5	4		451	2284	2643	11.14171	1	retail	75.2603
EY	2	RETAIL	783.1	1998.7	2977.7	111.2	165.3	281.8	75.429	75.404	75.454	0.05	21	5	4	2	3	0			752.8	2039.3	762.7	2034.8	783.1	1998.7	797.2	1948.3	802.6	1895.6	4		749	2031	2955	21.5423	1	(re)tail	75.4191
AO	1	STORE	596.5	1169.0	2485.4	70.5	96.2	190.1	75.708	75.675	75.774	0.099	64	6	4	2	3	0			589.4	1227.9	597.9	1166.1	609.8	1168.9	616.4	1189.9	631.4	1226.9	5		645	1194	2653	64.6003	1	store	75.7147
IY	1	REALLY	655.1	1918.2	2343.5	155.1	197.1	185.4	81.83	81.813	81.863	0.05	11	5	4	2	7	1			650.0	1899.8	655.1	1918.2	666.9	1941.8	673.9	1940.6	679.4	1932.0	5		698	1975	2665	11.54271	1	really	81.8543
AE	2	MASSACHUSETTS	835.7	1969.5	2686.1	208.4	118.4	1000.5	84.474	84.447	84.527	0.08	3	3	4	1	2	2			818.3	1923.6	834.9	1969.0	829.2	1952.9	828.1	1923.9	763.3	1716.2	6		792	1971	2911	3.34222	1	Massachusetts	84.4782
UW	1	MASSACHUSETTS	485.1	2000.3	2547.2	118.9	294.7	335.7	84.734	84.717	84.767	0.05	72	3	4	1	5	1			489.3	2013.6	485.1	2000.3	490.7	1956.2	503.8	1854.4	503.6	1757.9	5		477	2052	2567	82.34251	1	(Massa)chusetts	84.7318
EH	1	READING	641.2	1713.3	2412.7	130.2	252.9	670.7	86.641	86.608	86.708	0.1	2	1	4	2	7	1			589.2	1634.3	651.1	1706.7	729.7	1759.3	778.8	1818.4	739.8	1827.1	5		785	1821	2856	2.1427	1	Reading	86.6762
AE	1	GRANDFATHER	791.2	2073.0	2503.7	91.8	93.7	150.1	96.292	96.259	96.359	0.1	33	4	4	2	8	5			733.9	2057.1	801.1	2076.0	863.0	2089.7	882.7	2097.4	869.6	2094.3	5		877	2086	2763	3.44285	1	grandfather	96.3258
AA	2	GRANDFATHER	935.8	1750.1	2693.2	66.9	287.7	245.4	96.556	96.499	96.669	0.17	43	3	3	2	1	1			914.5	1747.2	936.1	1750.1	935.4	1748.6	926.8	1749.9	858.4	1708.6	5		937	1756	2711	43.33111	1	(grand)father	96.578
IY	1	BELIEVE	507.7	2549.7	2935.2	174.1	148.5	279.5	100.653	100.583	100.793	0.21	11	3	2	2	7	0			542.5	2415.7	506.6	2552.9	481.5	2566.2	495.8	2551.3	526.3	2422.2	5		500	2573	2918	11.3227	1	(be)lieve	100.6634
IH	1	VIRGINIA	650.8	2213.7	3155.7	110.6	172.5	172.2	102.134	102.114	102.174	0.06	1	4	4	2	5	1			628.5	2215.7	652.6	2213.3	662.3	2205.5	663.9	2196.6	660.9	2180.9	4		652	2165	3114	1.44251	1	(Vir)ginia	102.1406
EH	1	LEBANESE	788.0	1697.3	2919.9	96.1	223.2	193.6	103.104	103.084	103.144	0.06	2	1	1	2	7	2			807.2	1708.4	784.2	1695.1	732.0	1673.1	641.6	1707.9	655.4	2009.1	4		794	1668	2886	2.11272	1	Lebanese	103.0993
OW	1	OVER	618.2	1149.9	2082.7	618.4	742.7	1074.0	106.202	106.195	106.285	0.09	62	3	2	2	0	1			618.4	1149.7	622.0	1131.5	638.2	1150.2	585.2	1109.1	541.8	1053.0	6		663	1169	2717	62.32201	1	over	106.219
ER	1	THIRD	616.9	2052.9	3236.5	177.1	146.0	2120.8	110.646	110.619	110.699	0.08	94	1	4	2	3	0			623.0	2043.1	616.3	2054.3	606.5	2075.1	588.7	2107.5	567.0	2187.3	4		593	2017	2486	94.6003	1	third	110.6534
OW	1	GO	614.4	1324.0	2479.1	589.4	302.6	473.0	133.94	133.93	133.98	0.05	63	0	0	0	6	0			614.4	1324.0	554.6	1274.2	600.7	1255.2	628.8	1244.1	646.0	1248.5	5		661	1297	2310	62.0006	1	go	133.9811
AO	1	MALL	924.0	1374.7	3391.5	185.8	145.2	159.4	134.316	134.269	134.409	0.14	53	5	4	2	2	0			920.4	1390.5	924.5	1373.1	934.8	1365.7	940.5	1358.2	903.4	1329.8	4		877	1332	2503	53.5422	1	mall	134.3628
EH	1	RESTAURANT	773.5	1839.3	2536.4	100.4	186.6	618.2	137.13	137.097	137.197	0.1	2	3	4	1	7	4			714.8	1863.8	783.4	1835.5	841.1	1808.7	851.4	1781.9	849.6	1826.2	5		851	1788	2885	2.34272	1	restaurant	137.1549
AA	2	RESTAURANT	928.8	1830.6	3135.8	132.2	178.0	544.2	137.384	137.358	137.437	0.079	5	4	4	2	8	3			924.4	1852.9	929.0	1824.6	926.9	1791.8	912.9	1770.1	880.8	1755.8	4		913	1771	2956	43.44273	1	(restau)rant	137.3913
AY	1	LIKE	786.7	1579.3	3018.6	144.6	239.7	207.2	138.098	138.098	138.187	0.089	47	1	6	1	7	0			745.4	1776.3	711.2	1913.7	678.4	2057.9	645.0	2254.8	638.9	2414.2	5		768	1647	3049	47.1617	1	like	138.1064
OW	1	GO	626.0	1233.8	2521.2	80.1	181.1	505.7	138.393	138.368	138.468	0.1	63	0	0	0	6	0			620.5	1244.5	633.1	1233.2	637.7	1244.9	637.1	1264.7	631.3	1094.1	6		680	1279	2742	62.0006	1	go	138.4141
EH	1	THERE	775.4	1912.3	2708.0	78.1	154.1	306.3	138.618	138.548	138.757	0.209	24	6	4	2	3	0			781.3	1907.1	776.2	1913.9	774.3	1897.6	767.9	1913.6	730.6	1948.9	5		752	1871	2945	24.6003	1	there	138.5694
IY	1	SCREEN	688.0	2227.3	2467.1	127.7	182.4	568.9	142.548	142.525	142.595	0.07	11	4	4	2	8	0			671.1	2140.9	689.6	2238.8	689.9	2296.1	681.0	2317.6	658.7	1940.5	6		684	2288	2647	11.4428	1	screen	142.5551
AY	1	IMAX	918.2	1709.2	1939.7	206.6	224.0	740.5	142.75	142.695	142.845	0.15	41	4	1	2	0	1			912.7	1611.3	917.6	1703.6	870.7	1835.7	825.2	2070.5	808.1	2193.3	6		1039	1722	3260	41.41201	1	IMAX	142.7403
AE	2	IMAX	876.1	2102.7	3182.9	61.0	117.1	344.1	142.995	142.935	143.116	0.181	3	1	6	1	2	3			857.6	2193.7	878.3	2092.9	891.8	1951.2	897.7	1911.0	887.4	1912.8	5		862	2215	3172	3.16123	1	(I)MAX	142.9697
OW	1	GO	618.2	1432.8	2586.6	84.8	384.6	310.7	143.488	143.465	143.555	0.09	63	0	0	0	6	0			612.9	1457.2	623.9	1384.6	633.8	1397.9	634.2	1427.7	631.2	1477.3	5		640	1413	2691	62.0006	1	go	143.5081
AH	1	OTHER	711.0	1870.6	2916.1	119.2	155.0	197.1	149.005	148.988	149.038	0.05	6	3	3	2	0	1			708.1	1898.8	711.0	1870.6	704.9	1805.2	673.6	1731.7	639.2	1674.6	5		710	1861	2938	6.33101	1	other	149.0039
AH	1	MONTH	867.2	1455.1	2013.1	220.0	196.3	1298.4	149.209	149.189	149.248	0.059	6	4	4	2	2	3			871.7	1450.5	866.2	1455.6	850.6	1449.6	834.1	1375.4	805.0	1369.1	6		953	1528	3349	6.44223	1	month	149.209
EH	1	THERE	826.5	2029.7	2395.9	62.7	170.1	1235.6	153.524	153.424	153.723	0.299	24	6	4	2	3	0			834.9	2059.0	826.3	2020.4	806.8	1952.7	801.9	1860.7	766.2	1875.2	6		847	2115	3029	24.6003	1	there	153.464
AW	1	ABOUT	804.3	1656.7	2802.9	128.4	289.5	259.9	159.018	158.989	159.109	0.12	42	1	4	1	1	0			745.4	1588.0	856.7	1712.9	880.7	1690.1	874.0	1666.0	852.2	1638.9	5		876	1679	2836	42.1411	1	(a)bout	159.0494
AE	1	HAVE	795.2	2031.6	2566.6	57.0	99.5	1680.8	165.505	165.465	165.585	0.12	3	3	2	2	0	0			806.8	2040.8	793.2	2030.3	774.6	1988.9	749.3	1927.3	660.7	1858.8	5		814	2046	3019	3.322	1	have	165.4953
EH	1	THERE	831.7	2039.6	2952.2	111.8	86.7	224.9	165.874	165.844	165.934	0.09	24	6	4	2	3	0			835.8	2066.0	830.9	2037.4	815.5	2014.2	788.9	1995.9	759.6	1986.6	5		833	2071	3111	24.6003	1	there	165.86
IH	1	VISIT	641.3	1930.4	2603.9	126.1	203.7	923.2	166.101	166.084	166.135	0.051	1	3	4	2	1	1			638.3	1920.1	641.5	1932.5	637.7	1938.4	631.5	1923.5	618.8	1908.1	5		649	1954	2823	1.34211	1	visit	166.1107
AE	1	FAMILY	750.5	2394.2	2655.9	100.1	200.7	1457.5	166.367	166.314	166.474	0.16	39	4	1	2	1	1			685.2	2146.6	762.2	2415.9	824.1	2437.7	841.7	2332.3	847.1	2157.9	5		824	2454	3057	3.41212	1	family	166.387
AA	1	PROBABLY	890.5	1655.1	2754.2	118.8	193.4	533.9	168.07	168.047	168.117	0.07	5	1	1	2	8	1			884.5	1681.0	890.9	1647.4	880.5	1600.0	864.1	1551.9	847.2	1524.9	5		919	1722	2891	5.11282	1	probably	168.0694
EH	1	EVER	891.8	1756.4	3034.9	101.0	124.1	459.7	169.583	169.557	169.636	0.079	2	3	2	2	0	1			892.2	1768.6	891.4	1753.0	882.1	1743.3	864.9	1735.8	842.1	1713.6	5		901	1758	3041	2.32201	1	ever	169.5865
AO	1	ALBANY	935.2	1400.9	3002.7	60.6	76.8	218.3	176.074	176.034	176.154	0.12	53	5	4	2	0	5			942.4	1402.2	935.8	1400.9	925.6	1386.7	909.8	1373.0	881.8	1350.6	5		946	1412	3039	53.54205	1	Albany	176.0808
AA	1	CONCERTS	967.1	1697.5	2023.5	168.7	170.6	944.5	176.843	176.813	176.903	0.09	5	4	4	2	6	4			957.0	1710.0	966.8	1696.9	939.0	1672.3	889.5	1627.3	846.0	1629.1	6		1066	1752	3058	5.44204	1	concerts	176.8472
AA	1	LOT	987.8	1620.7	2986.3	153.3	223.6	365.0	177.447	177.364	177.614	0.25	5	1	4	1	7	0			959.7	1489.0	994.7	1634.7	1027.3	1677.5	1004.0	1682.9	971.3	1708.0	4		1002	1619	2845	5.1417	1	lot	177.5024
AE	1	FAMILY	780.1	2324.2	3081.7	74.7	139.4	306.8	178.183	178.136	178.276	0.14	39	4	1	2	1	1			710.1	2263.4	787.6	2322.7	819.1	2282.6	817.6	2209.3	815.8	2049.3	5		817	2333	3115	3.41212	1	family	178.1905
AW	1	OUT	809.1	1568.9	2773.7	79.6	231.8	151.4	178.995	178.965	179.085	0.12	42	1	4	1	0	0			793.5	1554.9	818.8	1560.5	832.5	1517.8	842.0	1471.3	826.9	1438.2	5		842	1503	2725	42.141	1	out	179.0314
OY	1	BOYFRIEND	632.1	1396.9	2137.0	84.5	145.0	2081.8	182.105	182.075	182.164	0.089	61	3	2	1	1	1			614.5	1214.5	632.4	1412.4	631.0	1658.7	625.7	1828.6	627.2	1923.0	6		570	1042	2621	61.32114	1	boyfriend	182.0751
OW	1	GOES	684.3	1413.6	2340.9	236.3	387.3	346.6	182.376	182.364	182.474	0.11	62	3	4	2	6	0			616.4	1308.5	622.5	1197.2	618.5	1222.0	611.4	1310.1	608.9	1458.1	6		626	1219	2487	62.0026	1	goes	182.4141
AO	1	ALBANY	826.2	1544.1	2745.4	82.9	146.5	188.7	182.595	182.575	182.635	0.06	53	5	4	2	0	5			796.1	1557.5	829.2	1541.7	856.8	1530.4	877.4	1532.9	886.5	1539.7	5		868	1375	2633	53.54205	1	Albany	182.6477
AA	1	COLLEGE	832.2	1502.8	2327.3	108.0	233.4	545.1	182.921	182.895	182.974	0.079	5	5	4	2	6	1			858.0	1452.3	835.9	1499.4	865.3	1472.0	867.7	1458.8	837.5	1523.3	6		856	1587	2905	5.54201	1	college	182.9554
AA	1	PHARMACY	807.5	1456.5	2253.9	103.9	193.6	190.1	183.184	183.164	183.224	0.06	44	6	4	2	1	5			811.2	1387.8	810.7	1465.0	843.1	1536.1	871.3	1597.6	887.2	1647.4	5		881	1620	2236	44.60012	1	pharmacy	183.2118
AA	1	LOT	906.3	1640.1	3095.7	104.3	241.4	244.4	185.718	185.691	185.771	0.08	5	1	4	1	7	0			896.8	1595.6	907.1	1643.8	901.3	1680.2	867.8	1685.9	800.3	1673.8	5		900	1643	3100	5.1417	1	lot	185.7247
IH	1	VISITING	622.6	1929.7	2953.1	75.7	129.8	245.4	185.921	185.901	185.961	0.06	1	3	4	2	1	2			626.6	1926.7	622.3	1929.1	615.0	1925.1	603.8	1912.6	598.6	1890.6	4		625	1917	2974	1.34211	1	visiting	185.9269
EY	1	DAVE	485.3	2397.1	2869.6	81.3	157.8	2683.8	187.864	187.841	187.931	0.09	21	3	2	2	3	0			484.6	2368.3	484.2	2430.7	477.1	2460.7	471.0	2449.3	470.9	2356.3	5		490	2409	3169	21.3223	1	Dave	187.8657
AE	1	MATTHEWS	823.8	2212.4	3070.0	66.5	96.2	269.8	188.044	188.021	188.091	0.07	33	3	3	1	2	1			819.6	2232.2	824.2	2205.7	824.8	2165.1	826.8	2022.3	844.2	2033.2	5		830	2228	3075	3.14121	1	Matthews	188.0438
AE	1	BAND	787.4	2202.4	2994.1	276.2	312.2	300.1	188.387	188.34	188.48	0.14	33	4	4	2	1	3			729.7	2112.0	793.0	2209.9	812.9	2155.4	834.9	2028.6	822.7	1909.4	5		750	2204	3020	3.44213	1	band	188.3999
AA	1	NOT	978.9	1599.7	1984.7	249.2	345.8	384.8	195.418	195.318	195.619	0.301	5	1	4	1	4	0			1016.5	1611.2	976.1	1598.8	946.1	1612.1	910.2	1666.6	899.2	1765.0	6		1127	1797	3124	5.1414	1	not	195.4113
AE	1	HAVE	869.9	2218.3	3099.3	172.3	137.4	173.5	197.604	197.587	197.638	0.051	3	3	2	2	0	0			873.3	2242.6	868.7	2212.4	857.1	2168.0	819.2	2075.4	736.2	1967.3	4		877	2224	3101	3.322	1	have	197.6022
AO	1	MALL	926.2	1221.6	1828.8	134.4	87.6	1416.6	198.048	198.008	198.127	0.119	53	5	4	2	2	0			901.2	1212.1	929.6	1224.1	943.9	1255.0	929.8	1306.1	896.4	1317.0	6		978	1263	3284	53.5422	1	mall	198.058
AO	1	NORWICH	702.7	1327.6	2275.1	106.6	188.6	242.5	199.942	199.922	199.981	0.059	64	6	4	2	4	1			692.0	1390.4	704.2	1321.7	715.4	1282.9	729.3	1268.0	742.9	1276.5	6		722	1263	2177	54.60041	1	Norwich	199.9583
AO	1	MALL	893.4	1335.8	3077.2	106.9	107.2	262.7	201.009	200.982	201.062	0.08	53	5	4	2	2	0			877.8	1317.7	894.7	1337.2	903.1	1353.3	903.1	1364.3	903.9	1367.8	5		898	1362	2709	53.5422	1	mall	201.0437
AO	1	FORTY	593.4	1120.6	2235.6	102.1	99.9	293.9	201.468	201.451	201.501	0.05	64	6	4	2	1	4			582.8	1118.1	593.4	1120.6	615.2	1139.6	627.8	1190.6	630.1	1228.5	6		627	1151	2213	54.60011	1	forty	201.4811
AE	1	AND	759.6	2438.4	3025.1	168.3	102.6	305.0	202.735	202.642	202.922	0.28	3	4	4	2	0	3			714.1	2512.9	774.9	2418.4	875.8	2150.7	886.8	1947.0	866.8	1928.1	5		726	2482	3030	3.44203	1	and	202.7118
OW	1	GOES	602.8	1332.4	2452.4	122.8	334.0	686.6	203.671	203.661	203.712	0.051	62	3	4	2	6	0			602.8	1332.4	608.2	1329.1	605.9	1314.2	576.9	1294.4	559.3	1314.5	6		608	1321	2351	62.0026	1	goes	203.6905
AA	1	COLLEGE	897.0	1782.3	2198.0	119.7	222.1	1866.0	203.895	203.851	203.982	0.131	5	5	4	2	6	1			891.1	1824.8	897.5	1781.6	921.3	1755.5	938.8	1707.1	928.3	1666.8	5		944	1692	2853	5.54201	1	college	203.9554
AO	1	LACROSSE	850.8	1533.0	2145.2	85.0	283.1	1063.3	206.863	206.846	206.896	0.05	53	3	4	1	8	0			853.0	1532.3	850.8	1533.0	844.7	1542.7	831.1	1552.5	821.3	1564.9	6		899	1659	2600	53.3428	1	(la)crosse	206.8586
AH	1	BUNCH	857.4	1468.1	2818.8	160.9	259.5	214.1	211.137	211.117	211.177	0.06	6	4	4	2	1	3			836.5	1408.0	859.7	1476.5	869.4	1556.8	865.7	1642.4	841.1	1724.7	4		875	1593	2756	6.2511	1	bunch	211.1534
AY	1	TIMES	918.9	2061.1	3043.6	164.7	88.0	389.2	211.431	211.376	211.486	0.11	41	4	1	2	3	3		m	901.7	1942.0	910.2	1962.8	918.9	2061.1	908.0	2136.9	867.2	2142.7	4		908	1959	3003	41.4123	1	times	211.4155
AE	1	ACTUALLY	664.0	1909.3	2963.5	134.1	191.2	204.1	211.623	211.586	211.697	0.111	3	1	6	1	0	4			635.1	1845.9	670.2	1919.0	739.3	1965.8	769.4	2000.9	743.7	2028.5	4		760	1953	2873	3.16105	1	actually	211.6491
AH	1	UNCLE	910.7	1397.8	1923.0	123.4	87.4	721.1	212.695	212.672	212.742	0.07	6	4	6	2	0	4			921.0	1393.7	907.5	1402.3	894.2	1443.7	875.3	1506.6	865.8	1558.4	6		1006	1424	3090	6.44204	1	uncle	212.6876
AE	1	AUNT	825.4	2322.6	3010.9	76.5	128.6	815.9	213.065	213.012	213.171	0.159	33	4	4	2	0	3			807.6	2484.5	827.8	2297.2	845.7	2098.0	884.0	1981.0	903.9	1928.6	5		815	2561	3120	3.44203	1	aunt	213.0323
AW	1	ABOUT	801.9	1511.8	2615.2	71.6	154.6	324.3	213.899	213.871	214.081	0.21	42	1	4	1	1	0			832.8	1535.3	835.7	1488.2	801.5	1396.5	744.2	1267.9	668.8	1074.6	5		859	1538	2718	42.1411	1	(a)bout	213.9312
AY	1	TIMES	864.8	2037.6	3071.2	110.1	204.1	350.2	215.09	215.084	215.173	0.089	41	4	1	2	3	3		s	862.0	2034.3	849.1	2063.9	838.2	2147.1	824.2	2220.0	811.8	2218.3	5		853	2071	3010	41.4123	1	times	215.115
AO	1	SMALLER	893.6	1326.0	3102.1	171.0	123.5	1144.2	216.215	216.191	216.262	0.071	53	5	4	2	2	1			865.3	1300.3	895.5	1328.7	907.0	1350.4	906.7	1362.5	894.2	1355.9	5		894	1357	3414	53.54201	1	smaller	216.2432
AY	1	SIGHTSEE	754.1	1879.0	2937.9	112.9	153.9	288.9	217.357	217.326	217.426	0.1	47	1	4	1	3	4			739.7	1733.2	750.1	1938.2	674.8	2155.4	624.2	2292.7	676.9	2387.4	5		786	1976	2991	47.14134	1	sightsee	217.3614
IY	1	SIGHTSEE	579.7	2537.5	3148.7	392.5	330.5	479.1	217.612	217.565	217.705	0.14	12	0	0	0	3	0			611.8	2333.2	591.9	2549.4	679.2	2641.2	696.5	2640.3	674.7	2615.1	4		638	2405	3005	12.0003	1	(sight)see	217.595
OW	1	NO	856.3	1784.0	2150.4	88.1	194.0	1236.5	225.088	225.075	225.196	0.121	63	0	0	0	4	0			875.5	1708.7	875.2	1573.4	869.2	1506.7	858.8	1454.9	847.2	1401.1	6		907	1698	3024	62.0004	1	no	225.1093
AA	1	CHICAGO	959.0	1784.7	2687.2	120.6	143.6	174.4	225.428	225.405	225.475	0.07	43	1	6	2	6	1			963.0	1748.0	954.8	1793.3	913.8	1828.3	839.0	1846.5	751.4	1841.3	5		970	1741	2692	43.16201	1	(Chi)cago	225.4169
EH	1	AIRPORT	655.6	2116.6	2467.6	69.3	140.7	188.4	226.616	226.586	226.675	0.089	24	6	4	2	0	4			644.3	2231.0	657.0	2108.5	668.4	1989.5	666.2	1882.5	654.2	1761.8	5		637	2492	2897	24.60001	1	airport	226.5694
AO	2	AIRPORT	654.7	1039.6	2295.3	132.0	125.3	131.9	226.812	226.785	226.866	0.081	64	6	4	2	1	3			671.7	1020.3	653.2	1042.0	655.9	1090.5	670.6	1171.2	688.2	1255.7	5		636	1047	2252	64.6001	1	(air)port	226.8201
AY	1	TYPE	749.9	1940.2	3087.2	250.6	410.2	414.6	227.778	227.777	227.857	0.08	47	1	1	1	3	0		s	724.5	1924.8	695.3	2012.4	649.6	2073.0	603.4	2134.1	582.3	2157.5	4		694	1951	2944	47.1113	1	type	227.8016
AH	1	NOTHING	892.7	1651.5	1944.4	155.6	163.0	674.5	228.449	228.426	228.496	0.07	6	3	3	1	4	1			886.3	1680.7	894.0	1645.2	903.0	1616.9	896.5	1596.7	866.3	1570.0	6		1007	1697	3218	6.3314	1	nothing	228.454
OW	1	NO	910.0	1834.0	1996.9	125.8	252.0	689.3	228.854	228.837	228.906	0.069	63	0	0	0	4	0			902.4	1857.3	921.0	1775.1	933.0	1691.7	938.7	1649.8	937.3	1606.8	6		991	1689	2860	62.0004	1	no	228.8828
AE	1	THAT	857.9	1886.2	3071.6	85.1	117.0	205.0	231.557	231.507	231.657	0.15	3	1	4	1	3	0			818.6	1861.7	862.3	1885.8	874.2	1877.1	872.0	1863.4	862.8	1808.2	4		850	1882	3088	3.1413	1	that	231.5523
AE	1	FAMILY	682.9	2364.0	2877.4	86.5	210.2	693.6	236.554	236.521	236.62	0.099	39	4	1	2	1	1			627.8	2278.9	687.6	2369.7	719.5	2388.6	774.5	2348.2	808.1	2188.9	5		766	2414	3085	3.41212	1	family	236.5794
AH	1	MONTH	871.8	1360.8	1713.3	129.7	149.7	1371.6	239.371	239.351	239.411	0.06	6	4	4	2	2	3			862.5	1330.5	873.2	1365.0	882.2	1404.0	869.6	1422.5	827.7	1426.1	6		911	1414	3323	6.44223	1	month	239.3771
AE	2	ADIRONDACKS	828.9	2212.1	2744.1	79.4	165.2	1116.2	250.226	250.209	250.26	0.051	3	1	4	2	0	2			821.1	2252.7	830.9	2202.2	841.7	2137.5	841.8	2065.8	839.0	2005.1	6		809	2299	3081	3.14202	1	Adirondacks	250.219
AA	1	ADIRONDACKS	877.2	1793.2	2534.4	59.6	165.8	205.1	250.389	250.359	250.449	0.09	5	4	4	2	7	4			873.1	1779.1	877.3	1794.7	877.0	1834.0	872.8	1889.5	857.8	1932.5	5		899	1892	2654	5.44274	1	(Adi)rondacks	250.3927
AH	1	STUFF	759.8	1680.0	3158.7	97.4	196.5	168.6	250.899	250.879	250.94	0.061	6	3	2	1	3	0			739.2	1690.6	761.5	1679.1	771.5	1653.6	735.0	1643.5	702.3	1667.0	4		747	1657	3127	6.3213	1	stuff	250.897
AE	1	THAT	814.9	2033.6	3148.5	97.1	200.5	166.4	251.223	251.18	251.309	0.129	3	1	4	1	3	0			788.2	2027.4	817.3	2033.7	835.7	2019.6	841.2	2008.7	845.6	2042.5	4		807	2016	3145	3.1413	1	that	251.2232
AH	1	UP	889.9	1568.0	3099.0	177.8	159.8	316.5	251.911	251.888	251.958	0.07	6	1	1	1	0	0			976.8	1567.9	875.9	1576.2	852.2	1592.9	822.5	1551.4	813.1	1509.1	5		837	1599	3068	6.111	1	up	251.9184
AO	1	NORTH	776.9	1367.6	2014.5	122.8	171.1	2373.9	252.108	252.088	252.148	0.06	64	6	4	2	4	3			758.6	1414.2	778.8	1363.1	788.3	1325.0	791.6	1303.5	790.8	1302.6	6		806	1314	2314	54.6004	1	north	252.1321
AE	2	ADIRONDACKY	822.9	2225.3	3055.2	87.9	119.4	216.2	256.156	256.126	256.216	0.09	3	1	4	2	0	2			817.3	2289.1	823.4	2214.4	825.4	2129.8	820.4	2049.0	798.5	1998.7	4		806	2273	2987	3.14202	1	Adirondacky	256.1392
AA	1	ADIRONDACKY	896.1	1760.5	2082.9	113.9	152.5	1807.9	256.34	256.307	256.406	0.099	5	4	4	2	7	5			888.0	1763.9	895.5	1761.5	881.4	1778.3	853.5	1812.8	816.2	1833.4	6		969	1813	2835	5.44275	1	(Adi)rondacky	256.3472
AY	1	TYPE	709.6	1958.0	2895.8	238.3	211.1	557.7	256.805	256.796	256.916	0.12	47	1	1	1	3	0		s	689.5	1912.1	677.3	2003.4	646.8	2116.0	620.6	2206.6	598.1	2168.3	5		685	2014	2991	47.1113	1	type	256.84
ER	1	PERSON	605.9	1755.3	2080.1	110.9	209.6	183.4	257.036	257.006	257.097	0.091	94	3	4	1	1	1			601.2	1725.4	606.7	1762.5	612.8	1827.1	615.7	1895.9	606.3	1907.9	5		628	1873	2122	94.60011	1	person	257.0438
OW	1	GOES	612.5	1282.5	2587.7	90.4	224.3	164.7	261.663	261.641	261.731	0.09	62	3	4	2	6	0			605.4	1285.3	624.7	1297.1	640.3	1337.4	648.1	1379.9	638.4	1470.9	5		647	1336	2752	62.0026	1	goes	261.672
EH	1	FRIENDS	850.7	1833.9	2441.2	59.7	159.0	320.8	262.461	262.441	262.501	0.06	2	4	4	2	8	3			845.1	1803.6	850.9	1837.7	849.0	1862.9	842.8	1876.7	834.0	1881.5	5		853	1913	2879	2.44283	1	friends	262.4811
OW	1	SNOWBOARD	727.2	1605.9	2141.9	108.5	218.7	1674.3	263.205	263.192	263.342	0.15	62	1	1	2	4	1			740.6	1417.7	710.3	1210.2	658.5	1096.6	631.1	1052.6	602.9	966.3	6		791	1337	2831	62.11201	1	snowboard	263.2346
AO	2	SNOWBOARD	606.2	912.2	2406.3	117.4	122.1	265.9	263.452	263.402	263.551	0.149	64	6	4	2	1	3			569.5	839.9	608.3	922.1	607.0	998.8	607.6	1034.4	612.7	1127.7	6		617	897	2455	64.6001	1	(snow)board	263.4483
AH	1	STUFF	698.7	1597.2	2941.3	127.2	290.2	257.5	263.965	263.942	264.012	0.07	6	3	2	1	3	0			692.6	1507.5	700.0	1606.2	722.6	1654.4	755.4	1649.0	778.9	1616.6	5		765	1657	3041	6.3213	1	stuff	263.9896
AE	1	THAT	821.0	1858.6	3008.6	68.9	125.1	176.2	264.295	264.262	264.362	0.1	3	1	4	1	3	0			790.5	1880.1	823.9	1855.5	840.3	1843.2	849.4	1832.0	854.0	1828.1	4		845	1826	3000	3.1413	1	that	264.3229
AH	1	PUBLIC	861.4	1399.2	2918.5	96.3	154.6	316.3	272.636	272.616	272.676	0.06	6	1	1	2	1	1			893.9	1454.1	857.0	1394.9	816.7	1364.6	770.3	1302.9	742.3	1295.0	5		841	1403	2936	6.11214	1	public	272.642
UW	1	POOL	487.1	878.9	2217.8	74.7	440.8	679.4	273.88	273.827	273.986	0.159	72	5	4	2	1	0			487.3	921.9	487.8	878.4	487.6	901.9	505.2	888.0	564.5	887.3	6		502	913	2486	72.5421	1	pool	273.8828
AA	1	PARKS	888.8	1418.1	2481.3	63.5	117.8	137.4	275.247	275.223	275.294	0.071	44	6	4	2	1	3			893.3	1400.2	888.7	1420.2	884.4	1446.3	877.3	1474.0	868.1	1492.5	5		883	1449	2429	44.60013	1	parks	275.2603
AE	1	BASKETBALL	649.9	2374.5	2892.3	94.7	146.0	216.7	277.052	277.015	277.125	0.11	39	3	4	1	1	5			629.9	2326.1	651.4	2374.4	704.3	2334.6	766.6	2244.9	778.6	2096.4	5		660	2367	2916	3.34212	1	basketball	277.0594
AO	2	BASKETBALL	858.5	1233.3	2193.2	125.0	205.2	2315.4	277.429	277.365	277.556	0.191	53	5	4	2	1	0			821.9	1233.7	859.8	1228.2	859.7	1203.5	832.4	1191.2	806.8	1191.9	6		910	1269	3076	53.5421	1	(basket)ball	277.4554
EY	1	GAMES	759.8	2690.4	3208.2	203.0	282.3	502.7	278.05	277.965	278.306	0.341	21	4	1	2	6	3			708.7	2650.9	707.6	2764.7	680.4	2831.1	626.4	2648.6	612.1	2821.1	4		717	2655	3105	21.4126	1	games	278.0381
AW	1	OUTSIDE	996.3	1679.0	2181.9	90.2	104.2	1966.5	279.717	279.709	279.829	0.12	42	1	4	1	0	4			991.1	1632.3	929.7	1528.4	869.4	1494.9	831.7	1474.4	740.7	1459.7	6		1058	1707	2880	42.14104	1	outside	279.7318
AY	1	OUTSIDE	820.8	1977.9	3033.6	102.7	229.4	133.7	279.971	279.939	280.038	0.099	41	1	4	2	3	0		s	794.9	1865.5	818.3	2011.4	772.9	2086.3	671.8	2113.7	594.8	2064.4	4		813	2010	3020	41.1423	1	(out)side	279.9768
IY	1	PEOPLE	527.7	2644.7	4190.0	117.1	177.9	1339.5	280.548	280.528	280.588	0.06	11	1	1	1	1	1			520.4	2680.4	528.0	2638.6	507.1	2575.2					3		514	2632	3058	11.11111	1	people	280.538
OW	1	DON'T	743.7	1235.7	2689.6	89.8	205.8	194.3	280.951	280.909	281.169	0.26	62	4	4	2	3	0			779.6	1206.6	817.3	1145.0	810.6	1169.8	847.3	1172.5	831.1	1232.5	5		830	1187	2766	62.44233	1	don't	280.9853
AA	1	NOT	857.9	1649.0	1872.5	81.5	289.2	561.4	282.328	282.292	282.401	0.109	5	1	4	1	4	0			837.9	1575.2	861.1	1638.2	900.6	1610.2	918.5	1609.1	878.3	1623.2	6		1009	1703	3224	5.1414	1	not	282.3571
EH	1	VERY	621.7	1938.2	2423.2	58.8	184.1	242.6	282.524	282.481	282.611	0.13	2	6	4	2	1	1			619.5	1951.8	622.1	1936.6	620.6	1918.0	617.0	1900.8	618.9	1869.9	5		631	2017	2582	2.60011	1	very	282.5096
AA	1	ECONOMY	998.1	1802.1	3115.8	220.7	178.2	499.1	284.186	284.133	284.293	0.16	5	4	4	2	6	2			950.0	1819.2	999.0	1799.1	1006.9	1780.6	881.3	1711.4	775.4	1713.1	4		961	1745	2920	5.44202	1	(e)conomy	284.2033
AY	1	HIGH	983.2	1854.7	2773.7	167.3	157.7	265.5	285.493	285.486	285.607	0.121	41	0	0	0	0	0			934.6	1983.8	864.8	2138.8	805.1	2265.5	777.7	2375.8	716.7	2486.6	5		970	1899	2783	41.	1	high	285.501
AA	1	ECONOMY	950.6	1864.6	2886.7	144.4	159.3	237.5	285.74	285.707	285.807	0.1	5	4	4	2	6	2			917.5	1924.9	955.0	1857.8	974.5	1824.1	972.3	1809.0	944.7	1776.1	5		987	1824	3006	5.44202	1	(e)conomy	285.7631
IY	1	FREE	466.8	2530.9	2919.8	231.6	121.2	554.9	286.606	286.566	286.686	0.12	12	0	0	0	8	0							824.4	2961.0	1102.9	3081.4	2046.8	3382.3	4		462	2427	2635	12.0008	1	free	286.5922
AW	1	OUTDOOR	955.5	1800.2	3164.1	187.1	189.8	369.8	287.111	287.096	287.217	0.121	42	1	4	1	0	4			999.8	1774.2	986.1	1690.4	892.5	1538.0	808.0	1418.2	717.5	1374.8	4		976	1699	2922	42.14104	1	outdoor	287.1264
AO	2	OUTDOOR	609.4	1279.5	2380.0	72.9	215.4	159.0	287.319	287.296	287.366	0.07	64	6	4	2	3	0			605.8	1403.3	609.6	1269.8	612.5	1210.0	616.2	1224.8	627.4	1313.1	5		667	1295	2453	64.6003	1	(out)door	287.3457
EY	1	PLAY	795.2	1745.1	3075.3	103.0	255.0	469.8	288.336	288.317	288.617	0.3	22	0	0	0	8	0			758.5	2029.1	697.4	2190.6	623.8	2362.5	591.1	2485.0	596.5	2410.2	5		796	1990	3108	22.0008	1	play	288.3596
EH	1	FRIENDS	882.9	1830.6	2428.2	129.9	258.1	334.2	289.429	289.412	289.462	0.05	2	4	4	2	8	3			872.3	1802.6	882.9	1830.6	893.4	1868.1	894.3	1899.5	886.0	1918.5	5		885	1913	2676	2.44283	1	friends	289.4469
AY	1	TYPE	788.6	1729.7	3034.2	464.0	567.0	422.2	289.649	289.661	289.721	0.06	47	1	1	1	3	0			660.6	1972.2	626.3	2037.0	612.9	2082.0	613.2	2033.6	626.6	1849.6	5		679	1985	3048	47.1113	1	type	289.6719
AY	1	I	966.8	1712.3	2108.0	84.3	126.6	1239.2	298.437	298.408	298.538	0.13	41	0	0	0	0	0			966.6	1701.3	957.1	1784.3	907.4	1865.1	840.4	2026.7	695.5	1955.7	6		1005	1743	2659	41.0006	1	I	298.4383
ER	1	PERSONALLY	616.0	1512.3	1837.7	145.1	228.8	421.9	298.618	298.588	298.678	0.09	94	3	4	1	1	5			609.7	1467.5	616.7	1517.6	619.3	1634.3	605.9	1736.0	570.7	1827.4	5		634	1771	2031	94.60012	1	personally	298.6406
OW	1	SO	661.6	1509.9	1875.6	78.2	223.2	1371.8	299.176	299.157	299.267	0.11	63	0	0	0	3	0			671.4	1499.9	703.6	1425.9	677.7	1282.3	629.6	1185.4	578.5	1095.5	6		733	1479	2823	62.0003	1	so	299.1976
IY	1	STREET	519.7	2317.7	2689.5	143.5	207.3	246.8	300.541	300.521	300.581	0.06	11	1	4	1	8	0			518.0	2262.3	520.1	2322.9	526.8	2358.2	531.7	2368.8	537.8	2362.1	5		530	2377	2729	11.1418	1	street	300.5409
AA	1	BARS	829.4	1367.4	1556.1	76.7	126.4	1898.9	300.991	300.941	301.092	0.151	44	6	4	2	1	3			748.2	1249.8	835.5	1381.4	847.9	1414.3	846.1	1436.3	834.2	1516.8	6		865	1422	2664	44.6001	1	bars	301.0053
AW	1	ABOUT	805.6	1516.2	1973.0	78.8	185.9	1387.0	302.433	302.404	302.544	0.14	42	1	4	1	1	0			801.0	1519.9	836.1	1493.7	829.5	1477.6	799.2	1414.5	793.3	1383.9	6		889	1563	2805	42.1411	1	(a)bout	302.4568
OW	1	OLDER	679.2	1010.8	2824.4	198.5	239.7	314.7	303.907	303.9	303.989	0.089	62	5	4	2	0	4			659.7	1037.8	626.5	1043.4	618.2	1050.2	621.3	1087.7	617.3	1045.9	5		619	1051	2785	62.54204	1	older	303.9312
IH	1	KIDS	712.7	2269.6	3023.5	152.7	167.6	305.9	306.34	306.307	306.407	0.1	1	1	4	2	6	3			695.0	2338.1	712.2	2264.9	711.1	2265.1	679.8	2213.0	609.9	2124.1	4		719	2279	3074	1.1426	1	kids	306.3543
OW	1	NO	883.2	1561.4	1967.3	101.5	173.8	818.8	306.587	306.566	306.747	0.181	63	0	0	0	4	0			921.4	1483.9	901.4	1409.0	855.5	1313.8	826.0	1195.4	799.1	1050.6	6		997	1530	2981	62.0004	1	no	306.6064
OY	1	BOYS	564.5	1114.0	2360.2	133.4	84.4	2348.4	309.025	308.995	309.086	0.091	61	3	4	2	1	0			546.8	1035.8	566.2	1133.4	571.7	1326.1	560.8	1472.5	542.3	1289.1	6		573	1044	2679	61.0021	1	boys	309.0095
ER	1	GIRLS	611.4	1658.4	2116.5	54.7	189.7	160.7	309.282	309.265	309.316	0.051	94	5	4	2	6	3			606.4	1668.1	612.5	1655.3	621.6	1631.2	637.1	1600.1	650.8	1577.5	5		619	1631	2147	94.60053	1	girls	309.2887
IH	1	DIFFERENT	655.9	2145.5	2927.7	119.8	234.2	1104.2	312.389	312.372	312.422	0.05	1	3	2	1	3	1			694.1	2190.4	655.9	2145.5	619.1	2076.5	630.9	2037.3	637.3	2017.5	5		638	2006	2822	1.32132	1	different	312.4112
EY	1	SAY	711.0	1882.3	2822.6	86.3	159.7	141.6	313.3	313.261	313.462	0.201	22	0	0	0	3	0			710.9	1886.0	703.8	2011.1	673.2	2124.4	631.0	2257.4	618.4	2388.9	4		710	1877	2801	22.0003	1	say	313.3044
AA	1	PROCTOR	888.9	1619.3	2489.1	82.9	217.6	195.7	320.228	320.211	320.262	0.051	5	1	6	1	8	4			884.2	1608.7	889.5	1622.6	888.2	1654.1	871.6	1719.0	847.2	1782.7	5		889	1605	2505	5.16184	1	Proctor	320.2261
UH	1	FOOTBALL	661.5	1332.8	2645.1	106.1	149.4	107.8	320.521	320.501	320.561	0.06	7	1	4	1	1	4			682.8	1382.0	657.3	1325.9	613.4	1261.7	569.9	1250.8	537.7	1486.1	5		695	1418	2623	7.14114	1	football	320.5081
AO	2	FOOTBALL	872.3	1292.3	2769.8	88.4	190.6	196.5	320.768	320.651	321.001	0.35	53	5	4	2	1	0			856.0	1281.7	873.3	1295.8	864.7	1298.7	863.8	1298.2	836.1	1291.7	5		877	1309	2795	53.5421	1	(foot)ball	320.793
AE	1	BASKETBALL	651.1	2220.9	2946.0	59.9	144.9	215.3	321.215	321.172	321.301	0.129	39	3	4	1	1	5			651.7	2156.0	653.1	2220.0	705.8	2156.2	757.2	2044.7	772.0	1964.1	4		657	2212	2934	3.34212	1	basketball	321.2232
AO	2	BASKETBALL	807.7	1438.7	2706.8	84.9	129.6	151.0	321.571	321.531	321.652	0.121	53	5	4	2	1	0			779.7	1380.3	809.9	1442.9	824.6	1458.5	829.3	1431.3	824.6	1392.4	5		861	1501	2855	53.5421	1	(basket)ball	321.5979
AE	1	BASKETBALL	713.6	2109.9	2951.5	96.8	141.2	233.7	321.798	321.751	321.892	0.141	39	3	4	1	1	5			709.2	2007.3	715.5	2109.3	741.0	2097.7	771.0	2019.7	774.3	1927.3	4		726	2076	2870	3.34212	1	basketball	321.8172
AA	1	POPULAR	936.8	1544.7	2626.1	49.0	280.3	355.1	323.202	323.162	323.282	0.12	5	1	1	1	1	2			931.6	1542.1	936.3	1547.3	923.8	1560.9	888.2	1579.0	778.6	1650.0	5		951	1637	2752	5.11112	1	popular	323.2061
EH	1	SECTIONALS	777.6	1698.3	3032.1	71.8	128.2	209.1	323.885	323.861	323.932	0.071	2	1	6	1	3	5			733.9	1654.2	781.3	1703.4	804.3	1762.5	792.0	1839.3	746.7	1925.9	5		833	1835	3037	2.16135	1	sectionals	323.9013
IH	1	BIG	646.5	2199.7	2937.1	90.2	99.5	208.9	326.199	326.179	326.239	0.06	1	1	6	2	1	0			651.3	2158.6	645.4	2205.3	636.4	2263.4	630.4	2343.3	624.1	2413.0	4		627	2266	2872	1.1621	1	big	326.2147
EY	1	BASEBALL	626.1	2525.6	3090.3	113.1	126.4	285.4	327.046	327.034	327.144	0.11	21	3	4	1	1	4			612.8	2596.7	569.2	2663.2	524.2	2666.6	520.9	2561.4	548.1	2400.2	4		619	2513	3017	21.34212	1	baseball	327.0466
UH	1	FOOTBALL	646.9	1180.7	1851.2	103.0	189.9	1388.3	328.819	328.802	328.852	0.05	7	1	4	1	1	4			652.4	1193.1	646.9	1180.7	621.2	1155.9	589.0	1141.4	536.7	1181.5	6		699	1261	2877	7.14114	1	football	328.8172
EY	1	BASEBALL	562.6	2168.8	2936.3	77.5	171.1	312.9	329.164	329.152	329.232	0.08	21	3	4	1	1	4			556.1	2215.7	550.8	2346.1	548.5	2404.7	544.0	2417.8	531.2	2350.2	4		549	2270	2863	21.34212	1	baseball	329.1748
AY	1	HIGHSCHOOL	935.1	1933.7	2883.8	246.4	291.4	1195.7	331.305	331.293	331.393	0.1	47	3	4	1	0	4			915.9	1958.5	850.4	2061.3	779.8	2194.1	674.0	2237.2	602.9	2153.6	4		859	2018	2816	47.34201	1	highschool	331.3244
IH	1	HERE	798.4	2382.9	2850.8	197.3	350.6	287.5	336.559	336.539	336.599	0.06	14	6	4	2	0	0			787.2	2186.2	798.6	2378.6	784.2	2328.4	791.1	2270.9	803.3	2233.7	5		739	2294	2768	14.6	1	here	336.5665
EH	1	EXCEPT	724.7	1746.8	2596.3	130.9	176.7	921.9	337.576	337.552	337.623	0.071	2	1	1	1	3	3			696.5	1793.0	726.6	1743.5	730.4	1699.5	691.7	1609.7	583.1	1547.0	5		743	1751	2646	2.11133	1	(ex)cept	337.5808
AA	1	FOLLOW	853.4	1395.1	2827.0	80.1	146.5	173.4	338.574	338.547	338.627	0.08	5	5	4	2	1	1			815.9	1359.3	856.4	1399.2	876.9	1448.1	881.8	1471.0	882.9	1459.5	5		888	1494	2956	5.54211	1	follow	338.5964
AA	1	COLLEGE	1011.4	1620.3	2543.0	94.7	163.3	1933.1	342.31	342.283	342.363	0.08	5	5	4	2	6	1			997.6	1568.0	1011.5	1622.1	1001.6	1637.9	974.1	1626.5	940.1	1592.8	5		1014	1644	2930	5.54201	1	college	342.3201
AA	1	MOM	946.5	1528.9	1811.8	239.9	241.8	315.4	358.531	358.491	358.611	0.12	5	4	1	2	2	0			924.9	1519.6	949.4	1533.3	954.6	1550.1	942.9	1546.2	950.4	1515.5	6		1129	1669	3215	5.4122	1	mom	358.5494
UW	1	TOO	542.0	2019.5	2804.9	115.0	185.1	215.8	359.617	359.61	359.75	0.14	73	0	0	0	3	0			574.3	1975.9	580.8	1865.3	588.1	1781.6	587.2	1706.5	586.8	1740.4	5		593	2019	2777	73.0003	1	too	359.642
UW	1	KNEW	641.4	1839.8	2815.9	79.8	221.5	134.6	360.209	360.169	360.289	0.12	82	0	0	0	4	0			633.2	1989.7	642.4	1815.9	645.9	1579.1	641.5	1340.7	641.3	1248.6	5		628	2007	2796	82.0004	1	knew	360.1919
EH	1	ANY	890.9	1961.1	2729.5	78.4	89.6	2782.8	363.956	363.936	363.996	0.06	2	4	4	2	0	1			888.3	1951.7	890.4	1961.6	881.2	1957.2	866.9	1942.2	850.6	1934.2	5		894	1967	3186	2.44201	1	any	363.9597
AY	1	I	944.9	1946.9	3059.8	91.1	188.9	317.8	366.255	366.213	366.333	0.12	41	0	0	0	0	0			927.3	1848.2	944.9	1946.9	929.7	2082.3	872.1	2183.5	811.9	2308.0	4		933	1872	2952	41.0006	1	I	366.2517
AE	1	HAD	837.7	2079.5	2987.8	70.9	153.6	353.2	366.44	366.414	366.493	0.079	3	1	4	2	0	0			852.7	2086.9	833.1	2079.2	802.0	2085.9	758.0	2112.8	688.1	2112.1	4		856	2068	2892	3.142	1	had	366.4283
IY	1	DEAL	503.3	2421.6	3074.5	123.0	225.5	208.8	366.96	366.934	367.013	0.079	11	5	4	2	3	0			465.9	2477.7	512.8	2408.7	561.1	2331.9	589.5	2230.8	603.1	2096.3	4		515	2411	3068	11.5423	1	deal	366.9625
IY	1	SEEN	510.6	2627.9	3104.6	120.4	172.0	335.4	368.463	368.416	368.556	0.14	11	4	4	2	3	0			678.3	2418.2	511.5	2650.7	521.8	2791.2	537.2	2921.6	568.9	2867.8	4		515	2798	3216	11.4423	1	seen	368.4768
AH	1	OTHER	818.9	1485.8	2800.3	99.0	253.4	100.5	368.925	368.885	369.005	0.12	6	3	3	2	0	1			781.7	1553.6	822.6	1488.2	848.2	1478.8	818.1	1490.7	738.3	1536.5	4		837	1430	2816	6.33101	1	other	368.9469
IY	1	ME	587.6	2710.9	3414.1	90.5	145.8	345.1	369.929	369.885	370.016	0.131	12	0	0	0	2	0			581.7	2672.8	587.7	2709.9	575.9	2720.2	552.3	2695.3	535.5	2432.4	4		588	2719	3459	12.0002	1	me	369.9341
ER	1	PERSONALLY	647.8	1708.3	1973.3	91.6	224.3	254.2	370.098	370.065	370.165	0.1	94	3	4	1	1	2			651.0	1664.8	647.9	1718.6	657.4	1825.0	646.0	1866.5	613.2	1825.7	6		658	1919	2306	94.60012	1	personally	370.1278
OW	1	OVER	634.4	1014.2	2675.4	111.8	103.4	202.7	378.224	378.212	378.262	0.05	62	3	2	2	0	1			634.4	1014.2	636.3	1006.5	637.9	980.5	629.5	947.3	622.0	919.8	5		638	987	2632	62.32201	1	over	378.2289
OW	1	OVER	657.5	1164.2	2169.1	157.5	294.8	62.6	380.256	380.23	380.33	0.1	62	3	2	2	0	1			660.5	1301.2	652.1	1050.2	648.5	1087.2	642.9	1092.3	613.7	1072.6	6		671	1118	2191	62.32201	1	over	380.2916
EH	1	SAID	767.1	1897.3	2917.1	83.1	266.7	192.4	380.837	380.81	380.89	0.08	2	1	4	2	3	0			702.5	1854.3	772.3	1900.4	809.0	1935.8	791.9	1959.0	719.0	1963.1	4		803	1905	2931	2.1423	1	said	380.8557
EH	1	FRIEND	903.1	1857.1	2558.7	122.0	138.4	489.7	381.347	381.281	381.48	0.199	2	4	4	2	8	3			885.6	1848.2	903.7	1858.2	890.6	1871.4	884.5	1869.0	846.1	1927.6	5		912	1893	2868	2.44283	1	friend	381.3771
AO	1	CALLED	826.2	1204.8	2729.9	108.7	164.9	365.1	383.584	383.544	383.663	0.119	53	5	4	2	6	3			823.6	1235.8	825.6	1200.3	815.3	1170.1	802.1	1175.5	768.3	1218.6	5		868	1186	2897	53.542	1	called	383.5993
AH	1	MOTHER	862.0	1274.9	2951.1	67.3	103.4	265.8	383.946	383.913	384.013	0.1	6	3	3	2	2	1			856.8	1242.4	861.5	1282.4	842.8	1354.8	782.1	1433.8	737.8	1523.2	5		889	1267	3089	6.33121	1	mother	383.9355
OY	1	BOYFRIEND	591.3	1029.4	2552.9	62.4	125.5	232.1	384.99	384.934	385.103	0.169	61	3	2	1	1	1			596.1	975.3	592.0	1049.8	602.6	1336.5	560.1	1909.5	555.7	2297.1	5		587	954	2504	61.32114	1	boyfriend	384.9682
EH	1	NEVER	844.9	1878.5	2940.0	90.5	146.8	280.8	388.908	388.885	388.955	0.07	2	3	2	2	4	1			828.1	1897.8	846.0	1876.9	843.3	1861.9	828.6	1836.4	806.3	1806.6	4		836	1820	2807	2.32241	1	never	388.9169
IY	1	EVEN	725.1	2745.8	3316.9	122.5	105.2	2624.0	398.876	398.829	398.969	0.14	11	3	2	2	0	1			770.0	2590.9	718.3	2744.5	670.7	2689.0	656.5	2399.6	596.1	1970.8	4		725	2737	3696	11.32201	1	even	398.8813
AH	1	UPROARS	874.4	1384.6	2763.3	179.9	117.4	136.0	400.944	400.907	401.018	0.111	6	1	1	1	0	1			860.9	1601.6	879.8	1389.4	910.8	1404.0	899.6	1389.7	843.8	1337.4	5		954	1455	2827	6.11104	1	uproars	400.9725
AO	2	UPROARS	582.8	998.3	1945.0	77.8	60.0	193.6	401.144	401.127	401.177	0.05	64	6	4	2	8	3			575.0	992.2	582.8	998.3	593.2	1023.1	599.0	1063.7	600.8	1102.7	6		613	1084	1951	64.6007	1	(up)roars	401.1605
AY	1	MIGHT	823.5	1701.1	2334.7	65.8	239.6	1411.9	401.748	401.728	401.837	0.109	47	1	4	1	2	0			823.4	1742.0	799.7	2018.1	709.1	2045.4	641.6	2051.7	644.5	1975.8	6		834	1922	2788	47.1412	1	might	401.756
AH	1	BLOOD	876.1	1478.3	2894.4	64.4	135.6	148.3	402.138	402.108	402.198	0.09	6	1	4	2	8	0			852.3	1399.8	876.8	1484.8	863.4	1571.5	802.2	1641.7	709.8	1671.4	5		880	1486	2888	6.1428	1	blood	402.1377
AH	1	UP	932.9	1668.9	2731.8	124.1	76.6	1176.9	403.727	403.707	403.768	0.061	6	1	1	1	0	0			915.4	1689.7	933.8	1664.9	931.5	1625.5	919.8	1580.3	907.9	1548.7	5		907	1548	2674	6.111	1	up	403.7517
IH	1	PRETTY	580.6	2114.8	2661.8	75.5	167.5	263.0	404.238	404.221	404.271	0.05	1	1	4	1	8	1			586.5	2104.5	580.6	2114.8	570.0	2138.8	563.5	2161.3	559.4	2190.4	5		581	2168	2835	1.14181	1	pretty	404.2432
OW	1	KNOW	834.5	1465.8	1899.2	54.1	158.0	978.3	406.529	406.504	406.874	0.37	63	0	0	0	4	0			803.9	1210.6	784.2	1149.0	697.7	1000.3	621.1	937.9	646.9	1007.1	6		882	1324	3058	62.0004	1	know	406.5551
EH	1	THREATEN	873.5	1644.9	2151.7	64.3	223.1	327.1	407.258	407.235	407.305	0.07	2	1	4	1	8	1			829.9	1623.2	877.9	1648.7	916.6	1718.0	926.4	1786.5	906.2	1844.2	5		945	1840	2769	2.14181	1	threaten	407.2802
UW	1	DO	451.1	2100.9	2622.3	134.9	309.6	377.0	407.601	407.594	407.705	0.111	73	0	0	0	3	0			455.3	2199.9	458.5	2048.6	467.5	1971.1	461.3	1982.2	460.4	1993.1	5		448	1822	2547	73.0003	1	do	407.6306
IH	1	THIS	757.3	2047.0	2902.2	83.4	112.2	173.5	407.818	407.765	407.925	0.16	1	3	4	1	3	0			726.5	2041.7	758.2	2047.4	765.9	2038.7	767.1	2034.0	759.4	1975.8	4		759	2003	2907	1.3413	1	this	407.8471
EH	1	THREATEN	839.6	1754.2	2371.4	67.9	200.4	366.9	408.322	408.275	408.415	0.14	2	1	4	1	8	1			791.2	1737.7	845.8	1757.3	879.1	1824.2	882.7	1904.7	886.4	1966.9	5		897	1887	2813	2.14181	1	threaten	408.3429
AH	1	GUN	876.9	1429.8	1895.8	82.0	111.2	1543.1	409.288	409.225	409.415	0.19	6	4	4	2	6	0			877.2	1460.9	875.9	1426.7	865.5	1395.9	881.7	1390.5	879.7	1415.5	6		883	1402	2222	6.4426	1	gun	409.3215
AY	1	MIND	839.4	1810.0	2794.5	82.3	234.5	397.4	411.055	411.052	411.121	0.069	41	4	4	2	2	3			828.4	1961.0	818.4	2069.5	808.5	2178.3	792.1	2267.3	764.3	2309.5	5		819	2058	2842	41.44223	1	mind	411.0751
AA	1	ON	856.5	1149.4	2213.2	183.6	171.7	455.6	413.059	413.019	413.139	0.12	53	4	4	2	0	0			855.9	1084.9	850.1	1159.7	814.5	1246.1	824.7	1359.3	816.6	1417.5	6		837	1348	2442	5.442	1	on	413.0922
AY	1	LIFE	783.6	1565.7	3073.7	97.8	150.3	175.7	413.386	413.369	413.468	0.099	47	3	2	1	7	0			782.6	1600.8	759.5	1793.8	720.8	1947.1	669.2	2057.4	635.6	2149.8	5		778	1524	3061	47.3217	1	life	413.3856
AO	1	MORE	814.6	1080.5	2327.2	170.5	321.9	183.0	426.188	426.158	426.248	0.09	64	6	4	2	2	0			804.7	989.6	814.3	1088.5	812.8	1173.1	810.3	1242.3	809.2	1266.8	6		792	1170	2293	64.6002	1	more	426.2061
IH	1	CITY	649.6	2075.9	3003.0	167.1	125.8	149.5	427.429	427.412	427.462	0.05	1	1	4	1	3	1			641.4	2069.8	649.6	2075.9	643.9	2078.0	618.6	2071.1	576.5	2058.9	4		648	2063	2991	1.14131	1	city	427.4298
IY	1	PEOPLE	451.8	2730.6	3300.5	188.3	222.2	474.6	431.108	431.078	431.168	0.09	11	1	1	1	1	1			493.2	2711.6	456.8	2717.8	476.0	2643.9	503.1	2606.2	864.1	2775.2	4		468	2678	3081	11.11111	1	people	431.115
AY	1	I'D	939.7	1802.2	2509.6	50.0	1016.5	1275.2	431.798	431.797	431.927	0.13	41	1	4	2	0	0			858.7	1442.9	863.7	1493.1	795.9	1629.0	719.4	1798.6	667.7	2055.4	6		884	1785	2934	41.142	1	I'd	431.8386
AH	1	MUCH	890.4	1614.8	2957.0	146.9	144.7	360.1	433.616	433.596	433.657	0.061	6	2	5	1	2	0			897.7	1537.3	887.7	1624.1	855.5	1705.9	841.7	1790.7	863.8	1824.3	5		910	1588	2967	6.16123	1	much	433.6121
OW	1	KNOW	877.8	1625.6	1823.9	173.6	230.3	940.2	434.651	434.616	434.787	0.171	63	0	0	0	4	0			875.5	1633.7	942.7	1493.9	927.0	1408.3	845.6	1276.8	781.4	1148.4	6		1009	1539	3229	62.0004	1	know	434.6762
OW	1	KNOW	835.8	1466.9	2949.8	64.1	122.9	193.7	435.139	435.117	435.577	0.46	63	0	0	0	4	0			817.9	1224.4	680.6	1087.5	698.3	1063.8	688.8	981.3	724.6	901.6	5		844	1259	3042	62.0004	1	know	435.2061
AE	1	CAN'T	716.2	2547.1	3233.2	104.8	175.5	372.6	435.86	435.827	435.927	0.1	33	4	4	2	6	3			684.2	2630.0	720.7	2537.4	763.7	2473.0	819.6	2419.7	860.0	2315.2	4		725	2500	3194	3.44203	1	can't	435.8685
AH	1	JUDGE	797.0	1800.2	3002.5	81.3	177.1	218.2	436.327	436.297	436.387	0.09	6	2	5	2	5	0			794.4	1833.1	797.1	1802.0	796.2	1868.8	778.4	1951.9	692.7	2026.8	4		788	1752	2908	6.2525	1	judge	436.3272
IH	1	HEAR	523.9	2392.2	2685.2	117.6	155.5	179.6	437.174	437.147	437.227	0.08	14	6	4	2	0	0			488.6	2478.7	528.0	2383.9	585.2	2278.8	637.0	2157.3	661.8	2024.0	5		555	2357	2670	14.6	1	hear	437.1805
AW	1	ABOUT	840.9	1460.3	2581.9	56.5	89.3	111.8	437.361	437.337	437.446	0.109	42	1	4	1	1	0			838.9	1458.6	866.8	1486.2	870.9	1506.1	825.5	1566.8	763.2	1640.4	5		895	1520	2757	42.1411	1	(a)bout	437.3885
IH	1	HEAR	593.9	2182.0	2484.3	111.8	198.7	237.8	438.006	437.986	438.047	0.061	14	6	4	2	0	0			564.0	2204.3	596.5	2177.2	607.5	2124.7	617.5	2053.4	622.8	1999.1	5		604	2211	2524	14.6	1	hear	438.0067
AE	1	BAD	738.5	2337.4	3034.7	69.2	125.7	210.3	439.123	439.067	439.236	0.169	33	1	4	2	1	0			721.3	2299.7	743.8	2331.6	840.2	2234.5	913.3	2139.5	824.3	2105.1	4		722	2320	2982	3.1421	1	bad	439.1164
AY	1	I	945.6	1716.1	3268.5	140.1	286.8	165.8	440.384	440.333	440.483	0.15	41	0	0	0	0	0			933.7	1468.3	945.5	1728.6	882.3	2064.2	775.4	2389.7	641.0	2609.4	4		924	1612	3178	41.0006	1	I	440.3799
IH	1	HEAR	560.0	2494.5	3375.3	177.3	216.5	602.3	440.545	440.512	440.612	0.1	14	6	4	2	0	0			518.3	2592.8	562.9	2485.1	569.2	2385.7	578.4	2229.0	606.0	2106.3	4		554	2317	2890	14.6	1	hear	440.5622
AE	1	CAN'T	791.3	2564.5	3154.4	169.7	117.4	237.1	441.865	441.798	441.998	0.2	33	4	4	2	6	3			713.0	2702.8	800.6	2538.5	852.6	2235.2	901.1	2061.2	889.2	1926.7	4		746	2645	3168	3.44203	1	can't	441.8543
AE	1	BAD	722.0	2108.1	2967.3	84.2	170.6	190.1	442.798	442.761	442.871	0.11	33	1	4	2	1	0			665.8	2106.8	724.2	2105.1	738.7	2054.0	701.4	1994.7	663.9	1941.0	4		706	2109	2920	3.1421	1	bad	442.7916
AH	1	JUDGE	759.5	1871.3	2866.0	107.2	171.2	179.1	445.545	445.498	445.638	0.14	6	2	5	2	5	0			653.3	1971.8	770.0	1862.8	808.2	1833.6	769.5	1883.5	642.5	1961.7	4		804	1801	2826	6.2525	1	judge	445.5608
AY	1	RIGHT	799.5	1885.9	2486.4	69.3	193.7	288.3	447.948	447.892	448.052	0.16	47	1	4	1	7	0			760.6	1760.6	799.5	1885.9	748.5	2096.7	669.3	2255.7	590.3	2405.1	5		816	1952	2631	47.1417	1	right	447.9483
AE	1	EXACTLY	695.5	2059.8	2896.0	114.2	139.3	168.4	448.378	448.331	448.471	0.14	3	1	6	1	3	4			657.3	2033.5	703.1	2059.7	764.6	2071.5	767.3	2088.5	718.8	2117.6	4		761	2040	2846	3.16104	1	(e)xactly	448.4127
AA	1	COT	1021.1	1589.4	1742.8	159.0	263.1	1551.4	466.41	466.333	466.563	0.23	5	1	4	1	6	0			1048.0	1472.2	1022.6	1587.0	1052.4	1606.8	1015.9	1374.3	923.3	1688.7	6		1136	1671	3028	5.141	1	cot	466.4323
AH	1	COME	890.1	1578.0	3064.3	112.1	110.6	1194.0	468.732	468.695	468.805	0.11	6	4	1	2	6	0			891.3	1594.5	890.2	1576.1	885.9	1526.8	880.3	1494.4	871.3	1480.3	5		924	1588	3234	6.412	1	come	468.7481
AW	1	OUT	904.7	1876.1	3002.2	141.9	302.9	206.7	469.673	469.639	469.819	0.18	42	1	4	1	0	0			910.9	1865.4	981.6	1787.0	962.2	1750.4	897.7	1622.4	860.2	1298.1	4		991	1779	2979	42.141	1	out	469.7024
IY	1	NEED	642.7	2701.9	3092.5	179.1	152.0	403.2	470.279	470.249	470.34	0.091	11	1	4	2	4	0			625.1	2706.9	645.0	2699.5	652.5	2646.2	654.5	2498.3	637.5	2259.1	4		647	2706	3088	11.1424	1	need	470.2798
EH	1	BED	813.8	1865.2	2946.4	82.1	200.8	185.2	470.733	470.709	470.78	0.071	2	1	4	2	1	0			809.2	1851.9	813.8	1865.4	812.1	1864.9	803.1	1864.5	777.7	1850.8	4		812	1861	2982	2.1421	1	bed	470.7417
EH	1	HOTEL	911.3	1723.8	2874.5	97.8	231.4	363.3	471.259	471.209	471.36	0.151	2	5	4	2	3	0			885.1	1782.7	912.6	1716.2	891.7	1634.1	887.0	1590.4	868.9	1507.8	5		946	1786	3014	2.5423	1	(ho)tel	471.268
EH	1	BED	923.6	1854.3	2921.6	73.5	158.9	1006.2	472.975	472.919	473.088	0.169	2	1	4	2	1	0			864.1	1837.9	928.2	1857.6	949.6	1890.2	922.5	1938.2	842.8	1991.0	5		965	1937	3042	2.1421	1	bed	473.009
ER	1	PERMANENT	785.2	1715.5	3508.2	263.8	169.6	1706.0	474.896	474.873	474.943	0.07	94	4	1	2	1	2			806.2	1702.6	790.5	1719.6	812.0	1756.9	808.7	1786.1	794.7	1791.9	4		728	1632	2106	94.60012	1	permanent	474.9267
EY	1	STAYS	632.2	2538.5	3031.6	223.8	171.2	357.0	475.616	475.553	475.683	0.13	21	3	4	2	3	0			623.9	2358.4	620.7	2481.6	631.4	2542.5	610.2	2516.6	580.5	2305.9	4		637	2430	3058	22.0023	1	stays	475.5851
UW	1	ROOM	753.8	1296.0	2495.4	152.4	155.8	1135.9	476.05	476.042	476.113	0.071	73	4	1	2	7	0			754.7	1288.0	752.3	1232.2	748.7	1174.4	739.4	1117.4	742.3	1091.3	6		754	1319	2657	72.4127	1	room	476.0484
AA	1	COT	937.0	1739.2	2538.3	104.2	181.2	330.4	476.765	476.732	476.832	0.1	5	1	4	1	6	0			918.8	1760.7	940.3	1734.7	969.5	1715.6	991.1	1728.9	981.8	1805.8	5		994	1723	2602	5.141	1	cot	476.7978
UW	1	MOVE	577.0	815.9	2434.6	220.0	112.7	469.2	477.154	477.131	477.201	0.07	72	3	2	2	2	0			579.7	833.9	576.6	814.3	586.4	812.6	590.9	865.3	599.4	917.4	6		590	808	2426	72.3222	1	move	477.1583
AW	1	AROUND	944.9	1697.7	2625.0	102.6	136.7	500.8	477.392	477.331	477.681	0.35	42	4	4	2	7	3			958.2	1688.7	1017.5	1612.0	946.2	1422.3	896.5	1281.6	870.3	1219.4	5		1016	1613	2764	42.44273	1	(a)round	477.4569
EH	1	BED	853.2	1842.8	2879.2	62.8	154.9	271.5	478.557	478.524	478.624	0.1	2	1	4	2	1	0			816.1	1830.1	859.1	1844.8	883.9	1860.2	860.6	1865.9	788.6	1871.3	4		894	1867	2903	2.1421	1	bed	478.5727
ER	1	PERMANENT	727.3	1533.9	1814.8	138.8	299.6	709.1	480.531	480.507	480.578	0.071	94	4	1	2	1	2			759.8	1532.7	725.8	1535.9	718.5	1559.6	736.5	1502.3	739.8	1398.4	6		729	1553	1920	94.60012	1	permanent	480.5465
AO	1	CAUGHT	875.1	1344.3	2635.1	107.1	83.5	185.7	493.612	493.566	493.705	0.139	53	1	4	1	6	0			880.5	1360.6	874.4	1341.4	877.5	1327.9	894.7	1341.6	913.6	1379.4	5		898	1348	2671	53.141	1	caught	493.6616
EY	1	MAYBE	668.6	2439.4	2995.8	131.4	130.8	429.4	494.581	494.553	494.613	0.06	21	1	1	2	2	1			647.1	2302.5	662.5	2403.6	668.1	2437.9	657.1	2348.2	622.9	2260.3	4		678	2278	2939	21.1122	1	maybe	494.5631
AY	1	TRYING	894.7	1906.5	2537.1	78.1	140.6	1069.8	495.88	495.872	495.922	0.05	41	4	6	2	8	0			894.4	1922.4	888.0	1988.7	871.7	2074.5	849.0	2176.0	827.8	2272.8	5		899	1906	2568	41.00283	1	trying	495.8804
AY	1	HIDE	1069.0	1774.1	2684.7	173.1	310.1	1026.5	496.069	496.082	496.253	0.171	41	1	4	2	0	0			995.4	1786.4	946.3	1860.8	871.6	2005.0	787.7	2240.3	678.3	2374.0	5		1011	1781	2626	41.142	1	hide	496.1024
AA	1	GOT	931.7	1858.3	2740.9	85.7	193.8	635.7	496.892	496.852	496.972	0.12	5	1	4	1	6	0			846.6	1959.5	938.7	1846.9	967.0	1774.5	976.5	1821.4	908.0	1904.9	4		947	1720	2518	5.1416	1	got	496.9095
AO	1	CAUGHT	929.6	1414.3	2792.7	97.5	144.1	366.2	497.141	497.101	497.221	0.12	53	1	4	1	6	0			910.6	1362.7	930.8	1423.4	925.6	1544.4	893.3	1684.0	787.4	1780.7	4		938	1462	2780	53.141	1	caught	497.1493
IY	1	STEALING	482.8	2637.9	3002.7	116.0	237.9	312.7	497.428	497.392	497.501	0.109	11	5	4	2	3	1			445.4	2527.4	492.6	2643.4	559.1	2594.4	627.8	2365.9	706.9	2046.7	4		561	2629	2935	11.5423	1	stealing	497.4409
AA	1	GOT	917.3	1840.0	2567.1	105.2	201.9	702.6	498.101	498.061	498.182	0.121	5	1	4	1	6	0			838.9	1955.5	922.7	1832.6	940.8	1787.9	929.4	1813.2	860.7	1852.6	4		941	1781	2525	5.1416	1	got	498.1197
AO	1	CAUGHT	904.7	1314.1	2668.1	72.6	105.1	161.3	498.391	498.321	498.531	0.21	53	1	4	1	6	0			888.3	1317.7	906.0	1315.1	907.9	1337.1	909.1	1393.9	915.6	1485.7	5		968	1372	2812	53.141	1	caught	498.4029
UW	1	DOING	432.8	2018.2	2798.1	103.8	378.7	313.7	499.23	499.222	499.292	0.07	73	0	0	0	3	1			435.1	1970.8	467.0	1784.8	499.9	1613.9	524.3	1543.0	540.6	1569.7	5		478	1800	3589	73.4423	1	doing	499.2533
AH	1	DRUGS	850.4	1485.8	2399.1	59.7	110.7	371.6	499.579	499.532	499.672	0.14	6	1	6	2	8	3			837.1	1486.8	851.0	1487.5	847.0	1522.3	820.3	1603.2	734.9	1652.1	5		940	1681	3624	6.1628	1	drugs	499.5748
AY	1	FINDING	950.9	1854.2	3072.3	128.6	184.4	934.1	500.935	500.945	501.025	0.08	41	4	4	2	1	4			929.2	2066.8	908.8	2200.3	878.0	2356.1	842.6	2460.6	800.9	2500.1	4		953	1862	3097	41.44213	1	finding	500.9363
AW	1	OUT	986.6	1911.5	2853.7	189.9	172.3	411.4	501.242	501.205	501.455	0.25	42	1	4	1	0	0			1050.8	1822.4	1066.4	1672.0	932.0	1531.9	846.4	1310.4	720.4	1144.3	5		1119	1749	2916	42.141	1	out	501.2731
EY	1	MAYBE	650.5	2528.2	2981.1	124.3	230.9	229.6	501.718	501.705	501.795	0.09	21	1	1	2	2	1			645.3	2557.9	629.3	2610.6	613.6	2651.6	609.2	2665.5	608.7	2591.0	4		655	2503	2990	21.1122	1	maybe	501.7146
AH	1	MUCH	911.9	1499.7	1784.6	109.7	137.1	739.4	502.792	502.756	502.865	0.109	6	2	5	1	2	0			883.3	1384.2	914.0	1515.5	910.2	1629.3	855.0	1759.1	776.5	1814.1	6		1013	1661	2936	6.16123	1	much	502.8049
AE	1	ACT	953.0	2211.3	3044.5	111.4	167.7	768.4	503.426	503.346	503.586	0.24	3	1	6	1	0	3			913.7	2299.3	958.6	2199.9	1031.6	2142.9	1089.3	2057.2	1012.5	2011.7	4		902	2348	3101	3.16163	1	act	503.3823
AY	1	FINDING	859.8	1950.4	2950.2	106.8	109.2	1968.9	504.158	504.125	504.225	0.1	41	4	4	2	1	4			849.4	1831.3	859.3	1967.9	846.9	2090.3	822.3	2181.1	790.0	2213.5	5		864	2061	3044	41.44213	1	finding	504.1707
AW	1	OUT	955.4	1853.6	2656.6	105.5	128.8	542.1	504.439	504.415	504.594	0.179	42	1	4	1	0	0			969.1	1777.7	962.0	1665.2	930.7	1527.2	851.3	1354.1	769.1	1425.0	5		1008	1784	2971	42.141	1	out	504.4565
IH	1	OVERHEARING	648.5	2450.0	2984.0	111.4	104.5	659.3	505.897	505.874	505.944	0.07	14	6	4	2	0	1			638.2	2491.7	649.3	2444.4	654.0	2362.0	658.2	2266.1	674.2	2174.5	5		648	2472	3021	14.6	1	(over)hearing	505.8945
EH	1	INVESTIGATING	804.1	1726.6	2777.3	65.7	158.8	491.6	506.799	506.772	506.852	0.08	2	3	4	1	1	5			785.1	1710.3	806.0	1727.4	826.6	1739.7	829.2	1748.7	833.1	1774.0	5		823	1735	2802	2.34211	1	(in)vestigating	506.808
EY	2	INVESTIGATING	594.4	2568.4	3226.1	174.9	142.8	397.9	507.081	507.052	507.112	0.06	21	1	4	1	6	1			533.5	2632.2	570.4	2603.0	596.2	2563.1	599.8	2500.3	593.2	2412.5	4		598	2567	3236	21.1416	1	(investi)gating	507.0818
IY	1	SCENE	650.4	2648.9	3101.2	244.3	248.4	302.4	507.431	507.391	507.511	0.12	11	4	4	2	3	0			619.2	2648.1	654.9	2651.3	710.5	2702.6	744.8	2734.3	756.1	2651.8	4		716	2714	3126	11.442	1	scene	507.4518
EH	1	INVESTIGATING	832.7	1807.7	3388.9	142.8	192.0	539.9	507.985	507.961	508.032	0.071	2	3	4	1	1	5			828.5	1833.5	834.0	1805.6	843.9	1789.3	844.2	1782.5	845.8	1828.8	4		849	1795	3275	2.34211	1	(in)vestigating	507.9978
EY	2	INVESTIGATING	586.3	2610.8	3217.4	160.9	168.4	497.0	508.28	508.242	508.331	0.089	21	1	4	1	6	1			560.3	2622.0	582.8	2613.0	583.7	2606.6	568.2	2575.1	540.7	2508.5	5		595	2629	3281	21.1416	1	(investi)gating	508.2792
EH	1	BET	847.2	1917.2	2891.6	90.5	137.9	274.7	525.598	525.555	525.685	0.13	2	1	4	1	1	0			797.4	1880.0	857.7	1923.9	955.7	1947.7	996.6	1934.7	987.4	1970.8	4		1003	1926	2988	2.1411	1	bet	525.6406
AO	1	MORE	747.6	1122.8	2555.3	97.8	74.1	430.5	526.111	526.084	526.164	0.08	64	6	4	2	2	0			740.0	1114.3	748.6	1124.2	753.8	1149.7	752.3	1204.3	759.4	1280.2	5		759	1140	2592	64.6002	1	more	526.1203
EH	1	BET	791.4	1946.5	2738.7	59.5	128.7	356.0	528.539	528.502	528.613	0.111	2	1	4	1	1	0			740.7	1907.9	797.9	1953.2	826.0	1979.8	839.1	2032.6	803.7	2152.5	4		845	2028	2810	2.1411	1	bet	528.5746
AW	1	AMOUNT	959.1	1430.3	1964.2	178.7	108.1	737.0	533.091	533.076	533.166	0.09	42	4	4	2	2	3			970.1	1440.3	984.6	1458.4	969.0	1436.1	960.0	1393.0	949.0	1344.5	6		1093	1517	3308	42.44223	1	(a)mount	533.1111
EH	1	GUESS	849.3	1992.9	2996.1	95.5	160.3	246.3	534.065	534.005	534.185	0.18	2	3	4	1	6	0			744.3	2208.9	859.9	1980.1	899.8	1890.0	891.4	1846.9	841.3	1783.9	5		902	1895	2723	2.3416	1	guess	534.0942
EH	1	GUESS	729.6	2239.2	2792.5	78.5	193.4	215.0	535.391	535.368	535.438	0.07	2	3	4	1	6	0			690.7	2333.3	733.0	2229.2	761.0	2117.4	781.2	1782.1	773.5	1723.0	5		775	2117	2820	2.3416	1	guess	535.4064
EH	1	EXTRA	927.5	1661.3	2035.7	52.9	156.6	1392.8	535.897	535.864	535.964	0.1	2	1	6	1	0	4			903.3	1715.1	930.3	1657.6	945.8	1630.8	943.4	1676.3	872.9	1745.9	6		1005	1731	2846	2.16101	1	extra	535.9149
AA	1	DOLLARS	948.7	1712.5	2821.1	110.6	276.1	298.9	538.111	538.074	538.184	0.11	5	5	4	2	3	1			932.5	1778.7	949.2	1707.7	944.9	1624.1	914.0	1504.2	874.7	1403.7	4		949	1730	2804	5.54231	1	dollars	538.1075
AE	1	HAVE	935.1	1876.1	3090.7	73.9	231.5	870.5	538.701	538.644	538.814	0.17	3	3	2	2	0	0			947.6	1934.1	934.1	1873.9	918.6	1833.8	905.0	1865.8	834.2	1819.8	4		952	1959	3062	3.322	1	have	538.6747
AA	1	DOLLARS	873.7	1717.0	3025.3	84.2	275.0	229.1	539.214	539.164	539.314	0.15	5	5	4	2	3	1			822.6	1829.1	876.1	1706.3	877.4	1551.0	838.4	1431.9	813.8	1454.8	4		880	1700	3021	5.54231	1	dollars	539.2157
EH	1	VERY	780.9	1993.7	2634.6	114.3	226.0	214.6	542.761	542.741	542.801	0.06	2	6	4	2	1	1			782.8	2005.4	764.0	1949.4	659.5	1546.1	555.6	1132.3	518.5	890.8	6		699	2158	2659	2.60011	1	very	542.7289
AH	1	RUG	857.2	1688.8	1844.0	84.4	139.7	2027.4	552.277	552.254	552.324	0.07	6	1	6	2	7	0			822.6	1659.5	859.4	1694.0	851.2	1667.0	795.6	1630.8	708.4	1551.0	6		926	1811	3068	6.1627	1	rug	552.2855
ER	1	PERMANENT	768.6	1637.5	1940.3	139.5	275.0	181.3	553.588	553.558	553.649	0.091	94	4	1	2	1	2			806.8	1646.8	767.9	1633.1	755.3	1616.1	770.8	1634.0	792.8	1630.6	6		790	1727	1937	94.60012	1	permanent	553.6106
EH	1	AGAIN	752.7	2264.4	2940.9	69.6	179.8	357.9	554.185	554.168	554.218	0.05	2	4	4	2	6	0			719.9	2334.1	752.7	2264.4	808.8	2120.4	842.8	1995.9	861.0	1884.2	5		870	1841	3155	2.4426	1	(a)gain	554.2084
EH	1	BED	795.4	1742.1	2845.1	49.7	133.9	131.0	554.528	554.508	554.568	0.06	2	1	4	2	1	0			767.5	1706.8	798.5	1747.2	818.4	1787.0	827.2	1804.4	830.8	1816.9	5		832	1829	3000	2.1421	1	bed	554.5631
AA	1	COT	1019.3	1864.6	2927.5	111.9	145.3	389.2	554.892	554.849	554.978	0.129	5	1	4	1	6	0			1053.0	1782.3	1013.4	1874.9	934.8	1955.0	848.9	2035.7	764.4	2077.6	5		1046	1777	2734	5.141	1	cot	554.8769
EY	1	STAYS	590.1	2607.6	3215.0	190.8	129.0	1236.0	555.215	555.188	555.379	0.191	21	3	4	2	3	0			573.8	2620.7	498.7	2450.1	511.0	2778.1	505.8	2650.0	529.2	2313.1	5		593	2671	3366	22.0023	1	stays	555.2247
IH	1	IN	828.7	2153.5	2634.7	79.5	98.1	1862.6	555.582	555.538	555.669	0.131	1	4	4	2	0	0			787.9	1802.0	830.0	2152.7	835.0	2129.0	830.6	2072.2	824.7	1788.1	6		851	2117	3263	1.442	1	in	555.6176
EY	1	STAPLED	576.9	2442.8	3090.8	160.9	122.8	562.9	558.199	558.168	558.278	0.11	21	1	1	1	3	1			564.2	2368.2	569.4	2473.8	524.5	2426.4	486.7	2006.8	506.1	1694.8	5		579	2435	3069	21.11133	1	stapled	558.1988
AE	1	MAT	868.9	2324.7	3189.1	54.4	114.8	889.5	559.591	559.561	559.65	0.089	3	1	4	1	2	0			861.6	2310.4	869.7	2325.7	882.2	2324.4	896.4	2312.2	911.6	2279.5	5		877	2328	3158	3.1412	1	mat	559.5978
OW	1	THROW	812.4	1499.2	2267.4	65.4	154.1	120.8	561.111	561.099	561.248	0.149	63	0	0	0	8	0			815.5	1437.2	784.4	1344.2	739.2	1219.8	674.1	1061.2	698.7	1048.9	5		819	1451	2322	62.0008	1	throw	561.1251
OW	1	GO	657.7	1703.8	2742.8	89.8	234.3	148.2	623.371	623.356	623.496	0.14	63	0	0	0	6	0			687.9	1634.4	684.8	1533.9	671.0	1441.8	646.1	1396.1	616.8	1539.2	5		686	1578	2710	62.0006	1	go	623.3951
UW	1	TO	534.9	1951.0	2793.3	132.7	73.8	116.9	623.633	623.626	623.886	0.26	73	0	0	0	3	0			584.8	1870.9	600.2	1681.0	605.7	1462.3	586.9	1286.9	511.7	1206.5	5		570	1941	2763	73.0003	1	to	623.6477
EH	1	VERY	642.7	2043.1	2794.7	78.6	53.5	244.8	624.323	624.286	624.397	0.111	2	6	4	2	1	1			638.3	2026.1	643.8	2042.8	652.1	2036.8	651.5	2033.0	643.5	2017.0	5		647	2041	2797	2.60011	1	very	624.3297
EH	1	DRESS	772.7	1860.7	2442.4	102.3	263.6	494.3	624.96	624.937	625.007	0.07	2	3	4	1	8	0			734.0	1920.7	775.7	1853.0	789.9	1775.4	798.9	1743.6	805.7	1755.2	5		799	1735	2473	2.3418	1	dress	624.9829
OW	1	CODE	693.8	1527.5	2540.1	151.4	314.7	545.2	625.197	625.177	625.356	0.179	62	1	4	2	6	0			720.1	1467.7	715.3	1394.5	692.1	1319.0	650.7	1327.4	625.1	1381.0	5		721	1414	2533	62.142	1	code	625.2363
AE	1	HAVE	959.8	1815.0	2765.4	69.0	109.9	194.1	625.931	625.904	625.985	0.081	3	3	2	2	0	0			969.8	1834.0	958.5	1814.2	943.9	1803.8	940.5	1812.7	945.5	1895.1	5		968	1873	2698	3.322	1	have	625.9099
AH	1	BUTTON	826.5	1503.5	2732.2	80.1	209.5	317.8	626.401	626.365	626.474	0.109	6	1	4	1	1	1			765.4	1469.9	835.1	1515.7	877.7	1592.9	913.3	1625.8	918.7	1704.4	5		915	1611	2849	6.14111	1	button	626.4337
AW	1	DOWN	785.9	1891.1	3072.2	91.6	139.3	326.4	626.672	626.644	626.754	0.11	42	4	4	2	3	0			756.4	1902.3	848.8	1862.9	902.9	1854.2	916.6	1847.6	926.5	1808.4	4		904	1834	2933	42.4423	1	down	626.6991
ER	1	SHIRTS	618.8	1907.8	2114.5	114.0	376.4	204.8	626.994	626.964	627.054	0.09	94	1	4	1	5	3			627.2	1919.8	618.0	1908.9	616.5	1920.2	614.3	1972.2	607.1	2000.5	6		624	1980	2197	94.60053	1	shirts	627.0053
AA	1	COLLAR	978.5	1558.9	2391.2	71.4	311.4	633.4	627.475	627.425	627.574	0.149	5	5	4	2	6	1			974.7	1677.2	978.4	1554.8	979.7	1510.3	971.1	1482.6	953.0	1449.5	5		971	1481	2561	5.54201	1	collar	627.5189
OY	1	BOYS	592.7	1183.7	2663.0	146.9	77.9	314.3	628.11	628.07	628.19	0.12	61	3	4	2	1	0			580.4	1057.7	593.9	1202.9	590.5	1478.6	556.7	1881.1	503.2	2095.3	5		565	952	2600	61.0021	1	boys	628.0803
AE	1	AND	805.8	2831.2	3449.8	189.7	212.7	1291.5	628.39	628.35	628.469	0.119	3	4	4	2	0	3			744.4	2930.0	812.9	2813.4	859.5	2553.7	877.5	2261.1	871.6	2125.0	4		803	2933	3789	3.44203	1	and	628.361
ER	1	GIRLS	672.4	1706.4	1983.3	195.9	196.4	638.9	628.646	628.619	628.699	0.08	94	5	4	2	6	3			632.1	1718.1	675.7	1702.5	707.2	1639.6	718.6	1575.5	736.5	1557.2	5		652	1707	1993	94.60053	1	girls	628.6416
AE	1	MATTER	865.7	2011.6	3008.8	108.5	133.5	349.7	629.519	629.502	629.552	0.05	3	1	4	1	2	1			865.9	2016.5	865.7	2011.6	861.1	1995.2	854.6	1977.0	841.7	1966.2	4		848	1971	2840	3.14121	1	matter	629.5125
EH	1	SEX	898.0	1812.5	2876.4	46.2	148.0	138.5	629.928	629.891	630.002	0.111	2	1	6	1	3	3			834.9	1834.1	902.4	1808.7	919.0	1795.5	950.9	1828.6	940.6	1854.5	5		964	1841	2823	2.16133	1	sex	629.9616
EY	1	HATE	620.1	2755.5	3406.1	225.2	211.3	1130.0	630.648	630.636	630.736	0.1	21	1	4	1	0	0			591.0	2748.2	559.6	2768.1	539.2	2818.3	534.4	2837.7	524.2	2785.5	4		560	2756	3249	21.141	1	hate	630.6691
OW	1	THOSE	671.1	1529.7	2796.0	151.8	359.9	222.9	630.874	630.866	630.936	0.07	62	3	4	2	3	0			668.2	1507.1	652.0	1407.3	625.0	1343.4	609.4	1345.3	600.2	1448.3	5		669	1470	2759	62.3423	1	those	630.8834
ER	1	SHIRTS	609.4	1930.5	2193.3	85.4	166.6	251.5	631.128	631.085	631.215	0.13	94	1	4	1	5	3			612.0	2005.5	608.0	1921.3	586.7	1863.1	578.3	1834.1	561.4	1947.4	5		581	1850	2057	94.60053	1	shirts	631.1539
UH	1	LOOK	700.2	1480.8	2808.6	108.7	161.1	741.3	632.839	632.819	632.879	0.06	7	1	6	1	7	0			721.0	1487.5	695.7	1479.4	640.3	1465.2	587.4	1476.9	605.5	1575.8	5		731	1495	2980	7.1617	1	look	632.8267
AE	1	SACKS	844.9	2206.7	3348.9	87.1	125.7	636.4	633.248	633.198	633.348	0.15	3	1	6	1	3	3			775.0	2146.8	846.0	2213.1	873.7	2246.7	948.2	2208.6	968.3	2161.4	4		830	2179	2908	3.1613	1	sacks	633.2554
AE	1	CAN'T	657.4	2495.1	3212.0	160.8	494.0	395.0	634.535	634.515	634.575	0.06	33	4	4	2	6	3			606.6	2523.8	664.4	2491.2	732.9	2466.0	788.5	2427.4	814.0	2393.8	4		799	2296	3140	3.44203	1	can't	634.5651
IY	1	EVEN	605.3	3269.0	4537.4	1214.0	390.4	464.5	634.665	634.635	634.725	0.09	11	3	2	2	0	1			709.7	3224.1	596.9	3269.3	532.2	3262.0	528.5	3129.3	504.1	2836.7	3		694	2749	3505	11.32201	1	even	634.6518
AY	1	TIE	1036.7	1829.1	2832.8	89.9	303.7	693.0	634.986	634.944	635.134	0.19	41	0	0	0	3	0			1035.5	1804.9	1015.0	1949.5	912.9	2081.4	835.9	2162.2	759.2	2186.7	5		1062	1947	3225	41.0003	1	tie	634.9894
AA	1	BOTTOM	1005.7	1605.7	3075.6	120.1	309.1	679.2	635.601	635.544	635.715	0.171	5	1	4	1	1	1			971.9	1610.3	1008.3	1600.5	1018.8	1588.9	995.0	1648.5	936.4	1772.6	4		1011	1588	3170	5.14111	1	bottom	635.6145
AE	1	JAN	726.4	2581.9	3344.5	114.4	269.5	247.2	636.804	636.754	636.904	0.15	33	4	4	2	5	0			630.5	2609.6	737.1	2576.2	852.5	2406.1	896.6	2169.2	918.4	2068.0	5		651	2604	3345	3.4425	1	Jan	636.7865
AA	1	GOT	960.7	1825.9	2528.0	53.4	368.2	723.3	637.118	637.044	637.265	0.221	5	1	4	1	6	0			927.5	1877.3	961.8	1826.2	963.9	1808.9	951.9	1842.9	872.2	1916.7	5		967	1805	2645	5.1416	1	got	637.1411
EH	1	DETENTION	913.5	2034.5	3274.5	147.2	155.3	293.2	637.581	637.564	637.614	0.05	2	4	4	2	3	4			912.6	2025.9	913.5	2034.5	911.8	2055.4	900.6	2069.2	884.5	2077.8	4		907	2036	3029	2.44234	1	(de)tention	637.5833
AE	1	THAT	899.3	2019.8	3202.0	95.7	170.4	408.2	638.048	638.015	638.114	0.099	3	1	4	1	3	0			878.6	2001.4	900.6	2020.4	909.2	2020.0	918.4	2021.7	914.7	2027.7	4		910	1977	3056	3.1413	1	that	638.0758
AE	1	HAD	872.4	2024.2	2967.3	107.3	221.5	1534.0	639.004	638.974	639.064	0.09	3	1	4	2	0	0			873.2	2085.1	871.1	2023.3	834.4	2046.4	791.1	2074.8	737.6	2068.9	5		879	2022	3074	3.142	1	had	638.9976
EY	1	STAY	644.5	2395.0	3241.8	164.3	117.4	1591.1	639.324	639.293	639.423	0.13	22	0	0	0	3	0			640.1	2355.7	625.1	2471.5	580.0	2559.5	555.8	2595.6	505.6	2557.4	5		644	2379	3187	22.0003	1	stay	639.3217
IH	1	SIX	748.8	1918.7	2983.9	104.0	185.5	220.5	639.773	639.743	639.833	0.09	1	1	6	1	3	3			704.8	1900.5	751.9	1921.1	758.0	1939.1	746.2	1969.7	734.5	2022.9	5		751	1948	2930	1.16133	1	six	639.7919
AA	1	SOCKS	985.0	1703.7	2787.4	80.1	252.4	709.5	641.355	641.282	641.502	0.22	5	1	6	1	3	3			867.5	1712.3	1000.2	1710.9	1025.4	1736.7	1038.2	1725.6	1014.6	1755.3	5		1021	1743	2607	5.1613	1	socks	641.3874
AA	2	FLIPFLOPS	998.6	1635.4	2903.2	86.1	189.6	211.7	642.345	642.292	642.452	0.16	5	1	1	1	8	3			955.9	1536.1	1003.6	1643.5	1013.8	1671.7	981.9	1639.7	893.7	1385.1	5		1004	1675	2904	5.1118	1	(flip)flops	642.368
AO	1	HALL	929.0	1286.2	1653.2	151.3	210.0	1459.4	642.93	642.913	642.963	0.05	53	5	4	2	0	0			912.0	1260.2	929.0	1286.2	935.0	1295.3	937.6	1278.9	932.8	1259.9	6		969	1260	3160	53.542	1	hall	642.9574
AA	1	MONITOR	912.7	1411.2	1813.1	173.0	192.0	742.9	643.13	643.103	643.183	0.08	5	4	4	2	2	2			913.9	1366.3	910.4	1415.1	885.9	1452.1	878.6	1471.7	884.5	1529.3	6		1015	1519	3189	5.44222	1	monitor	643.1309
AO	1	STALKS	892.4	1455.8	2743.0	70.6	208.3	523.9	643.623	643.583	643.703	0.12	53	1	6	1	3	3			841.2	1512.7	895.6	1451.7	930.0	1430.6	931.0	1419.0	893.8	1435.2	5		936	1425	2574	53.1613	1	stalks	643.6446
IY	1	SEE	504.8	2641.0	3382.5	177.1	138.7	257.9	644.775	644.748	644.828	0.08	12	0	0	0	3	0			502.2	2554.2	505.0	2648.0	513.6	2705.9	514.1	2689.3	507.4	2649.5	4		502	2512	3253	12.0003	1	see	644.7629
AW	1	OUT	1000.4	1568.4	2513.3	67.3	184.6	389.4	645.386	645.367	645.467	0.1	42	1	4	1	0	0			1003.6	1564.9	1019.9	1543.4	1003.1	1526.6	958.6	1511.0	883.7	1527.5	6		1033	1584	2684	42.141	1	out	645.4085
AO	2	UNIFORM	690.7	1060.9	2231.0	163.5	93.4	155.8	646.454	646.437	646.487	0.05	64	6	4	2	1	3			655.5	1035.7	690.7	1060.9	748.6	1113.6	780.2	1160.4	801.4	1208.3	6		804	1180	2248	54.6001	1	(uni)form	646.4707
AE	1	LAST	804.6	2088.7	3207.8	85.2	168.1	241.3	647.157	647.113	647.244	0.131	33	3	4	1	7	0			777.6	2091.3	807.8	2088.2	832.4	2060.0	831.3	2008.5	768.9	1828.5	4		780	2099	3238	3.34173	1	last	647.1399
AA	1	JOHN	958.9	1716.4	2567.1	147.4	183.9	800.7	647.693	647.653	647.773	0.12	5	4	4	2	5	0			888.7	1828.0	967.7	1704.8	1032.0	1658.8	1063.9	1699.5	1017.2	1788.6	5		1102	1708	3397	5.4425	1	John	647.7166
AA	1	GOT	824.7	1899.7	2725.8	71.5	221.6	220.7	647.9	647.873	647.953	0.08	5	1	4	1	6	0			766.3	1982.3	828.8	1893.7	857.1	1843.5	857.6	1808.5	840.8	1799.3	5		914	2063	2999	5.1416	1	got	647.9105
EH	1	SUSPENDED	885.7	1712.4	2727.8	94.1	232.5	516.4	648.224	648.204	648.263	0.059	2	4	4	2	1	4			845.6	1661.8	888.4	1720.0	904.6	1788.7	905.8	1875.7	897.1	1958.9	5		947	1935	3382	2.44213	1	(su)spended	648.2379
EH	1	SAID	781.3	1894.4	3000.2	111.4	214.9	405.6	648.917	648.884	648.983	0.099	2	1	4	2	3	0			690.2	1894.9	793.2	1892.3	842.1	1867.4	838.2	1855.7	793.0	1835.4	5		859	1901	3135	2.1423	1	said	648.9345
EH	1	DRESS	663.0	1753.4	2537.5	81.4	207.0	244.5	649.832	649.802	649.892	0.09	2	3	4	1	8	0			618.3	1811.3	667.1	1748.7	716.2	1699.9	767.7	1665.0	791.5	1663.6	5		835	1847	2978	2.3418	1	dress	649.8665
OW	1	CODE	721.5	1321.7	2585.1	314.6	358.4	771.0	650.031	650.022	650.112	0.09	62	1	4	2	6	0			683.9	1274.9	663.7	1249.7	636.7	1235.0	617.8	1276.4	603.0	1375.9	5		771	1239	3078	62.142	1	code	650.063
AH	1	SUCKS	916.3	1478.5	2661.1	80.3	215.3	454.7	650.311	650.261	650.411	0.15	6	1	6	1	3	3			871.2	1535.7	917.9	1477.0	893.1	1504.0	865.3	1537.9	778.8	1544.8	5		978	1633	2994	6.1613	1	sucks	650.308
OW	1	DON'T	724.5	1697.5	2668.9	86.6	216.5	387.1	651.228	651.211	651.282	0.071	62	4	4	2	3	0			716.2	1731.8	745.0	1605.7	776.1	1509.0	817.0	1458.7	847.1	1445.9	5		853	1442	3301	62.44233	1	don't	651.2732
IY	1	SEE	490.8	2714.6	3408.8	156.1	148.8	533.3	651.521	651.481	651.601	0.12	12	0	0	0	3	0			496.0	2647.4	490.4	2719.9	489.0	2699.5	481.6	2400.3	476.4	1873.7	4		495	2688	3383	12.0003	1	see	651.5105
AO	1	WRONG	920.7	1399.1	2178.4	144.2	111.0	792.2	651.908	651.871	651.981	0.11	53	4	6	2	7	0			886.7	1369.2	922.4	1400.1	941.9	1407.3	950.1	1412.4	955.8	1415.8	6		972	1422	2440	53.46273	1	wrong	651.9413
AE	1	THAT	913.7	2035.0	3081.8	103.6	234.8	418.6	652.471	652.381	652.651	0.27	3	1	4	1	3	0			844.5	2052.6	917.1	2028.3	917.3	1971.9	894.1	1916.1	870.8	1891.0	4		895	2045	3077	3.1413	1	that	652.4554
IY	1	EVEN	479.5	2789.8	3483.3	130.7	173.2	229.5	653.472	653.446	653.525	0.079	11	3	2	2	0	1			466.2	2852.2	481.5	2776.3	494.5	2695.4	505.5	2581.4	514.2	2388.7	4		486	2746	3456	11.32201	1	even	653.4767
AA	1	FATHER	869.9	1487.2	2314.3	94.7	177.0	268.5	653.812	653.756	653.925	0.169	43	3	3	2	1	1			918.6	1663.8	885.4	1501.0	977.9	1581.5	982.3	1617.6	925.4	1594.9	5		1074	1867	2656	43.33111	1	father	653.8416
EH	1	SAYS	651.9	1696.1	2791.1	97.8	185.2	331.2	654.132	654.105	654.185	0.08	2	3	4	2	3	0			647.2	1690.7	650.6	1695.8	610.9	1693.4	560.4	1698.1	532.0	1711.2	5		690	1792	2916	2.0023	1	says	654.1281
OW	1	KNOW	775.9	1574.2	2582.7	104.2	213.0	143.9	654.656	654.645	654.735	0.09	63	0	0	0	4	0			780.0	1519.8	773.1	1385.3	751.8	1268.9	729.8	1154.9	709.3	1070.2	5		777	1382	2596	62.0004	1	know	654.6767
IY	1	MEAN	852.0	2724.9	3589.9	326.9	126.8	291.3	655.049	655.016	655.115	0.099	11	4	4	2	2	0			809.9	2165.3	852.2	2725.0	882.7	2710.9	883.0	2669.5	799.4	1847.8	5		779	2686	3479	11.4422	1	mean	655.0518
UW	1	SCHOOL	518.2	982.1	2245.4	119.5	201.8	761.9	656.813	656.796	656.846	0.05	72	5	4	2	6	0			560.0	993.1	518.2	982.1	534.4	969.1	550.3	985.7	562.0	1002.6	6		596	1049	2632	72.5426	1	school	656.8522
AO	1	CAUGHT	862.8	1353.7	2692.0	97.7	136.8	215.8	672.621	672.568	672.728	0.16	53	1	4	1	6	0			863.9	1353.7	864.4	1356.3	882.5	1368.2	883.8	1370.1	893.4	1389.3	5		887	1365	2746	53.141	1	caught	672.6589
AA	1	DON	1000.7	1600.4	3148.5	230.8	176.3	365.2	676.667	676.6	676.8	0.2	5	4	4	2	3	0			919.2	1743.6	1007.4	1590.4	1018.0	1556.7	1038.6	1590.8	969.8	1688.0	4		957	1557	2385	5.4423	1	don	676.6671
AO	1	DAWN	894.3	1302.0	1653.9	118.7	138.4	1567.6	677.01	676.95	677.13	0.18	53	4	4	2	3	0			837.8	1312.6	896.7	1301.3	910.2	1273.1	909.3	1265.1	882.7	1322.5	6		915	1309	3017	53.4423	1	dawn	677.0302
AA	1	FATHER	922.1	1612.9	2777.9	55.1	159.4	606.1	679.57	679.507	679.697	0.19	43	3	3	2	1	1			866.8	1554.2	925.5	1613.9	963.5	1618.4	968.0	1629.7	909.1	1685.9	5		970	1617	2833	43.33111	1	father	679.6139
AA	1	BOTHER	964.7	1601.2	3156.2	97.9	230.1	724.0	680.243	680.166	680.396	0.23	5	3	3	2	1	1			894.3	1615.9	967.3	1601.4	962.2	1601.6	958.6	1628.9	911.5	1678.3	4		964	1575	3010	5.33111	1	bother	680.2595
AY	1	RHYME	929.3	1711.2	2009.3	151.1	317.8	572.1	682.158	682.122	682.262	0.14	41	4	1	2	7	0		s	922.6	1709.9	926.2	1781.1	885.4	1844.6	823.6	1851.9	772.3	1753.2	6		1021	1847	3024	41.4127	1	rhyme	682.1645
IH	1	NEARER	629.0	2567.5	3094.6	218.1	117.9	277.8	685.149	685.109	685.229	0.12	14	6	4	2	4	1			595.8	2715.9	635.8	2552.3	670.2	2449.7	673.4	2302.1	701.3	2125.0	5		591	2832	3371	14.60041	1	nearer	685.1131
IH	1	MIRROR	625.0	2624.6	2861.8	229.0	200.9	372.5	685.558	685.518	685.638	0.12	14	6	4	2	2	1			629.2	2675.6	623.2	2609.6	629.4	2437.6	645.7	2251.6	650.1	2072.6	5		616	2683	3074	1.60021	1	mirror	685.5374
UW	1	FOOL	498.1	893.7	2223.0	43.9	233.2	726.4	688.79	688.747	688.877	0.13	72	5	4	2	1	0			505.8	884.3	497.2	895.8	490.0	913.7	488.4	932.9	487.6	934.9	6		503	1024	2704	72.5421	1	fool	688.8133
AA	1	FARM	868.6	1473.9	2280.4	96.3	184.6	889.2	708.024	707.974	708.125	0.151	44	6	4	2	1	3			799.6	1403.6	882.4	1489.5	919.7	1576.7	901.0	1615.2	886.2	1673.4	6		942	1600	2599	44.6001	1	farm	708.0414
AH	1	DUSK	829.1	1767.4	2974.8	64.0	152.0	378.0	708.457	708.414	708.544	0.13	6	3	4	1	3	3			791.9	1814.6	830.5	1760.5	839.8	1714.4	844.5	1704.4	843.5	1688.1	4		823	1711	2865	6.34133	1	dusk	708.4624
AY	1	SIGHT	820.2	1659.4	2781.9	84.1	142.1	192.1	708.958	708.924	709.054	0.13	47	1	4	1	3	0			805.5	1592.3	806.9	1772.5	725.4	2027.9	608.4	2353.3	499.3	2218.2	5		828	1628	2735	47.1413	1	sight	708.9549
AA	1	SOCKS	1034.5	1734.9	2825.4	99.9	198.5	292.9	709.434	709.374	709.554	0.18	5	1	6	1	3	3			957.4	1770.5	1039.5	1726.7	1079.9	1669.8	1065.2	1684.2	1032.5	1745.3	4		1052	1616	2646	5.1613	1	socks	709.4659
EH	1	ELEMENTARY	838.7	2086.8	2436.4	53.1	127.3	2557.0	710.045	710.025	710.085	0.06	2	4	4	2	2	5			839.5	2068.6	838.3	2089.5	833.4	2116.4	826.5	2147.5	817.5	2014.2	5		846	2089	3285	2.44225	1	(ele)mentary	710.0477
AY	1	HIGHSCHOOL	960.4	1790.2	2739.7	153.1	363.1	506.2	710.59	710.585	710.685	0.1	47	3	4	1	0	4			930.2	1901.7	847.7	2068.9	746.0	2260.2	647.7	2467.7	597.4	2534.7	4		919	1947	2768	47.34201	1	highschool	710.6098
OW	1	BOAT	645.2	1041.7	2827.9	130.1	75.9	515.9	711.285	711.245	711.405	0.16	62	1	4	1	1	0			646.5	1047.2	644.1	1030.2	779.1	1391.0	793.1	1478.8	548.4	1375.1	5		646	1045	2897	62.1411	1	boat	711.2783
AY	1	SLIDER	955.5	1652.7	2787.9	87.7	173.2	220.2	712.125	712.092	712.232	0.14	41	1	4	2	8	1			951.6	1593.4	914.2	1839.4	816.5	2055.0	731.8	2222.3	639.9	2210.0	5		964	1661	2792	41.14281	1	slider	712.1262
IH	1	SIX	660.3	2108.1	3042.4	132.9	160.9	581.7	713.243	713.216	713.296	0.08	1	1	6	1	3	3			620.7	2057.8	662.6	2112.5	675.5	2162.4	653.9	2200.8	601.2	2216.4	5		678	2156	2999	1.16133	1	six	713.2548
AY	1	TIGER	1011.6	1803.9	2665.6	210.7	464.3	763.4	713.674	713.665	713.815	0.15	41	1	6	2	3	1			977.0	1733.0	922.1	1904.9	822.9	2117.7	689.6	2347.6	619.6	2632.0	5		969	1753	2651	41.25231	1	tiger	713.7038
ER	1	BURN	810.5	1691.5	1878.6	115.1	278.6	255.2	714.652	714.555	714.845	0.29	94	4	4	2	1	0			766.1	1665.9	814.6	1700.5	826.2	1724.5	813.6	1762.0	793.9	1813.1	5		789	1719	1831	94.6001	1	burn	714.7278
AY	1	WRITING	766.3	1847.8	2142.2	94.3	337.7	591.2	715.35	715.335	715.456	0.121	47	1	4	1	7	1			759.7	1949.8	682.4	2115.8	622.5	2250.3	575.9	2518.4	514.9	2622.4	5		772	1813	2094	47.1417	1	writing	715.3511
OW	1	GO	692.4	1376.4	2749.6	55.2	80.2	294.0	715.855	715.826	716.196	0.37	63	0	0	0	6	0			758.4	1275.6	706.3	1141.3	617.3	1027.0	596.3	940.1	613.2	858.7	5		760	1284	2749	62.0006	1	go	715.8997
AO	1	STALKS	917.7	1305.7	2418.0	98.2	156.2	321.7	716.513	716.446	716.646	0.2	53	1	6	1	3	3			880.2	1379.9	919.9	1300.0	924.4	1277.9	922.3	1286.5	878.7	1308.6	5		925	1288	2421	53.1613	1	stalks	716.5281
AO	1	INVENTORY	701.0	1438.7	2388.5	164.6	355.4	591.7	718.845	718.825	718.885	0.06	64	6	4	2	3	1			697.5	1534.7	700.3	1429.3	701.6	1364.5	706.0	1345.8	708.7	1351.7	5		709	1340	2313	54.60031	1	(inven)tory	718.8695
ER	1	FIRM	784.1	1717.3	1962.0	135.5	302.3	181.2	719.943	719.853	720.123	0.27	94	4	1	2	1	0			793.7	1696.4	781.6	1714.6	769.1	1709.2	749.6	1684.3	740.5	1695.9	5		777	1728	1959	94.6001	1	firm	719.9699
AY	1	SPIDER	893.8	1642.4	2730.3	309.6	311.2	689.4	720.81	720.813	720.972	0.159	41	1	4	2	1	1			876.0	1635.0	862.6	1880.7	782.3	2054.9	675.6	2176.3	648.3	2277.2	5		884	1726	2660	41.14211	1	spider	720.8528
EH	1	DESK	966.0	1874.7	2778.9	55.2	174.0	265.1	721.542	721.482	721.662	0.18	2	3	4	1	3	3			853.1	1950.6	972.6	1868.5	982.4	1834.3	947.5	1825.3	879.5	1844.1	5		985	1841	2767	2.34133	1	desk	721.5603
UW	2	RUDIMENTARY	508.6	1574.9	2176.8	205.5	515.2	325.3	722.14	722.133	722.193	0.06	73	1	4	2	7	2			508.6	1574.9	497.8	1640.2	498.3	1676.1	489.7	1748.5	480.9	1826.3	5		483	1557	2060	82.14272	1	rudimentary	722.16
EH	1	RUDIMENTARY	897.2	2010.1	3324.5	138.1	141.9	308.4	722.35	722.333	722.383	0.05	2	4	4	2	2	5			896.3	1998.0	897.2	2010.1	891.8	2035.9	878.7	2054.3	860.0	2063.0	4		894	2015	3225	2.44225	1	(rudi)mentary	722.3546
OW	1	HOME	733.0	1132.6	2965.5	196.5	168.1	442.2	724.755	724.735	724.905	0.17	62	4	1	2	0	0			771.0	1260.6	734.1	1198.7	755.8	1460.1	761.6	1649.6	716.4	1389.2	5		698	1105	2172	62.412	1	home	724.7929
EH	1	SEX	880.4	1928.8	2880.4	55.9	124.2	152.9	725.281	725.234	725.375	0.141	2	1	6	1	3	3			757.8	1953.8	889.0	1924.0	961.4	1873.5	986.2	1881.3	939.0	1936.2	4		987	1871	2443	2.16133	1	sex	725.316
AY	1	TIED	1054.1	1706.4	2649.7	82.5	201.6	265.0	725.902	725.864	726.164	0.3	41	1	4	2	3	0			1048.6	1727.0	1023.6	1896.0	826.8	2136.4	667.0	2207.7	637.2	2140.1	5		1044	1765	2715	41.0023	1	tied	725.9393
AE	1	BAG	845.1	2288.2	3189.3	88.9	158.5	386.4	726.457	726.344	726.684	0.34	3	1	6	2	1	0			817.0	2288.9	852.4	2279.3	970.5	2136.4	1018.9	2027.0	947.6	1944.0	4		812	2273	3030	3.1621	1	bag	726.4318
OW	1	NO	863.9	1800.2	2955.6	100.7	204.2	580.1	727.023	726.995	727.335	0.34	63	0	0	0	4	0			884.3	1468.9	792.5	1230.1	619.8	1037.5	738.4	2161.1	591.3	895.2	5		892	1543	2964	62.0004	1	no	727.0518
AY	1	RIDING	984.8	1581.7	2447.5	54.5	300.0	360.0	727.915	727.858	728.019	0.161	41	1	4	2	7	1			946.4	1465.1	984.8	1571.9	945.7	1869.2	801.9	2212.2	647.7	2409.5	5		988	1508	2478	41.1427	1	riding	727.9074
AE	1	SACKS	828.7	2216.6	3132.1	91.7	151.1	324.5	728.498	728.428	728.638	0.21	3	1	6	1	3	3			747.2	2161.7	834.0	2213.9	898.9	2160.3	981.1	2065.8	970.8	2019.0	4		815	2204	2808	3.1613	1	sacks	728.495
EH	2	SEDIMENTARY	792.8	1750.1	2814.0	105.6	213.2	303.4	729.025	728.998	729.078	0.08	2	1	4	2	3	2			723.9	1718.4	797.4	1754.1	836.5	1794.5	838.6	1832.5	807.8	1852.1	5		843	1817	2871	2.14232	1	sedimentary	729.0461
AY	1	MINOR	1024.5	1656.4	1944.4	151.6	479.1	520.9	729.905	729.879	730.009	0.13	41	4	4	2	2	1			1024.5	1656.4	987.7	1723.5	920.6	1807.1	859.7	1805.7	834.9	1065.5	6		1097	1859	3060	41.44221	1	minor	729.9144
AA	1	MA	992.5	1435.5	1894.6	193.9	270.2	612.4	730.737	730.714	730.783	0.069	43	0	0	0	2	0			951.3	1441.1	996.6	1434.7	1022.0	1416.2	1035.2	1425.7	1034.9	1434.9	6		1175	1596	3098	43.0002	1	ma	730.8031
AA	1	PA	1024.7	1572.2	2639.4	57.1	221.1	419.4	731.14	731.074	731.273	0.199	43	0	0	0	1	0			1032.2	1585.5	1024.6	1574.0	1029.6	1602.2	1033.4	1632.3	1028.8	1631.9	5		1032	1608	2689	43.0001	1	pa	731.1757
AY	1	TIED	1057.6	1717.3	2582.2	80.3	164.3	380.9	733.204	733.127	733.478	0.351	41	1	4	2	3	0			1056.7	1706.0	1025.4	1814.2	851.5	2127.8	635.8	2422.4	576.8	1785.0	5		1112	1825	3441	41.0023	1	tied	733.1827
AO	1	HORSE	650.9	1032.7	2090.0	150.5	109.8	141.8	735.88	735.853	735.933	0.08	64	6	4	2	0	3			633.8	974.0	652.4	1038.8	661.1	1110.0	661.3	1150.3	670.1	1215.5	6		644	947	2277	54.6	1	horse	735.8634
AY	1	SIDE	1022.0	1743.5	3044.8	135.1	216.2	1371.0	736.61	736.523	736.843	0.32	41	1	4	2	3	0			1005.7	1727.9	1004.8	1769.6	954.9	1893.2	756.4	2210.8	602.7	2594.8	4		976	1624	2315	41.1423	1	side	736.6008
AH	1	SUCKS	902.7	1553.8	2579.5	67.5	196.5	511.0	737.227	737.184	737.313	0.129	6	1	6	1	3	3			871.8	1634.1	905.8	1547.7	919.2	1519.6	887.3	1538.3	856.2	1562.8	5		920	1515	2488	6.1613	1	sucks	737.2471
EY	1	VAGUE	617.6	2465.0	3077.0	135.6	257.3	229.5	739.486	739.439	739.758	0.319	21	1	6	2	1	0			608.0	2574.0	538.1	2723.4	502.9	2792.1	497.2	2752.1	475.5	2802.4	5		600	2566	3130	21.16211	1	vague	739.5017
AY	1	MINER	948.2	1573.1	1795.7	227.0	207.6	1007.1	740.278	740.248	740.399	0.151	41	4	4	2	2	1		s	948.2	1573.1	899.7	1706.6	858.1	1766.5	783.0	1372.1	574.5	1036.2	6		1030	1597	3094	41.44221	1	miner	740.2748
EH	1	MARY	713.5	2438.7	3277.0	146.8	197.9	680.0	740.942	740.899	741.028	0.129	2	6	4	2	2	1			713.3	2500.9	714.1	2428.9	733.6	2341.1	760.7	2235.9	798.8	2115.9	4		711	2513	3288	24.60021	1	Mary	740.9185
