vowel	stress	word	F1	F2	F3	B1	B2	B3	t	beg	end	dur	cd	fm	fp	fv	ps	fs	style	glide	F1@20%	F2@20%	F1@35%	F2@35%	F1@50%	F2@50%	F1@65%	F2@65%	F1@80%	F2@80%	nFormants	F1_man	F2_man	F3_man	plt_code	plt_stress	plt_word	t_man
AY	1	NINETEEN	693.9	1787.6	2663.1	114.6	105.1	390.5	20.092	20.064	20.164	0.1	41	4	4	2	4	4		s	683.3	1737.2	687.4	1827.1	645.3	1908.1	580.7	1965.8	526.2	1974.8	5		706	1796	2716	41.44242	1	nineteen	20.0918
EY	1	EIGHTY	469.5	2009.3	2689.2	99.9	68.9	978.9	20.348	20.334	20.413	0.079	21	1	4	1	0	1			469.3	2009.1	461.1	2001.7	451.7	1990.4	444.5	1980.6	428.2	1966.2	5		465	2006	2799	21.14101	1	eighty	20.3596
IY	1	THREE	435.4	1835.4	2355.8	125.9	195.5	785.1	20.656	20.633	20.703	0.07	12	0	0	0	8	0			433.6	1747.0	435.2	1843.7	428.3	1898.0	382.1	1927.8	539.3	2143.5	5		436	1860	2639	12.0008	1	three	20.6616
AA	1	COLLEGE	773.8	1402.8	2658.9	88.1	128.4	477.7	26.522	26.482	26.602	0.12	5	5	4	2	6	1			764.7	1511.9	775.6	1397.1	781.3	1357.4	774.7	1325.4	766.0	1297.1	4		772	1316	2709	5.54201	1	college	26.5647
AH	1	OTHER	706.8	1264.4	3052.7	71.7	100.8	797.1	27.441	27.398	27.528	0.13	6	3	3	2	0	1			728.3	1310.6	702.9	1257.5	649.8	1202.6	588.9	1174.2	556.0	1210.8	4		734	1334	2728	6.33101	1	other	27.4137
AE	1	THAT	661.9	1617.5	1799.4	111.7	206.1	1466.1	27.78	27.747	27.847	0.1	3	1	4	1	3	0			656.9	1600.1	662.8	1618.2	665.7	1565.5	663.9	1289.6	673.9	1070.6	5		681	1624	2601	3.1413	1	that	27.7941
AO	1	NORTH	539.7	1157.0	2331.7	77.9	98.8	589.3	31.977	31.944	32.044	0.1	64	6	4	2	4	3			505.5	1231.0	541.4	1141.5	535.3	1036.0	522.2	1002.0	520.6	1058.3	5		521	994	2066	54.6004	1	north	32.0077
EY	1	BABY	477.6	1865.2	2921.4	67.3	137.9	1258.4	33.926	33.914	34.073	0.159	21	1	1	2	1	1			468.1	1996.9	450.7	2024.0	433.0	1938.6	421.5	1682.1	411.6	1972.8	5		468	2031	2954	21.11211	1	baby	33.9479
IY	1	THREE	390.0	1880.1	2341.8	109.5	135.4	911.2	36.927	36.904	36.974	0.07	12	0	0	0	8	0			394.5	1811.9	389.9	1886.8	397.8	1943.1	583.3	2071.6	1181.2	2399.7	5		387	1913	2363	12.0008	1	three	36.9308
AO	1	NORTH	515.9	1330.3	2294.4	71.1	76.3	591.9	42.948	42.928	42.988	0.06	64	6	4	2	4	3			498.1	1373.6	516.9	1324.7	521.9	1281.0	522.8	1250.2	522.7	1249.9	5		523	1239	2121	54.6004	1	north	42.9707
ER	1	HERKIMER	482.4	1300.0	1649.9	62.2	101.2	193.7	47.216	47.193	47.262	0.069	94	1	6	1	0	2			491.6	1274.4	481.2	1303.0	464.1	1337.3	448.2	1379.5	646.8	1401.9	5		474	1314	1610	94.60002	1	Herkimer	47.2229
UW	1	SCHOOL	410.4	907.7	1942.4	60.3	288.9	1543.3	48.126	48.083	48.212	0.129	72	5	4	2	6	0			407.6	919.2	410.5	906.2	413.9	903.2	423.2	910.4	428.6	913.4	6		410	898	2244	72.5426	1	school	48.1431
AY	1	HIGHSCHOOL	737.4	1363.8	2153.0	121.6	167.6	216.2	50.679	50.669	50.748	0.079	47	3	4	1	0	4		s	733.6	1374.6	711.8	1389.1	693.7	1433.3	669.5	1491.1	638.2	1548.3	5		725	1378	2156	47.34201	1	highschool	50.6929
AE	1	GRADUATED	597.5	1631.9	2156.3	56.5	124.2	172.6	56.908	56.888	56.947	0.059	3	2	5	2	8	2			591.3	1598.3	597.8	1637.0	597.3	1689.0	587.7	1737.7	569.1	1778.1	5		600	1634	2166	3.25282	1	graduated	56.9095
AE	1	GRADUATE	620.2	1859.0	3701.0	188.1	165.0	626.6	57.874	57.847	57.928	0.081	3	2	5	2	8	2			620.2	1852.0	619.1	1859.7	603.5	1850.7	575.0	1835.0	525.6	1839.4	3		577	1604	2114	3.25281	1	graduate	57.871
AH	1	ANOTHER	630.8	1334.1	2850.4	128.6	117.0	1517.5	58.93	58.907	58.977	0.07	6	3	3	2	4	1			621.3	1369.8	630.2	1321.8	620.1	1258.6	593.1	1193.2	542.2	1168.4	4		645	1294	2667	6.33141	1	(a)nother	58.9394
AH	1	MONTH	609.2	953.0	2352.9	198.8	88.4	648.2	59.167	59.147	59.206	0.059	6	4	4	2	2	3			610.0	952.4	609.6	953.5	606.6	959.4	602.0	963.0	584.5	959.7	6		583	942	2373	6.44223	1	month	59.1559
EY	0	COLGATE	461.6	1892.8	2547.1	112.6	84.8	548.9	62.359	62.302	62.462	0.16	21	1	4	1	6	0			448.1	1929.2	461.6	1892.7	453.1	1910.4	424.8	1932.7	409.1	1956.5	4		466	1871	2418	21.1416	1	(Col)gate	62.3539
OW	1	GOING	554.0	1060.0	2152.2	85.4	95.2	119.1	64.9	64.883	64.953	0.07	62	0	0	0	6	1			549.6	1068.3	564.0	1042.8	577.3	1030.7	592.1	1031.3	599.3	1057.6	6		587	1029	2159	62.4426	1	going	64.9223
AH	1	STUDYING	565.6	1468.4	2554.0	131.5	137.0	438.5	67.939	67.913	67.992	0.079	6	1	4	2	3	2			545.2	1447.2	568.3	1472.6	575.9	1502.0	571.3	1539.8	554.8	1589.0	4		572	1464	2398	6.14231	1	studying	67.9479
EH	1	THEIR	519.8	1556.9	2413.0	57.5	102.7	291.3	68.456	68.412	68.543	0.131	24	6	4	2	3	0			510.8	1556.1	520.4	1555.7	522.6	1539.8	517.1	1533.7	504.0	1523.4	5		514	1563	2421	24.6003	1	their	68.4451
IH	1	BUSINESS	475.4	1637.5	2371.5	92.2	124.4	239.4	68.672	68.652	68.712	0.06	1	3	4	2	1	4			472.0	1622.1	475.4	1638.6	475.2	1646.5	469.5	1647.4	458.6	1639.1	5		472	1650	2503	1.34212	1	business	68.6872
OW	1	PROGRAM	501.8	1198.7	1805.9	86.9	95.2	133.9	69.032	69.023	69.102	0.079	62	1	6	2	8	1			502.3	1175.4	498.3	1092.0	480.3	1011.2	456.5	960.5	487.5	1007.9	5		505	1168	1819	62.16284	1	program	69.0405
AE	1	THANKS	637.8	1736.8	2678.5	57.9	116.9	192.7	71.099	71.056	71.186	0.13	3	4	6	2	3	3			628.2	1646.2	637.3	1747.2	632.4	1781.2	620.0	1825.0	622.2	1867.6	5		623	1871	2684	3.46233	1	thanks	71.1659
OW	1	BOTH	521.5	897.6	2272.5	94.5	76.7	199.1	75.503	75.481	75.572	0.091	62	3	3	1	1	0			521.9	902.8	519.6	895.9	522.7	924.4	527.1	970.8	534.2	1018.9	5		526	899	2252	62.3311	1	both	75.5006
AO	1	BORN	497.3	800.6	2042.9	107.4	76.8	239.1	75.712	75.682	75.771	0.089	64	6	4	2	1	3			467.9	781.5	500.4	803.7	533.3	861.7	556.1	937.1	574.5	1048.7	6		548	847	2144	54.6001	1	born	75.7229
EH	1	PARENTS	657.9	1741.1	3344.8	252.8	132.4	396.4	81.355	81.308	81.449	0.141	2	6	4	2	1	1			640.8	1769.9	658.8	1743.6	664.1	1776.0	663.4	1801.4	643.8	1803.4	3		603	1626	1930	24.60011	1	parents	81.3482
OW	1	BOTH	509.1	1008.7	1996.9	195.6	203.9	251.9	82.778	82.757	82.858	0.101	62	3	3	1	1	0			511.3	1027.3	480.6	844.7	506.0	893.8	527.8	960.4	542.3	1028.6	6		533	954	2308	62.3311	1	both	82.8226
AO	1	BORN	506.2	846.5	2257.9	103.9	69.0	807.6	82.991	82.958	83.058	0.1	64	6	4	2	1	3			467.3	847.8	513.6	848.9	570.2	902.5	606.1	1004.3	622.3	1120.9	5		548	866	2100	54.6001	1	born	83.002
AW	1	AROUND	736.2	1310.0	2117.5	104.6	113.1	329.8	83.231	83.197	83.358	0.161	42	4	4	2	7	0			731.3	1304.4	769.2	1359.2	770.2	1355.2	744.2	1313.9	661.1	1302.9	5		776	1369	2296	42.44273	1	(a)round	83.2627
IH	1	HERE	467.0	1908.3	2267.6	77.0	104.6	540.3	83.481	83.417	83.608	0.191	14	6	4	2	0	0			451.4	1971.0	467.9	1903.8	483.5	1799.3	498.3	1704.1	510.3	1617.9	5		464	1924	2313	14.6	1	here	83.4679
EH	1	PARENTS	656.7	1707.5	2810.5	201.1	146.6	2253.1	85.312	85.235	85.465	0.23	2	6	4	2	1	1			652.7	1730.5	655.5	1707.9	650.7	1738.1	649.4	1753.8	650.7	1747.4	4		623	1629	2230	24.60011	1	parents	85.2727
AO	1	BORN	487.8	837.9	2088.1	75.8	56.1	111.1	86.352	86.326	86.405	0.079	64	6	4	2	1	3			475.7	818.5	490.0	842.8	508.5	891.0	532.7	956.5	555.3	1061.5	5		496	857	2090	54.6001	1	born	86.3596
OW	1	KNOW	630.6	1218.6	1395.1	138.4	89.8	1603.9	88.275	88.236	88.406	0.17	63	0	0	0	4	0			628.8	1221.3	628.4	1078.8	619.7	1109.4	620.2	1116.8	608.5	1078.2	6		648	1225	2031	62.0004	1	know	88.2813
AA	1	PROBABLY	682.0	1188.9	2361.1	71.0	76.2	260.5	98.838	98.818	98.878	0.06	5	1	1	2	8	1			690.2	1197.5	680.5	1186.8	664.6	1164.5	643.6	1150.9	609.0	1143.3	5		678	1181	2351	5.11282	1	probably	98.8411
UH	1	LOOK	488.3	1245.1	2405.6	48.7	71.5	532.4	99.094	99.077	99.127	0.05	7	1	6	1	7	0			491.3	1234.3	488.3	1245.1	477.0	1248.3	458.7	1257.8	451.0	1268.0	5		494	1231	2616	7.1617	1	look	99.0861
EH	1	ELSE	614.1	1329.3	2047.5	39.8	84.1	248.2	99.504	99.487	99.538	0.051	2	5	4	2	0	3			602.7	1327.4	616.4	1329.1	633.1	1323.7	648.4	1311.8	655.2	1301.8	5		662	1276	2458	2.54203	1	else	99.5391
IH	1	INITIALLY	485.6	1812.2	2622.2	104.8	65.6	196.4	100.823	100.806	100.856	0.05	1	3	5	1	4	2			475.9	1807.5	485.6	1812.2	490.8	1811.1	494.2	1816.5	498.0	1823.6	5		499	1814	2609	1.35142	1	(i)nitially	100.8397
AA	1	NOT	723.0	1495.4	2853.5	112.6	126.2	480.2	113.395	113.372	113.442	0.07	5	1	4	1	4	0			703.7	1496.9	723.7	1494.3	726.7	1481.8	720.9	1469.8	701.2	1436.3	4		716	1462	2734	5.1414	1	not	113.3995
AA	1	LOT	746.1	1306.6	2876.5	77.1	103.4	451.9	113.588	113.561	113.642	0.081	5	1	4	1	7	0			738.7	1264.6	746.4	1309.9	743.5	1341.7	733.1	1365.8	702.9	1358.6	4		736	1311	2669	5.1417	1	lot	113.5961
AA	1	COLLAR	774.1	1331.8	2738.6	145.3	158.7	699.2	114.058	114.031	114.111	0.08	5	5	4	2	6	1			786.4	1365.2	772.5	1329.3	765.3	1311.2	760.6	1297.8	748.4	1276.4	4		750	1287	2456	5.54201	1	collar	114.0718
EH	1	PROFESSIONAL	653.7	1435.5	2645.3	109.2	164.7	529.1	114.515	114.491	114.562	0.071	2	3	5	1	1	2			642.5	1414.7	655.3	1438.9	665.9	1474.4	663.0	1522.4	651.0	1562.9	4		646	1422	2462	2.35112	1	(pro)fessional	114.5277
AA	1	JOBS	719.0	1351.9	2702.1	77.5	80.9	883.9	114.991	114.931	115.111	0.18	5	1	1	2	5	3			708.4	1383.3	721.3	1351.9	730.8	1346.8	718.1	1335.8	692.6	1329.5	4		728	1337	2466	5.1125	1	jobs	115.0277
EH	1	DEPENDS	656.9	1380.1	1538.9	138.1	193.8	961.0	117.398	117.381	117.431	0.05	2	4	4	2	1	3			660.5	1358.6	656.9	1380.1	643.8	1399.6	622.1	1362.9	599.9	1324.0	6		692	1406	2410	2.44213	1	(de)pends	117.4023
AO	1	FOR	420.6	802.5	1935.0	109.6	75.8	599.6	118.041	118.001	118.122	0.121	64	6	4	2	1	0			425.9	833.7	421.8	801.7	444.0	817.3	478.4	892.1	505.1	958.6	6		448	810	2261	54.6001	1	for	118.059
EH	1	GUESS	525.5	1862.6	2164.2	52.5	113.1	321.1	120.954	120.934	120.994	0.06	2	3	4	1	6	0			499.0	1899.4	528.4	1858.0	548.1	1818.6	552.4	1784.3	544.5	1750.4	5		557	1795	2208	2.3416	1	guess	120.9679
OW	1	NO	545.9	1299.5	2286.3	93.4	87.9	346.2	121.636	121.624	121.723	0.099	63	0	0	0	4	0			558.4	1246.2	551.4	1114.9	529.5	976.4	510.5	897.1	514.5	869.4	5		559	1174	2309	62.0004	1	no	121.6545
AW	1	ACCOUNTANTS	791.8	1547.6	2305.2	312.1	266.8	907.0	121.863	121.833	121.953	0.12	42	4	4	2	6	4			807.4	1591.5	785.0	1445.5	762.6	1358.1	737.2	1277.0	734.4	1211.6	5		736	1296	2572	42.44204	1	(ac)countants	121.9052
AW	1	AROUND	659.0	1344.5	2022.7	63.2	134.1	145.0	122.894	122.873	123.023	0.15	42	4	4	2	7	0			673.6	1345.1	678.6	1364.0	661.6	1340.7	633.3	1290.5	606.4	1380.5	5		683	1344	2072	42.44273	1	(a)round	122.9095
IH	1	HERE	465.2	1937.6	2941.0	77.6	79.7	1363.2	123.146	123.093	123.253	0.16	14	6	4	2	0	0			472.6	1973.9	466.3	1932.2	499.2	1907.1	517.6	1955.7	525.5	1873.2	4		455	1930	2284	14.6	1	here	123.1345
AO	1	OR	429.6	710.7	2102.8	82.4	95.1	217.4	124.517	124.437	124.677	0.24	64	6	4	2	0	0			436.1	717.5	426.7	709.4	422.5	709.3	460.3	775.5	497.8	923.1	6		467	689	2230	54.6006	1	or	124.5377
IY	1	REAL	343.5	1763.4	2159.9	106.6	120.1	358.5	124.963	124.936	125.016	0.08	11	5	4	2	7	0			329.3	1729.2	345.0	1765.5	371.2	1780.0	400.6	1741.3	434.4	1646.4	5		369	1788	2184	11.5427	1	real	124.9764
EY	1	ESTATE	479.1	1872.4	2801.8	84.6	66.9	379.6	125.262	125.247	125.346	0.099	21	1	4	1	3	0			474.2	1892.8	452.0	1918.7	430.1	1939.4	421.7	1943.5	407.0	1938.8	4		471	1887	2735	21.1413	1	(e)state	125.2684
IY	1	PEOPLE	365.5	1976.9	3069.6	102.3	82.9	383.8	125.456	125.416	125.537	0.121	11	1	1	1	1	1			374.7	1979.2	364.1	1977.7	362.9	1996.3	384.5	1959.3	468.9	1778.4	4		377	1976	2935	11.11111	1	people	125.4622
EY	1	MAYBE	477.9	1920.5	3021.6	118.2	63.5	427.3	126.289	126.277	126.376	0.099	21	1	1	2	2	1			459.0	1927.2	429.2	1944.3	409.5	1956.0	393.5	1941.5	354.9	1914.6	4		484	1905	2845	21.1122	1	maybe	126.2884
EH	1	ENGINEER	589.0	1862.9	2657.0	113.9	61.7	347.9	128.986	128.966	129.027	0.061	2	4	4	2	0	5			586.5	1849.4	589.2	1864.4	585.5	1875.1	574.0	1887.8	552.5	1887.0	4		592	1867	2592	2.46205	1	engineer	128.9949
IH	1	ENGINEER	446.2	1945.7	2572.2	80.1	64.8	588.0	129.283	129.236	129.376	0.14	14	6	4	2	4	0			447.2	1966.7	447.1	1942.7	460.6	1897.2	467.1	1804.7	469.0	1702.7	5		443	1960	2639	14.6004	1	(engi)neer	129.2741
AY	1	KIND	740.3	1590.2	2272.5	169.0	160.5	380.5	129.834	129.797	130.017	0.22	41	4	4	2	6	3		s	736.0	1565.4	691.8	1413.6	665.7	1496.1	636.4	1552.0	608.7	1515.2	5		750	1588	2289	41.44263	1	kind	129.8368
AA	1	NOT	706.1	1465.8	2626.9	243.1	133.2	633.8	130.831	130.791	130.911	0.12	5	1	4	1	4	0			689.0	1476.9	705.1	1460.4	724.1	1385.1	741.3	1363.4	687.7	1294.8	5		704	1512	2013	5.1414	1	not	130.8311
AH	1	MUCH	611.9	1227.7	2276.6	359.8	277.6	780.9	131.02	131.0	131.06	0.06	6	2	5	1	2	0			556.8	1167.7	619.4	1238.1	670.8	1316.6	644.6	1376.7	554.1	1435.3	6		570	1142	2272	6.16123	1	much	131.0077
AE	1	THAT	623.1	1576.4	2323.0	248.5	189.2	1226.3	131.393	131.37	131.44	0.07	3	1	4	1	3	0			597.4	1569.2	619.9	1576.4	629.3	1570.9	649.8	1464.7	664.7	1219.6	6		705	1641	2625	3.1413	1	that	131.4707
AA	1	LOT	701.2	1252.3	2800.1	82.3	110.0	260.0	133.185	133.158	133.239	0.081	5	1	4	1	7	0			682.8	1200.2	702.4	1257.6	707.7	1322.2	704.8	1384.0	696.6	1435.0	4		699	1327	2667	5.1417	1	lot	133.2043
IH	1	INDUSTRY	516.0	2021.0	2908.0	79.9	112.1	1158.6	133.485	133.468	133.518	0.05	1	4	4	2	0	5			514.9	2019.4	516.0	2021.0	514.3	2008.2	502.6	1981.6	489.6	1979.9	4		520	2020	2925	1.44205	1	industry	133.4835
UW	1	MOVED	384.6	1159.6	2214.0	78.5	117.6	509.8	134.031	134.008	134.078	0.07	72	3	2	2	2	3			391.0	1184.4	383.1	1150.9	378.5	1112.8	377.5	1085.3	381.1	1101.0	5		415	1261	2977	72.3222	1	moved	134.0277
OW	1	NO	556.3	1353.9	2158.2	112.4	78.9	278.2	139.387	139.369	139.439	0.07	63	0	0	0	4	0			552.4	1387.2	562.3	1304.8	568.5	1236.7	573.6	1177.4	577.7	1151.0	5		713	1213	2744	62.0004	1	no	139.4351
AW	1	NOW	660.1	1624.4	2574.3	72.7	200.0	994.3	139.927	139.899	140.01	0.111	42	0	0	0	4	0			656.9	1643.3	667.8	1580.4	681.7	1511.4	688.1	1445.9	684.1	1376.9	5		664	1622	2892	42.0004	1	now	139.9365
EH	1	TELL	594.9	1506.3	2486.7	123.2	211.9	647.7	140.956	140.939	140.989	0.05	2	5	4	2	3	0			576.0	1565.9	594.9	1506.3	614.9	1403.7	627.8	1310.7	627.8	1253.3	5		654	1261	2763	2.5423	1	tell	140.9807
IY	1	PEOPLE	391.0	1846.7	2922.3	166.4	131.6	558.6	141.152	141.119	141.219	0.1	11	1	1	1	1	1			385.8	1871.5	391.3	1842.8	393.2	1821.2	391.7	1815.8	390.2	1824.0	4		394	1828	2869	11.11111	1	people	141.1659
EH	1	EXXON	693.2	1581.3	2579.2	103.5	227.5	1035.3	143.488	143.468	143.528	0.06	2	1	6	1	0	4			680.6	1539.4	694.3	1588.3	700.6	1650.4	696.7	1721.6	677.7	1764.5	4		698	1586	2493	2.16104	1	Exxon	143.4907
AE	1	ASK	593.3	1897.3	4023.6	56.0	91.7	622.0	144.541	144.508	144.608	0.1	33	3	4	1	0	3			572.3	1936.9	595.4	1893.2	603.3	1896.5	608.2	1904.5	610.1	1839.5	3		600	1870	3860	3.34103	1	ask	144.5505
IY	0	BE	395.6	2014.9	2859.3	99.2	123.0	313.2	145.265	145.238	145.318	0.08	12	0	0	0	1	0			397.4	1997.6	395.7	2016.3	396.3	2021.2	395.5	1990.0	403.6	1821.2	5		388	2015	2919	12.0001	1	be	145.2613
AA	1	NOT	795.2	1488.9	2704.0	125.5	124.4	1640.5	157.894	157.857	157.967	0.11	5	1	4	1	4	0			730.1	1551.3	801.5	1483.2	831.1	1466.5	799.0	1485.2	727.2	1506.0	5		840	1467	2178	5.1414	1	not	157.9166
AH	1	MUCH	572.2	1364.5	3241.2	145.0	101.3	785.3	158.203	158.186	158.237	0.051	6	2	5	1	2	0			578.5	1316.4	570.3	1376.0	548.6	1456.2	515.6	1526.8	494.2	1581.0	4		565	1223	2084	6.16123	1	much	158.1887
AW	1	DOWNTOWN	706.5	1623.9	3629.9	147.1	164.0	900.5	158.457	158.416	158.586	0.17	42	4	4	2	3	4			672.1	1642.5	802.9	1572.5	849.2	1413.0	806.2	1233.3	798.3	1191.2	3		755	1455	2579	42.44234	1	downtown	158.4821
AW	0	DOWNTOWN	715.1	1298.8	2246.6	146.3	123.1	1149.5	158.728	158.696	158.826	0.13	42	4	4	2	3	0			709.8	1305.3	721.2	1292.3	724.0	1286.8	721.1	1265.0	695.2	1232.8	5		722	1289	2283	42.4423	1	(down)town	158.7471
AA	1	BARS	648.2	1152.1	2084.8	42.1	49.7	88.4	159.663	159.626	159.737	0.111	44	6	4	2	1	3			633.0	1106.9	649.0	1155.9	652.0	1173.5	655.7	1196.1	645.9	1229.5	6		653	1179	1969	44.6001	1	bars	159.6915
AE	1	HALF	742.8	1765.2	2108.6	40.5	142.0	1168.9	160.502	160.468	160.569	0.101	33	3	2	1	0	0			754.0	1791.0	742.2	1762.7	731.8	1710.1	719.9	1649.3	733.5	1655.1	5		760	1807	2802	3.321	1	half	160.4921
AY	1	MILE	742.1	1290.1	1692.9	100.1	118.7	1048.0	160.756	160.709	160.809	0.1	41	5	4	2	2	0		s	718.6	1195.0	735.8	1248.5	741.6	1300.9	730.7	1365.5	724.4	1397.8	6		831	1356	3230	41.5422	1	mile	160.7542
AY	1	MILE	692.6	1211.3	3438.2	105.8	102.1	235.8	161.308	161.238	161.378	0.14	41	5	4	2	2	0		s	657.2	1140.5	685.0	1175.0	692.6	1211.3	724.5	1283.8	750.1	1416.4	4		758	1401	3152	41.5422	1	mile	161.3454
AW	1	DOWNTOWN	656.2	1469.9	2830.4	51.5	182.8	2435.0	161.879	161.848	161.979	0.131	42	4	4	2	3	4			649.3	1488.7	681.4	1400.1	683.8	1328.6	662.8	1260.5	637.0	1260.8	4		692	1334	3279	42.44234	1	downtown	161.9123
AA	1	GOTTEN	711.2	1642.5	2733.7	143.6	159.3	635.5	163.502	163.472	163.562	0.09	5	1	4	1	6	1			679.8	1720.7	712.8	1635.7	720.4	1554.8	722.4	1520.9	730.3	1524.8	4		719	1572	2636	5.14161	1	gotten	163.512
IH	1	BIG	464.4	1759.6	2747.2	94.8	59.5	226.0	163.993	163.963	164.052	0.089	1	1	6	2	1	0			453.1	1751.2	464.9	1760.5	467.3	1782.6	466.5	1814.3	459.4	1850.3	4		471	1817	2779	1.1621	1	big	164.0191
AH	1	COUPLE	641.9	1216.2	2370.7	95.1	84.0	391.6	164.609	164.582	164.663	0.081	6	1	1	1	6	1			641.8	1269.7	642.0	1212.7	636.0	1154.7	610.5	1068.5	561.9	964.3	5		662	1196	2859	6.11101	1	couple	164.6189
IH	1	BIG	443.9	1759.7	2371.0	68.1	67.5	416.4	165.798	165.781	165.831	0.05	1	1	6	2	1	0			444.8	1731.7	443.9	1759.7	439.4	1808.1	431.9	1841.8	424.0	1871.2	5		458	1822	2671	1.1621	1	big	165.8026
ER	1	THURSDAY	437.4	1489.5	1783.9	94.4	97.6	94.9	166.377	166.34	166.451	0.111	94	3	4	2	3	4			452.7	1490.0	435.5	1490.3	419.4	1429.3	415.3	1531.6	414.2	1542.1	6		412	1474	1739	94.60034	1	Thursday	166.3924
AY	1	NIGHT	665.9	1386.2	2479.9	87.6	117.3	368.7	166.703	166.65	166.79	0.14	47	1	4	1	4	0			648.0	1400.3	664.4	1379.8	655.7	1428.9	646.0	1551.0	607.8	1671.5	5		664	1375	2483	47.1414	1	night	166.7029
AY	1	NIGHT	626.4	1563.3	1738.1	65.8	134.5	1311.1	168.499	168.477	168.576	0.099	47	1	4	1	4	0		m	625.7	1557.4	616.1	1588.6	583.3	1417.7	539.9	1278.1	494.8	1449.4	6		646	1566	2343	47.1414	1	night	168.4992
IY	1	PEOPLE	380.7	1981.9	3242.3	165.4	140.0	842.0	168.68	168.656	168.727	0.071	11	1	1	1	1	1			512.6	2051.9	379.3	1980.3	378.6	1969.0	486.0	1950.9	809.0	2023.8	4		378	1965	2797	11.11111	1	people	168.6944
IY	0	REALLY	463.5	1740.5	2455.6	100.5	81.3	400.5	168.973	168.956	169.007	0.051	12	0	0	0	7	0			469.2	1701.5	461.9	1749.0	443.4	1808.7	416.2	1879.5	394.7	1930.3	5		444	1559	1954	11.54271	1	really	168.9166
AW	1	OUT	667.6	1217.4	3066.4	59.5	114.1	895.7	169.251	169.206	169.386	0.18	42	1	4	1	0	0			667.3	1229.8	675.1	1214.5	686.9	1214.4	674.8	1192.5	662.4	1325.3	4		679	1212	2873	42.141	1	out	169.2613
AE	1	SARANAC	531.8	1592.3	1943.6	71.1	133.3	1217.1	175.153	175.136	175.187	0.051	3	6	4	2	3	2			529.9	1586.0	532.0	1590.9	531.3	1581.3	529.0	1572.5	526.9	1568.6	6		543	1603	2467	3.60032	1	Saranac	175.1474
AE	2	SARANAC	629.8	1759.2	2311.8	80.0	121.6	1091.0	175.299	175.276	175.346	0.07	3	1	6	1	4	0			611.9	1737.6	631.4	1764.4	633.1	1802.5	619.8	1854.1	596.6	1888.7	5		637	1798	2288	3.1614	1	(Sara)nac	175.3126
ER	1	THURSDAYS	446.8	1493.5	1926.3	84.8	121.3	196.5	175.536	175.496	175.616	0.12	94	3	4	2	3	4			471.4	1480.6	444.7	1495.3	432.7	1503.1	421.4	1505.2	423.6	1510.0	6		414	1486	1792	94.60034	1	Thursdays	175.5576
IH	1	BIG	413.4	1839.3	2526.3	42.5	274.2	427.1	176.523	176.506	176.556	0.05	1	1	6	2	1	0			410.4	1795.3	413.4	1839.3	415.7	1892.5	412.1	1963.9	404.7	2006.7	5		422	1963	2626	1.1621	1	big	176.5362
AY	1	NIGHT	571.4	1652.1	2402.6	165.9	201.7	355.0	176.747	176.697	176.797	0.1	47	1	4	1	4	0		m	513.6	1499.3	540.7	1559.5	571.4	1652.1	561.2	1692.9	542.4	1707.5	5		574	1682	2394	47.1414	1	night	176.7528
AW	1	OUT	745.0	1513.9	2367.4	130.4	200.5	545.2	176.889	176.857	176.997	0.14	42	1	4	1	0	0			737.8	1522.9	738.4	1477.5	739.6	1442.1	668.2	1341.2	642.8	1230.2	6		704	1497	2430	42.141	1	out	176.9038
AY	1	I	830.3	1453.7	3019.8	117.7	152.6	504.4	188.308	188.218	188.398	0.18	41	0	0	0	0	0		s	837.6	1350.8	808.9	1356.7	830.3	1453.7	805.1	1590.1	713.0	1636.9	4		808	1437	2679	41.0006	1	I	188.314
OW	1	KNOW	609.1	1319.2	2031.8	125.1	91.4	476.2	188.574	188.567	188.727	0.16	63	0	0	0	4	0			615.7	1287.5	610.8	1240.6	611.0	1185.2	588.5	1146.7	589.2	1193.2	5		615	1250	2140	62.0004	1	know	188.6189
IH	1	SPECIFIC	540.8	1582.2	2533.3	103.8	100.9	565.3	189.327	189.307	189.367	0.06	1	3	2	1	3	1			529.1	1567.7	543.5	1584.4	560.7	1600.3	563.3	1629.1	550.0	1636.5	5		559	1585	2569	1.32131	1	(spe)cific	189.3339
IH	1	SYRACUSE	478.1	1744.0	3330.3	85.5	196.8	970.7	191.643	191.626	191.676	0.05	14	6	4	2	3	2			473.1	1751.4	478.1	1744.0	486.8	1740.9	491.3	1738.4	491.1	1746.2	4		467	1707	2724	1.60032	1	Syracuse	191.6388
IH	1	BIGGER	523.3	1755.5	2869.4	125.4	93.5	867.5	192.135	192.115	192.175	0.06	1	1	6	2	1	1			513.5	1731.3	523.7	1758.6	525.4	1786.2	521.1	1824.6	514.4	1877.4	4		514	1742	2367	1.16211	1	bigger	192.1431
EY	1	MAJOR	451.9	1933.4	2506.7	75.0	93.3	473.3	198.312	198.3	198.37	0.07	21	2	5	2	2	1			447.8	1939.1	425.6	1960.4	409.3	1962.4	397.6	1960.1	385.1	1940.4	5		461	1919	2482	22.00221	1	major	198.3083
ER	1	UNIVERSITY	442.8	1354.9	1667.0	82.7	130.2	112.5	198.74	198.7	198.821	0.121	94	3	4	1	1	2			446.5	1287.3	442.1	1362.4	431.6	1425.4	436.9	1504.3	459.4	1625.9	6		435	1426	1694	94.60012	1	(uni)versity	198.757
EH	1	THERE	577.4	1667.8	2526.3	97.1	93.7	440.9	199.151	199.101	199.25	0.149	24	6	4	2	3	0			564.6	1650.0	577.7	1670.2	577.8	1674.2	579.5	1683.4	570.3	1668.7	4		578	1655	2483	24.6003	1	there	199.1417
IH	1	BIGGER	486.3	1741.5	2279.1	81.3	79.9	206.4	200.425	200.405	200.465	0.06	1	1	6	2	1	1			487.4	1713.5	485.2	1744.5	475.7	1782.5	465.2	1825.6	448.8	1861.5	5		473	1801	2221	1.16211	1	bigger	200.4394
EY	1	SAY	619.9	1928.2	3969.8	134.4	775.4	420.0	204.247	204.177	204.318	0.141	22	0	0	0	3	0			575.1	2128.8	596.3	1957.8	620.9	1922.6	639.1	1841.0	688.8	1900.1	3		610	1530	2714	22.0003	1	say	204.2485
AA	1	PROBABLY	727.3	1292.9	1475.4	47.1	89.3	1349.2	208.485	208.468	208.518	0.05	5	1	1	2	8	1			725.4	1260.1	727.3	1292.9	723.7	1352.9	712.7	1424.1	702.2	1474.2	6		734	1373	2264	5.11282	1	probably	208.4949
OW	1	MOST	536.1	977.4	2308.1	83.1	98.1	798.4	209.115	209.108	209.258	0.15	62	3	4	1	2	3			532.4	960.1	517.4	947.0	496.6	927.2	467.4	924.5	573.6	1239.9	5		536	960	2362	62.34123	1	most	209.1345
EH	1	METS	750.3	1501.8	2799.3	144.3	169.0	464.3	211.326	211.273	211.432	0.159	2	1	4	1	2	3			712.4	1476.1	754.1	1504.5	753.9	1521.2	712.6	1543.1	618.7	1570.4	4		732	1468	2515	2.1412	1	Mets	211.3439
AY	1	GIANTS	749.8	1456.1	2510.1	195.5	193.3	723.4	214.442	214.366	214.565	0.199	41	0	0	0	5	1			715.7	1378.9	748.2	1435.5	737.2	1555.5	677.5	1737.2	602.9	1900.7	5		747	1407	2533	41.44253	1	giants	214.4237
EH	1	JETS	633.6	1656.0	2770.4	112.4	102.7	714.2	214.885	214.855	214.945	0.09	2	1	4	1	5	3			600.8	1663.5	635.1	1656.5	646.6	1660.9	625.0	1655.9	573.5	1658.0	4		638	1631	2455	2.1415	1	jets	214.8938
AE	1	BASKETBALL	656.5	1702.9	2736.5	127.4	130.9	594.1	216.496	216.456	216.576	0.12	39	3	4	1	1	5			650.4	1662.2	656.5	1707.6	653.2	1733.8	640.4	1751.9	627.0	1741.6	4		637	1677	2383	3.34212	1	basketball	216.5134
AO	2	BASKETBALL	511.8	915.3	2307.5	76.3	79.9	1058.7	216.816	216.796	216.856	0.06	53	5	4	2	1	0			500.6	915.0	513.8	915.8	531.2	923.9	546.7	937.4	558.5	948.9	6		585	953	2648	53.5421	1	(basket)ball	216.8995
UH	1	FOOTBALL	515.5	984.3	2310.5	88.1	116.7	353.9	218.201	218.184	218.234	0.05	7	1	4	1	1	4			519.6	1004.0	515.5	984.3	493.7	940.2	443.5	901.1	397.4	903.7	6		525	1010	2326	7.14114	1	football	218.1972
AO	2	FOOTBALL	594.2	905.2	2809.2	62.7	52.2	349.3	218.421	218.344	218.574	0.23	53	5	4	2	1	0			587.8	894.1	593.7	905.3	596.3	909.5	613.4	923.0	618.6	931.4	5		584	894	2728	53.5421	1	(foot)ball	218.3938
IH	1	MISSING	542.0	1650.4	2884.0	104.8	341.9	752.9	222.65	222.627	222.696	0.069	1	3	4	1	2	1			530.9	1666.3	542.2	1645.5	544.8	1612.2	543.7	1626.9	538.7	1661.5	4		567	1677	2839	1.3422	1	missing	222.6744
AE	1	BASKETBALL	667.8	1762.3	3897.7	81.1	212.2	1016.1	224.178	224.141	224.251	0.11	39	3	4	1	1	5			652.5	1807.7	670.3	1769.4	688.3	1818.1	705.9	1869.0	710.9	1859.1	3		667	1709	2359	3.34212	1	basketball	224.1915
AE	1	BASKETBALL	676.7	1738.5	2606.5	72.4	124.1	523.7	225.336	225.306	225.396	0.09	39	3	4	1	1	5			666.7	1698.3	677.1	1740.9	675.1	1768.1	665.8	1780.0	650.8	1770.0	4		667	1719	2413	3.34212	1	basketball	225.3453
AO	2	BASKETBALL	570.1	979.2	2563.1	65.8	72.6	838.9	225.596	225.576	225.636	0.06	53	5	4	2	1	0			552.2	964.9	571.6	980.4	582.3	988.5	587.4	994.8	588.0	994.5	5		590	999	2736	53.5421	1	(basket)ball	225.6217
OW	1	NO	507.8	1398.8	2129.1	74.9	102.7	353.9	227.448	227.433	227.514	0.081	63	0	0	0	4	0			508.6	1392.4	514.2	1294.2	503.4	1174.6	468.9	1041.2	450.1	907.5	5		515	1252	2093	62.0004	1	no	227.465
IY	1	ALLEGIANCE	377.7	2018.4	2502.8	84.0	125.2	591.1	228.197	228.163	228.264	0.101	11	2	5	2	7	1			410.7	1938.0	376.6	2022.6	376.0	1836.9	374.1	1838.7	365.5	2011.0	5		381	2079	2998	11.25271	1	(al)legiance	228.2143
AW	1	AROUND	623.1	1279.1	1936.8	68.1	102.0	169.7	228.575	228.563	228.633	0.07	42	4	4	2	7	0			625.5	1281.6	633.1	1303.1	617.6	1249.9	611.3	1235.1	617.0	1276.0	6		622	1317	1986	42.44273	1	(a)round	228.5989
IH	1	HERE	477.7	1931.5	3128.2	138.2	96.8	1472.8	228.717	228.694	228.764	0.07	14	6	4	2	0	0			483.9	1947.4	475.9	1927.2	467.7	1906.2	467.9	1873.2	481.0	1853.4	4		485	1937	3129	14.6	1	here	228.7143
IH	1	IN	441.1	2004.7	3092.5	272.2	316.1	1090.7	239.188	239.151	239.262	0.111	1	4	4	2	0	0			623.4	1897.6	453.7	2048.8	464.4	2089.9	459.5	2099.9	468.0	2088.7	5		469	2168	3294	1.442	1	in	239.2229
EY	1	AGE	535.6	1712.2	2734.4	93.4	127.2	616.5	241.622	241.61	241.81	0.2	21	2	5	2	0	0			521.9	1834.9	499.6	1921.8	473.8	1953.1	449.5	1975.1	433.2	1971.4	4		519	1760	2424	21.252	1	age	241.6374
UW	1	TWO	410.6	1559.6	1979.1	157.7	135.1	74.4	243.157	243.15	243.309	0.159	73	0	0	0	3	0			441.7	1525.5	405.2	1398.9	377.6	1251.6	363.1	1150.4	346.5	1077.0	6		419	1525	1885	73.0003	1	two	243.1829
IH	1	KID	418.6	1834.7	2684.8	86.1	84.3	573.5	248.023	248.0	248.07	0.07	1	1	4	2	6	0			409.5	1837.5	419.6	1833.1	415.2	1811.7	403.1	1776.5	397.2	1748.1	5		418	1824	2652	1.1426	1	kid	248.0305
AA	1	STARTED	661.0	1434.1	3223.2	98.1	120.6	814.4	248.332	248.299	248.399	0.1	44	6	4	2	3	4			612.9	1443.8	666.7	1431.6	705.4	1449.8	717.4	1520.8	704.3	1609.8	4		666	1336	2120	44.6003	1	started	248.3511
EH	1	MESSING	699.8	1466.9	2136.3	88.0	127.0	1015.1	248.603	248.58	248.649	0.069	2	3	4	1	2	1			695.2	1452.6	699.5	1468.9	690.3	1496.2	676.3	1527.2	657.4	1504.7	5		704	1455	2201	2.3422	1	messing	248.5961
IY	1	ME	465.8	2008.9	2844.3	105.0	81.8	766.6	249.053	249.009	249.14	0.131	12	0	0	0	2	0			483.2	1977.9	463.1	2012.9	450.2	2052.7	493.7	2105.8	496.4	1209.2	5		486	1966	2656	12.0002	1	me	249.0263
IH	1	HIT	497.0	1853.8	2685.1	79.0	91.5	719.4	250.904	250.887	250.937	0.05	1	1	4	1	0	0			498.8	1864.2	497.0	1853.8	493.2	1835.4	483.7	1815.0	473.9	1804.4	4		499	1855	2677	1.141	1	hit	250.9023
AE	1	BACK	690.6	1658.2	3161.5	36.1	145.6	2602.2	251.206	251.136	251.346	0.21	3	1	6	1	1	0			671.0	1618.7	692.8	1666.8	701.4	1701.3	705.6	1691.1	718.8	1693.0	4		690	1662	3435	3.1611	1	back	251.2058
AH	1	OTHER	643.3	1448.2	1658.0	55.1	86.4	2762.4	252.346	252.316	252.406	0.09	6	3	3	2	0	1			622.9	1513.4	643.8	1442.5	635.0	1376.6	599.1	1334.0	556.5	1319.2	6		675	1438	2817	6.33101	1	other	252.3567
IH	1	KID	460.0	1873.2	2783.6	52.9	57.9	502.1	252.782	252.675	252.995	0.32	1	1	4	2	6	0			436.7	1895.8	462.3	1871.6	483.6	1848.9	504.4	1819.3	499.5	1785.1	5		458	1892	2855	1.1426	1	kid	252.7627
EH	1	FRIENDS	653.3	1465.6	2279.9	87.9	105.6	392.1	254.634	254.594	254.715	0.121	2	4	4	2	8	3			636.7	1409.7	654.6	1471.6	656.3	1521.2	647.9	1557.8	618.2	1573.5	5		666	1590	2777	2.44283	1	friends	254.6701
EH	1	SAID	567.7	1512.1	2547.2	57.5	96.8	370.5	255.214	255.164	255.314	0.15	2	1	4	2	3	0			540.5	1499.8	570.9	1514.9	586.4	1533.4	581.3	1566.5	545.8	1579.5	5		585	1537	2740	2.1423	1	said	255.2456
AO	1	THOUGHT	631.3	1215.4	1736.3	41.4	77.0	1987.3	255.798	255.765	255.865	0.1	53	1	4	1	3	0			608.1	1191.1	633.1	1208.7	622.0	1052.6	629.1	1092.3	640.5	1278.4	6		692	1304	3181	53.1413	1	thought	255.814
IY	1	BEAT	350.7	1998.4	3554.9	126.5	283.7	245.4	256.191	256.164	256.245	0.081	11	1	4	1	1	0			345.9	1980.9	350.9	1997.0	346.8	1959.9	362.6	1942.9	418.5	1933.5	4		352	2003	3559	11.1411	1	beat	256.1844
AH	1	UP	654.4	1411.1	2401.2	50.9	151.2	516.3	256.442	256.405	256.515	0.11	6	1	1	1	0	0			612.4	1033.2	655.4	1403.9	660.0	1307.8	649.8	1240.8	604.9	1174.0	6		670	1441	3017	6.111	1	up	256.455
AE	1	CAN'T	540.3	1987.5	3843.3	142.4	118.0	482.7	258.169	258.122	258.262	0.14	33	4	4	2	6	3			522.9	2002.1	542.4	1988.6	561.0	1995.3	591.2	1951.2	608.7	1874.3	3		541	1985	3891	3.44203	1	can't	258.1659
AY	1	I	821.4	1370.7	3049.5	153.2	142.0	745.9	262.782	262.723	262.913	0.19	41	0	0	0	0	0		s	762.8	1421.6	803.0	1349.9	790.7	1321.9	785.4	1390.8	722.2	1527.1	4		772	1286	2492	41.0006	1	I	262.8083
AE	1	THAT	712.9	1590.8	2640.2	69.8	139.9	807.3	263.183	263.153	263.242	0.089	3	1	4	1	3	0			710.2	1593.0	712.6	1590.8	705.1	1579.7	690.6	1574.2	672.1	1586.2	4		716	1595	2741	3.1413	1	that	263.1815
EH	1	FRIEND	645.2	1609.2	2938.3	137.7	386.7	1155.7	263.899	263.862	263.972	0.11	2	4	4	2	8	3			649.1	1781.0	644.1	1594.8	637.7	1461.3	640.1	1485.9	624.2	1567.4	4		644	1451	2368	2.44283	1	friend	263.9322
AY	1	HIGHSCHOOL	783.5	1381.9	1634.0	99.5	159.3	1137.5	278.353	278.331	278.442	0.111	47	3	4	1	0	4		s	783.5	1381.9	753.9	1466.9	693.0	1560.0	614.6	1443.9	533.0	1340.8	6		811	1402	2464	47.34201	1	highschool	278.3539
ER	1	GIRLS	418.7	1212.9	1608.2	83.2	73.6	77.1	282.578	282.538	282.658	0.12	94	5	4	2	6	3			385.2	1246.3	421.8	1210.1	445.2	1191.6	473.6	1163.2	489.0	1097.9	5		432	1205	1600	94.60053	1	girls	282.5846
AY	1	I'VE	760.7	1343.2	2590.0	77.9	85.8	503.3	283.073	283.009	283.138	0.129	41	3	2	2	0	0		s	676.1	1371.9	731.3	1339.4	761.4	1345.6	741.6	1430.5	649.5	1561.9	5		766	1350	2612	41.322	1	I've	283.0761
IY	1	SEEN	392.8	1942.9	3568.6	94.7	95.7	284.7	283.262	283.239	283.308	0.069	11	4	4	2	3	0			405.1	1952.5	391.9	1941.4	385.5	1930.0	366.7	1916.2	321.7	1840.8	4		426	1965	3382	11.4423	1	seen	283.2556
UW	1	TWO	595.6	2113.5		705.9	484.4		283.706	283.699	283.778	0.079	73	0	0	0	3	0			448.2	1856.9	506.3	1683.7	569.2	1456.6	578.3	1527.9	355.7	1671.5	4		298	1002	1823	73.0003	1	two	283.7484
EY	1	CRAZY	474.3	1624.4	1900.6	49.3	153.8	498.2	283.94	283.928	284.019	0.091	21	3	4	2	8	1			473.1	1649.8	460.4	1750.6	441.7	1671.3	424.1	1340.6	412.6	1383.8	5		482	1643	1958	21.34281	1	crazy	283.9479
AY	1	HIGHSCHOOL	806.6	1477.3	2870.8	220.3	231.4	825.7	284.879	284.869	284.959	0.09	47	3	4	1	0	4		s	799.8	1508.3	758.5	1575.2	687.7	1649.3	626.1	1692.8	560.9	1682.2	4		805	1522	2915	47.34201	1	highschool	284.8895
UW	1	TWO	361.3	1296.7	1887.0	86.3	113.5	98.7	285.676	285.669	285.729	0.06	73	0	0	0	3	0			361.3	1296.7	359.7	1194.5	352.1	1107.1	340.0	1056.8	356.3	1059.9	5		357	1147	1882	73.0003	1	two	285.6929
OW	1	GOING	477.8	986.8	2022.8	80.8	95.5	81.0	286.009	285.989	286.068	0.079	62	0	0	0	6	1			468.8	983.6	500.4	1007.5	536.7	1066.3	563.1	1162.5	562.7	1290.8	6		490	994	2028	62.4426	1	going	286.0191
AE	1	AT	655.0	1805.3	2730.4	109.6	95.3	1275.9	286.162	286.128	286.229	0.101	3	1	4	1	0	0			654.7	1807.7	655.1	1804.8	656.6	1796.3	657.6	1778.2	634.0	1746.4	4		655	1784	2452	3.141	1	at	286.153
ER	1	SHIRT	425.2	1422.0	1675.9	74.4	140.4	105.5	286.962	286.928	287.029	0.101	94	1	4	1	5	0			417.3	1497.2	425.0	1417.3	412.4	1360.2	347.1	1252.2	273.3	1152.0	6		431	1438	1648	94.6005	1	shirt	286.9707
AO	1	OFF	659.6	1174.5	3216.9	83.4	138.2	976.3	287.316	287.239	287.469	0.23	53	3	2	1	0	0			565.3	1278.8	658.8	1162.9	675.7	1097.2	694.0	1106.9	743.0	1181.3	4		685	1089	3223	53.321	1	off	287.3681
OW	1	NO	491.4	1412.7	2174.4	87.6	89.7	283.5	289.752	289.736	289.856	0.12	63	0	0	0	4	0			505.4	1339.2	502.7	1179.7	453.5	1044.3	396.1	1044.6	819.4	1576.5	5		519	1288	2148	62.0004	1	no	289.7656
AO	1	SAW	630.5	1072.9	1967.6	59.8	73.2	3201.1	290.722	290.666	290.835	0.169	53	0	0	0	3	0			616.8	1123.5	632.3	1068.8	642.3	1056.7	655.7	1098.2	656.8	1171.8	6		646	1057	2421	53.0003	1	saw	290.7585
AA	1	ON	689.1	1287.5	1950.4	151.7	153.9	609.2	291.85	291.83	291.889	0.059	53	4	4	2	0	0			699.3	1311.9	687.9	1285.8	679.0	1276.3	659.5	1267.8	630.9	1259.3	5		699	1315	1974	5.442	1	on	291.8397
AH	1	ANOTHER	612.0	1371.5	2534.9	67.8	103.6	476.1	294.865	294.842	294.911	0.069	6	3	3	2	4	1			603.4	1428.0	612.5	1365.2	611.1	1301.0	592.3	1238.8	564.1	1196.2	5		614	1392	2542	6.33141	1	(a)nother	294.8624
OY	1	BOY	494.9	784.1	2332.9	146.7	169.6	296.2	296.194	296.147	296.287	0.14	61	0	0	0	1	0			483.6	740.4	497.3	792.9	541.0	945.0	564.7	1214.5	550.0	1561.2	5		491	759	2384	61.0001	1	boy	296.1887
ER	1	GIRL	460.6	1429.7	1630.1	104.8	235.4	204.8	296.447	296.417	296.507	0.09	94	5	4	2	6	0			452.8	1471.6	460.4	1417.0	462.7	1353.2	473.0	1291.3	506.7	1219.3	5		449	1322	1618	94.6005	1	girl	296.4451
AE	1	AT	634.0	1802.9	2252.0	102.6	93.7	947.0	296.856	296.836	296.896	0.06	3	1	4	1	0	0			628.7	1795.9	634.9	1803.1	640.2	1798.9	646.8	1790.6	652.7	1783.4	5		690	1801	2808	3.141	1	at	296.9037
IH	1	SPINNING	470.5	1904.3	2609.9	48.0	53.1	543.2	297.749	297.716	297.816	0.1	1	4	4	2	1	1			450.2	1822.4	472.1	1913.2	479.7	1950.6	483.8	1938.7	472.0	1881.7	5		483	1972	2932	1.4421	1	spinning	297.7627
AO	1	HALLWAY	601.2	896.8	2938.7	76.7	77.5	265.0	298.822	298.775	298.915	0.14	53	5	4	2	0	1			607.1	891.8	600.7	897.8	593.6	904.2	591.2	906.4	590.0	905.5	5		593	906	2907	53.54204	1	hallway	298.8453
AO	1	ALL	665.5	1124.5	2313.7	84.0	100.0	328.7	299.172	299.135	299.245	0.11	53	5	4	2	0	0			654.8	1288.5	664.8	1119.5	646.5	1059.8	634.0	1004.1	613.8	956.1	6		605	944	2696	53.542	1	all	299.2285
EH	1	STAIRS	526.4	1761.9	2689.2	54.2	70.5	611.6	300.029	299.986	300.116	0.13	24	6	4	2	3	3			529.0	1744.9	526.9	1763.7	534.1	1774.1	528.7	1748.9	523.6	1731.3	4		527	1747	2573	24.6003	1	stairs	300.0177
EH	1	EVERYBODY	704.4	1484.7	2311.6	64.4	104.0	766.7	300.925	300.908	300.959	0.051	2	3	2	2	0	2			717.6	1466.2	701.3	1487.6	672.5	1500.0	630.2	1499.5	598.6	1491.2	5		694	1508	2299	2.32202	1	everybody	300.9308
IH	1	IN	471.1	1739.8	2535.7	85.0	67.7	386.9	301.405	301.388	301.438	0.05	1	4	4	2	0	0			465.4	1740.6	471.1	1739.8	473.1	1732.0	469.2	1715.0	462.0	1695.6	4		480	1737	2474	1.442	1	in	301.4066
EH	1	THERE	509.5	1678.4	2231.1	48.1	68.2	549.7	301.561	301.538	301.608	0.07	24	6	4	2	3	0			513.9	1701.0	509.1	1675.7	504.9	1639.6	501.7	1598.6	496.0	1525.7	5		519	1721	2446	24.6003	1	there	301.5405
AW	1	OUT	701.2	1550.2	2659.5	104.0	148.4	1209.2	302.06	302.038	302.128	0.09	42	1	4	1	0	0			690.9	1557.4	718.7	1531.6	727.6	1502.3	729.0	1488.7	725.7	1469.6	4		704	1431	2119	42.141	1	out	302.0818
UW	2	LUNCHROOM	496.4	1355.5	2192.2	309.2	186.6	643.2	302.667	302.659	302.729	0.07	73	4	1	2	7	0			492.4	1348.7	455.0	1302.9	594.8	1394.3	514.1	1317.6	425.9	1186.3	6		492	1356	2119	72.4127	1	(lunch)room	302.6701
OW	1	THOSE	526.5	1249.5	2402.9	76.8	70.1	596.0	303.256	303.249	303.369	0.12	62	3	4	2	3	0			518.3	1226.8	507.1	1188.0	486.8	1144.8	454.4	1135.4	450.9	1232.8	6		516	1204	2163	62.3423	1	those	303.2798
AA	1	COT	879.1	1427.4	2682.7	162.4	146.9	493.0	326.032	325.969	326.159	0.19	5	1	4	1	6	0			860.6	1430.0	878.8	1428.2	862.2	1457.1	796.7	1500.4	705.9	1547.3	4		845	1396	2445	5.141	1	cot	326.0476
AA	1	COT	780.7	1618.0	3138.2	88.4	101.2	513.3	326.815	326.788	326.868	0.08	5	1	4	1	6	0			771.5	1684.6	780.2	1614.7	760.7	1589.9	719.8	1573.9	659.7	1542.9	4		764	1568	2636	5.141	1	cot	326.8183
AE	1	HANGS	623.9	1977.6	2446.3	93.3	99.5	2250.0	327.385	327.328	327.498	0.17	3	4	6	2	0	3			626.8	1979.0	624.1	1977.9	614.8	1995.9	601.6	2005.5	585.6	2025.0	5		641	1976	2895	3.46203	1	hangs	327.3567
AY	1	TIE	788.1	1412.8	2889.5	143.5	219.2	706.3	328.362	328.328	328.458	0.13	41	0	0	0	3	0		s	784.5	1434.6	785.9	1393.1	786.3	1451.1	751.7	1512.5	703.2	1519.9	4		781	1382	2932	41.0003	1	tie	328.3696
EH	1	END	590.8	1784.4	2435.3	126.2	96.8	439.8	328.82	328.797	328.867	0.07	2	4	4	2	0	3			585.1	1750.5	591.1	1786.9	590.4	1804.7	576.3	1806.0	552.5	1798.3	4		594	1801	2407	2.44203	1	end	328.8254
IY	1	TREE	410.8	1897.9	3345.7	146.0	167.7	1340.7	329.317	329.267	329.418	0.151	12	0	0	0	8	0			407.8	1799.2	412.0	1912.0	408.8	1971.5	407.2	1868.4	386.5	1702.8	4		415	1944	3565	12.0008	1	tree	329.3311
AE	1	HAMMOCK	707.1	1936.4	2346.6	148.1	119.4	2135.0	331.167	331.111	331.28	0.169	39	4	1	2	0	1			737.6	1947.2	705.8	1936.7	699.5	1934.2	687.9	1905.2	645.9	1815.8	5		714	1966	2844	3.41201	1	hammock	331.1268
AA	1	COT	805.3	1266.5	1626.6	148.9	161.7	933.0	334.701	334.628	334.848	0.22	5	1	4	1	6	0			766.6	1238.4	805.2	1264.4	814.5	1272.6	831.3	1317.7	832.0	1322.7	6		908	1398	2685	5.141	1	cot	334.7599
AA	1	COT	853.8	1431.1	2936.0	147.9	176.6	610.9	336.566	336.523	336.652	0.129	5	1	4	1	6	0			850.2	1448.6	854.2	1429.4	855.9	1437.5	833.6	1488.8	792.1	1586.7	4		856	1426	2799	5.141	1	cot	336.5789
AO	1	SMALLER	629.5	885.9	3074.8	78.2	70.5	340.7	336.989	336.942	337.082	0.14	53	5	4	2	2	1			610.8	850.8	631.7	890.1	640.7	908.9	639.0	911.0	634.1	910.4	5		637	904	3105	53.54201	1	smaller	337.0191
AA	1	NOT	797.2	1546.4	2926.1	194.2	122.6	425.1	340.096	340.056	340.175	0.119	5	1	4	1	4	0			714.5	1654.1	803.3	1531.2	808.2	1409.0	780.3	1349.9	727.9	1302.4	4		795	1433	2697	5.1414	1	not	340.1075
AA	1	COT	793.5	1317.5	2474.2	70.9	87.9	437.4	341.542	341.495	341.635	0.14	5	1	4	1	6	0			794.0	1337.4	792.8	1316.8	783.0	1329.4	764.4	1378.3	744.7	1472.1	5		795	1318	2433	5.141	1	cot	341.5419
AO	1	MORE	455.4	677.4	1885.4	151.1	125.6	973.8	341.917	341.884	341.984	0.1	64	6	4	2	2	0			448.1	693.1	457.1	679.3	487.0	724.3	532.1	803.2	552.8	895.8	6		458	676	1935	64.6002	1	more	341.9151
OW	1	MOBILE	506.3	804.2	2050.7	80.1	71.7	396.8	342.13	342.104	342.214	0.11	62	1	1	2	2	1			504.9	802.9	510.1	802.2	517.5	792.8	508.8	759.5	490.4	697.2	6		510	800	2023	62.11221	1	mobile	342.1488
EH	1	BED	645.7	1725.8	2803.3	145.9	121.3	624.8	342.846	342.809	342.919	0.11	2	1	4	2	1	0			629.5	1717.4	646.8	1726.3	651.3	1745.7	629.1	1748.5	586.9	1756.7	4		632	1678	2405	2.1421	1	bed	342.8539
AA	1	NOT	748.3	1424.9	2441.0	114.3	173.8	799.1	343.186	343.129	343.299	0.17	5	1	4	1	4	0			714.8	1509.6	747.7	1417.3	749.5	1340.4	740.7	1303.3	722.6	1268.6	5		749	1351	2556	5.1414	1	not	343.21
OW	1	MOBILE	538.0	865.7	2469.5	132.0	108.4	598.9	344.721	344.687	344.827	0.14	62	1	1	2	2	1			542.4	877.7	530.2	832.3	548.6	795.3	584.9	693.9	492.9	1305.0	5		549	879	2355	62.11221	1	mobile	344.7129
EH	1	HEAVY	691.0	1696.4	2503.3	90.0	142.0	1168.9	346.527	346.504	346.573	0.069	2	3	2	2	0	1			712.7	1699.6	688.8	1694.9	665.8	1679.2	644.0	1651.9	624.8	1644.9	4		710	1689	2475	2.32201	1	heavy	346.5205
IY	0	REALLY	394.2	1832.9	2852.1	83.8	75.5	758.4	361.675	361.652	361.722	0.07	12	0	0	0	7	0			405.4	1771.0	393.3	1839.3	386.2	1899.3	382.0	1933.1	375.0	1952.0	4		453	1594	2423	11.54271	1	really	361.6146
AW	1	FOUND	681.4	1181.4	1347.5	96.4	132.4	729.6	362.049	362.041	362.171	0.13	42	4	4	2	1	3			671.6	1193.5	650.4	1124.4	632.0	1124.9	620.2	1188.2	589.2	1151.3	6		685	1221	2178	42.44213	1	found	362.0747
AW	1	OUT	670.5	1531.3	2516.6	33.1	233.0	760.1	362.283	362.251	362.431	0.18	42	1	4	1	0	0			678.5	1509.7	704.9	1307.6	681.6	1204.2	632.5	1138.7	578.1	1060.0	5		704	1346	2544	42.141	1	out	362.3055
IY	0	REALLY	440.4	1799.7	2807.3	105.7	68.7	610.8	366.08	366.06	366.119	0.059	12	0	0	0	7	0			452.2	1776.5	438.4	1802.2	420.9	1820.5	399.6	1831.7	379.6	1837.9	4		438	1601	2567	11.54271	1	really	366.0177
IY	1	EITHER	396.5	1928.3	3246.5	189.5	226.2	1739.3	367.283	367.26	367.33	0.07	11	3	3	2	0	1			420.1	1924.3	394.8	1929.1	393.1	1940.6	408.3	1954.2	414.8	1949.4	4		382	1931	3263	11.33101	1	either	367.2926
IH	2	DIFFERENTIATE	476.3	1754.2	2609.8	71.4	71.3	179.0	384.247	384.227	384.287	0.06	1	3	2	1	3	2			465.7	1763.7	477.1	1752.7	491.0	1739.4	503.4	1724.0	528.6	1710.7	4		471	1760	2613	1.32132	1	differentiate	384.2428
IY	1	EITHER	413.1	2067.8	2793.4	95.3	136.9	1321.2	385.057	385.017	385.137	0.12	11	3	3	2	0	1			410.2	2094.4	412.8	2065.1	414.7	2026.4	431.0	1969.2	433.9	1857.7	5		421	2011	2507	11.33101	1	either	385.0875
AY	1	MIND	642.8	1297.4	3529.3	159.1	117.9	818.3	385.794	385.748	385.918	0.17	41	4	4	2	2	3			630.2	1283.6	636.7	1330.3	603.5	1387.7	610.5	1527.8	595.5	1593.9	4		658	1324	3646	41.44223	1	mind	385.7997
AH	1	RUG	570.8	1225.9	1936.1	42.8	54.2	90.1	393.035	393.012	393.081	0.069	6	1	6	2	7	0			597.2	1169.6	567.2	1232.3	527.8	1294.2	475.2	1355.2	423.8	1411.9	5		613	1095	2007	6.1627	1	rug	393.0148
AA	1	PROBABLY	688.2	1303.0	3034.7	97.5	138.3	1163.0	393.272	393.252	393.311	0.059	5	1	1	2	8	1			679.8	1316.3	688.6	1302.5	684.2	1303.3	660.2	1308.6	615.5	1298.9	4		670	1249	2180	5.11282	1	probably	393.2741
AA	1	LARGER	687.2	1212.5	3083.7	78.8	150.0	514.2	393.528	393.501	393.581	0.08	44	6	4	2	7	4			682.8	1179.7	687.6	1216.8	694.9	1282.6	697.3	1350.8	686.8	1439.7	4		672	1160	2535	44.60071	1	larger	393.522
AO	1	MORE	461.0	727.3	1879.3	99.5	59.6	460.5	395.765	395.742	395.812	0.07	64	6	4	2	2	0			449.3	705.4	462.2	730.2	477.0	771.0	490.3	819.7	501.9	886.6	6		502	790	1962	64.6002	1	more	395.7812
UW	1	ROOM	458.4	1128.2	1896.3	109.1	78.2	69.7	396.079	396.072	396.212	0.14	73	4	1	2	7	0			461.3	1079.0	464.4	998.9	469.2	952.6	470.3	915.1	469.0	888.4	5		463	1115	1915	72.4127	1	room	396.0889
AY	1	SOMETIMES	705.5	1500.6	2390.0	110.8	132.5	810.6	396.867	396.827	396.907	0.08	41	4	1	2	3	3		m	641.3	1358.2	687.6	1456.1	705.5	1500.6	704.4	1538.7	672.6	1569.0	5		710	1515	2467	41.4123	1	(some)times	396.871
ER	1	PERMANENT	567.7	1172.1	1772.8	118.0	121.6	88.8	397.189	397.146	397.276	0.13	94	4	1	2	1	2			552.6	1199.6	567.8	1170.3	567.6	1174.4	564.0	1205.3	531.5	1206.1	5		570	1173	1777	94.60012	1	permanent	397.21
IY	1	LEAST	383.1	1965.7	2518.7	112.2	118.3	404.1	398.932	398.915	398.965	0.05	11	3	4	1	7	3			394.2	1933.6	383.1	1965.7	368.2	2010.2	354.7	2036.6	348.4	2048.8	5		381	1988	2533	11.34173	1	least	398.9351
IH	1	FIXED	452.2	1856.7	2247.8	68.8	99.3	447.6	400.007	399.99	400.04	0.05	1	1	6	1	1	3			454.8	1830.5	452.2	1856.7	445.3	1897.5	436.5	1926.0	424.3	1959.0	5		449	1874	2220	1.16113	1	fixed	400.0106
AO	1	FLOOR	521.1	902.9	2291.5	98.4	73.0	263.8	402.062	402.028	402.129	0.101	64	6	4	2	8	0			509.3	888.1	522.2	904.5	541.3	948.1	557.7	1023.0	563.6	1101.3	5		500	881	2487	64.6008	1	floor	402.0205
AE	1	MAT	703.7	1796.4	2661.8	75.0	85.4	891.6	402.84	402.753	403.013	0.26	3	1	4	1	2	0			686.3	1768.9	706.2	1798.5	718.8	1819.2	723.1	1811.7	709.5	1792.5	5		711	1807	2562	3.1412	1	mat	402.8681
AO	1	SMALLER	589.7	889.4	3107.4	59.0	70.6	454.5	404.19	404.137	404.296	0.159	53	5	4	2	2	1			568.8	847.0	592.6	896.6	607.5	929.5	613.9	941.9	617.9	951.8	5		614	943	3100	53.54201	1	smaller	404.2485
AO	1	DOOR	502.4	993.2	2160.6	80.6	83.9	1040.5	406.064	406.01	406.171	0.161	64	6	4	2	3	0			499.1	1110.9	502.2	974.3	511.8	917.1	537.1	941.0	561.7	1062.5	6		500	934	2258	64.6003	1	door	406.0733
AA	1	FAR	673.9	1171.2	2200.1	47.3	45.4	195.9	415.299	415.269	415.359	0.09	44	6	4	2	1	0			645.2	1148.4	676.1	1173.2	695.5	1201.0	696.0	1226.8	680.8	1269.4	5		700	1202	2165	44.6001	1	far	415.3183
OW	1	KNOW	620.4	1550.3	2568.5	105.4	162.5	630.1	415.673	415.659	415.779	0.12	63	0	0	0	4	0			624.4	1529.1	631.4	1435.1	618.3	1336.4	601.8	1282.6	566.8	1251.0	4		634	1499	2417	62.0004	1	know	415.6858
IH	1	SYRACUSE	515.8	1640.3	3407.7	74.1	110.9	395.6	415.955	415.928	416.008	0.08	14	6	4	2	3	2			520.7	1643.5	514.9	1639.8	507.5	1648.4	505.7	1681.5	503.7	1697.6	4		516	1616	2351	1.60032	1	Syracuse	415.9564
AA	1	NOT	827.8	1529.8	2925.9	128.0	90.7	668.3	423.62	423.563	423.733	0.17	5	1	4	1	4	0			737.5	1623.4	832.7	1520.3	853.3	1461.9	849.3	1429.0	825.2	1396.2	4		856	1428	2875	5.1414	1	not	423.6744
OW	1	TOLD	479.6	1147.5	1674.5	106.1	136.2	1281.3	424.12	424.113	424.173	0.06	62	5	4	2	3	3			479.6	1147.5	477.3	1053.4	475.9	980.2	470.8	898.3	469.3	848.5	6		480	868	2721	62.54233	1	told	424.1559
AY	1	NIGHT	660.8	1457.1	2584.2	76.6	112.0	137.6	424.593	424.564	424.713	0.149	47	1	4	1	4	0			654.4	1464.3	642.8	1595.5	599.9	1811.9	534.3	1943.6	486.4	1936.5	5		660	1471	2562	47.1414	1	night	424.5975
OW	1	DON'T	589.1	1636.6	2540.1	58.2	126.1	266.5	425.095	425.074	425.224	0.15	62	4	4	2	3	0			606.2	1564.4	609.3	1438.2	595.6	1285.1	551.1	1159.5	548.7	1151.1	5		610	1441	2490	62.44233	1	don't	425.126
AH	1	SUNDAY	615.7	1191.3	1843.5	99.2	86.0	682.2	428.533	428.51	428.58	0.07	6	4	4	2	3	4			615.8	1176.7	615.1	1194.1	600.8	1235.7	580.9	1279.3	543.8	1320.5	6		624	1210	2032	6.44234	1	Sunday	428.5362
AY	1	NIGHT	675.7	1460.6	2453.2	79.5	104.9	685.9	428.849	428.789	428.979	0.19	47	1	4	1	4	0			665.3	1391.5	674.1	1506.7	615.6	1746.3	509.0	1906.8	455.7	1915.1	5		675	1428	2555	47.1414	1	night	428.8439
AO	1	BEFORE	504.4	816.9	2382.4	119.6	95.8	553.5	430.916	430.883	430.983	0.1	64	6	4	2	1	0			508.3	798.6	506.5	818.8	523.3	836.5	547.5	887.8	577.6	970.3	5		524	833	2174	64.6001	1	(be)fore	430.9336
ER	1	GIRL	468.4	1290.6	1704.4	92.7	140.9	140.9	436.151	436.108	436.238	0.13	94	5	4	2	6	0			430.2	1358.9	471.7	1285.1	495.4	1242.7	519.6	1207.0	549.4	1150.8	5		491	1257	1676	94.6005	1	girl	436.1673
AO	1	ALBANY	646.6	940.6	2732.7	51.6	91.7	759.9	437.547	437.487	437.667	0.18	53	5	4	2	0	5			741.4	1323.5	650.3	941.1	664.2	927.6	629.4	893.6	605.5	859.5	5		672	931	2453	53.54205	1	Albany	437.5733
EH	1	SAID	571.6	1641.1	2562.1	49.0	83.2	191.2	439.548	439.525	439.595	0.07	2	1	4	2	3	0			573.2	1636.1	570.6	1640.8	553.5	1638.8	527.9	1628.2	500.1	1614.3	4		583	1652	2565	2.1423	1	said	439.5462
AH	1	SOMETHING	640.7	1236.7	3335.9	117.6	91.1	794.8	439.752	439.735	439.785	0.05	6	4	1	2	3	4			630.7	1253.8	640.7	1236.7	646.6	1206.4	643.2	1180.7	637.9	1158.9	4		640	1213	2059	6.41232	1	something	439.757
OY	1	POINTED	561.0	1072.6	2021.2	158.2	88.0	343.2	441.906	441.873	441.973	0.1	61	4	4	2	1	1			562.3	961.1	561.2	1094.2	565.0	1292.4	572.5	1509.7	552.3	1620.7	6		567	949	2050	61.44213	1	pointed	441.8938
AE	1	HAVE	704.7	1845.8	3826.2	139.0	90.8	944.9	442.506	442.483	442.552	0.069	3	3	2	2	0	0			716.9	1883.5	702.6	1841.8	691.0	1812.5	680.1	1795.8	667.2	1785.2	3		680	1778	2313	3.322	1	have	442.5063
AE	1	ACCENT	650.5	1839.6	3166.6	95.5	157.3	1146.0	442.715	442.672	442.802	0.13	3	1	6	1	0	4			627.1	1790.0	650.1	1845.6	646.0	1855.1	653.8	1871.0	657.0	1896.2	4		647	1852	2974	3.16104	1	accent	442.7228
EH	1	SAID	542.4	1635.6	2535.3	48.7	77.7	2266.8	444.508	444.491	444.541	0.05	2	1	4	2	3	0			539.6	1623.8	542.4	1635.6	539.9	1652.3	525.0	1658.9	499.2	1661.1	5		547	1660	2624	2.1423	1	said	444.5149
OW	1	NO	573.6	1575.2	2376.5	108.9	111.4	415.3	444.625	444.611	444.71	0.099	63	0	0	0	4	0			593.2	1537.9	603.9	1387.8	602.6	1239.1	604.8	1125.8	605.9	1060.9	5		664	1203	3059	62.0004	1	no	444.6687
OW	1	DON'T	637.8	1457.0	2406.5	138.9	274.3	579.2	444.842	444.83	444.88	0.05	62	4	4	2	3	0			637.8	1457.0	652.7	1401.5	662.4	1317.4	653.5	1250.1	642.9	1205.9	4		671	1268	3014	62.44233	1	don't	444.8596
AE	1	ACCENT	663.4	1760.7	2728.4	132.6	341.0	944.9	445.194	445.161	445.26	0.099	3	1	6	1	0	4			646.2	1774.4	669.5	1762.2	692.5	1727.3	678.6	1756.3	641.2	1799.1	4		689	1766	2863	3.16104	1	accent	445.2043
IY	1	SHE	341.1	1962.2	2419.7	112.0	92.3	2574.0	446.674	446.534	446.955	0.421	12	0	0	0	5	0			357.2	1977.8	342.3	1961.2	352.0	1933.9	350.8	1750.2	343.3	1873.9	5		375	1985	3066	12.0005	1	she	446.5989
AY	1	I	735.6	1252.2	2366.1	78.7	92.6	495.4	448.149	448.108	448.238	0.13	41	0	0	0	0	0			782.0	1482.1	733.3	1247.4	731.5	1295.5	710.5	1448.8	629.3	1682.4	5		789	1342	3417	41.0006	1	I	448.173
EY	1	MADE	430.0	1926.2	2408.9	73.3	101.7	557.5	449.16	449.148	449.228	0.08	21	1	4	2	2	0			427.4	1963.4	416.9	2003.5	411.0	2011.8	409.6	1988.4	403.9	1946.1	5		427	2035	3159	21.1422	1	made	449.1773
AH	1	FUN	619.4	1144.5	2194.4	72.8	69.9	446.4	449.37	449.347	449.417	0.07	6	4	4	2	1	0			602.0	1105.9	620.9	1149.4	632.1	1199.5	634.1	1233.9	630.1	1256.2	5		718	1284	3022	6.4421	1	fun	449.3909
AO	1	ALL	571.0	859.3	2247.1	64.8	81.6	849.9	449.557	449.517	449.637	0.12	53	5	4	2	0	0			554.5	849.3	571.1	858.8	577.6	849.4	584.1	861.9	585.7	857.3	6		590	874	2419	53.542	1	all	449.5932
AY	1	TIME	807.7	1459.1	2572.8	250.0	278.9	1740.7	449.856	449.828	449.987	0.159	41	4	1	2	3	0		s	802.2	1431.5	764.5	1358.5	712.0	1358.3	689.4	1444.9	670.9	1606.2	4		803	1386	2731	41.4123	1	time	449.8695
IY	1	PEOPLE	379.1	2025.3	2859.2	143.4	119.4	384.1	450.224	450.197	450.277	0.08	11	1	1	1	1	1			375.5	2021.0	379.3	2026.0	389.8	2025.1	387.0	1971.7	778.3	2250.9	4		390	2035	2845	11.11111	1	people	450.2314
AO	1	ALBANY	664.2	1158.8	2592.4	138.3	234.0	589.5	450.801	450.778	450.848	0.07	53	5	4	2	0	5			661.7	1193.5	665.0	1154.1	665.5	1121.1	657.6	1073.2	660.6	1027.4	5		668	1156	2670	53.54205	1	Albany	450.8055
EH	1	SAYS	536.0	1485.6	2537.2	39.1	224.5	372.4	453.784	453.764	453.824	0.06	2	3	4	2	3	0			532.2	1503.8	535.6	1483.9	532.2	1460.9	525.9	1424.0	518.4	1396.6	5		537	1537	2801	2.3413	1	says	453.7912
EH	1	DEFINITELY	652.2	1624.8	2931.8	75.6	93.8	545.6	459.877	459.847	459.937	0.09	2	3	2	1	3	2			608.4	1654.8	658.9	1619.8	688.4	1584.3	695.8	1553.2	690.4	1527.3	4		696	1570	2775	2.32132	1	definitely	459.8966
AH	1	ENUNCIATE	608.1	1452.2	2553.1	92.6	106.0	699.1	468.252	468.229	468.298	0.069	6	4	4	2	4	5			537.6	1506.8	610.5	1445.3	627.7	1376.9	629.9	1342.1	613.5	1337.8	5		650	1356	2985	6.44244	1	(e)nunciate	468.2769
AO	1	MORE	525.3	781.9	1991.3	136.0	129.7	614.3	468.852	468.778	468.999	0.221	64	6	4	2	2	0			486.2	766.8	524.4	783.2	513.7	797.9	528.3	841.2	572.3	970.9	6		579	783	2199	64.6002	1	more	468.8824
AA	1	HARSHER	714.1	1152.5	2047.7	81.6	82.7	147.2	472.195	472.169	472.248	0.079	44	6	4	2	0	4			729.4	1158.9	712.0	1155.0	702.7	1169.6	687.4	1193.6	663.9	1227.6	5		700	1176	1916	44.60004	1	harsher	472.2129
AY	1	STYLE	787.6	1321.7	2651.6	70.4	93.6	311.8	473.734	473.659	473.949	0.29	41	5	4	2	3	0		s	766.8	1368.0	780.2	1325.5	787.6	1321.7	770.1	1509.2	695.3	1627.6	5		775	1328	2655	41.5423	1	style	473.7527
AY	1	STYLE	825.0	1350.2	2871.7	106.1	104.3	507.8	478.505	478.445	478.685	0.24	41	5	4	2	3	0		s	808.5	1422.1	807.5	1294.3	811.3	1297.2	833.1	1450.9	739.1	1645.6	4		783	1275	2408	41.5423	1	style	478.5348
UW	1	SCHOOL	343.7	795.1	2060.9	84.2	68.3	296.2	506.054	506.014	506.134	0.12	72	5	4	2	6	0			340.5	815.9	344.3	791.5	352.8	765.5	360.2	791.4	385.6	846.0	5		349	769	2131	72.5426	1	school	506.0661
OW	1	GO	503.5	1453.2	2076.2	54.2	136.3	241.6	506.377	506.363	506.483	0.12	63	0	0	0	6	0			507.3	1371.4	505.0	1283.2	493.1	1264.9	459.2	1259.8	400.1	1306.9	5		506	1283	2035	62.0006	1	go	506.4023
UW	1	TO	371.5	1782.5	2196.0	99.4	226.9	621.3	506.6	506.593	506.784	0.191	73	0	0	0	3	0			359.0	1688.2	348.7	1510.7	349.7	1427.2	350.9	1237.9	375.0	1169.3	5		357	1573	1973	73.0003	1	to	506.6445
EH	1	VERY	499.8	1629.6	2094.2	62.1	90.5	329.3	507.176	507.153	507.223	0.07	2	6	4	2	1	1			488.1	1610.5	501.0	1630.9	496.3	1531.5	493.5	1314.2	488.7	1283.5	6		498	1641	2105	2.60011	1	very	507.1772
EH	1	DRESS	574.1	1616.1	3425.2	103.4	162.4	1500.1	507.814	507.794	507.854	0.06	2	3	4	1	8	0			557.8	1655.6	574.9	1610.5	584.0	1564.2	594.2	1530.9	602.4	1512.8	4		584	1441	1987	2.3418	1	dress	507.8311
OW	1	CODE	504.2	1283.3	2108.2	79.0	78.5	319.1	508.061	508.054	508.194	0.14	62	1	4	2	6	0			476.1	1229.6	463.5	1191.3	451.3	1159.4	423.0	1199.9	403.6	1305.3	6		462	1209	2202	62.142	1	code	508.0846
AE	1	HAVE	612.2	1768.0	3219.4	104.9	99.8	745.3	508.917	508.897	508.957	0.06	3	3	2	2	0	0			612.0	1777.8	612.1	1767.1	607.4	1760.5	594.7	1756.0	585.8	1761.0	4		589	1736	2332	3.322	1	have	508.8994
AH	1	BUTTON	613.8	1098.6	2287.9	54.1	73.4	176.0	509.329	509.296	509.396	0.1	6	1	4	1	1	1			588.2	1062.7	616.3	1105.2	624.9	1165.9	622.1	1249.8	620.3	1380.5	5		624	1120	2310	6.14111	1	button	509.3368
AW	1	DOWN	627.9	1577.0	1795.4	49.5	419.6	1914.3	509.591	509.556	509.696	0.14	42	4	4	2	3	0			617.1	1574.9	660.4	1399.8	670.8	1337.8	637.0	1251.5	610.3	1242.6	6		721	1461	2551	42.4423	1	down	509.6331
ER	1	SHIRTS	438.4	1352.7	1644.1	49.9	164.8	216.1	509.903	509.856	509.997	0.141	94	1	4	1	5	3			438.9	1408.1	438.1	1347.9	428.5	1304.0	416.8	1315.5	406.9	1428.2	6		425	1306	1556	94.60053	1	shirts	509.9265
AA	1	COLLAR	723.1	1310.8	2901.1	93.5	143.5	760.9	510.386	510.346	510.467	0.121	5	5	4	2	6	1			751.8	1383.3	721.3	1303.0	710.7	1252.4	701.6	1224.7	690.2	1205.7	4		702	1224	2671	5.54201	1	collar	510.4137
OY	1	BOYS	461.1	711.9	2367.8	192.3	94.9	319.1	513.245	513.188	513.359	0.171	61	3	4	2	1	0			570.0	668.4	457.6	724.1	534.4	881.1	502.1	1139.0	455.7	1492.0	5		516	710	2246	61.0021	1	boys	513.2171
AE	1	AND	594.6	2038.4	2683.5	106.8	177.6	1080.8	513.532	513.449	513.698	0.249	3	4	4	2	0	3			641.8	2009.4	588.8	2038.5	555.1	2037.9	563.4	2041.5	577.2	1931.8	5		585	2115	3200	3.44203	1	and	513.5618
ER	1	GIRLS	460.9	1241.6	1544.2	85.1	114.6	119.6	513.865	513.808	513.978	0.17	94	5	4	2	6	3			430.2	1334.2	462.9	1236.9	477.5	1229.3	481.5	1221.1	500.3	1202.1	5		475	1221	1560	94.60053	1	girls	513.8795
AE	1	MATTER	626.9	1562.5	2178.2	50.5	109.5	767.5	514.518	514.498	514.558	0.06	3	1	4	1	2	1			624.3	1547.5	627.2	1563.5	624.7	1570.3	616.8	1570.0	604.0	1568.6	5		626	1594	2861	3.14121	1	matter	514.5376
EH	1	SEX	626.1	1483.4	2535.0	33.0	197.7	517.0	515.008	514.978	515.068	0.09	2	1	6	1	3	3			594.4	1483.3	628.6	1482.1	655.0	1482.5	664.2	1495.1	644.9	1516.9	5		670	1526	2688	2.16133	1	sex	515.022
EY	1	HATE	493.1	1999.6	2873.9	131.4	136.5	402.3	516.048	516.036	516.176	0.14	21	1	4	1	0	0			484.6	2015.1	437.6	2023.1	400.5	2013.1	397.4	2065.7	379.3	2052.6	5		463	2041	3188	21.141	1	hate	516.0775
OW	1	THOSE	471.3	1447.7	2204.4	46.6	66.8	254.1	516.273	516.266	516.386	0.12	62	3	4	2	3	0			460.5	1340.7	442.4	1221.3	429.6	1163.9	416.1	1206.4	400.9	1377.2	6		481	1442	2455	62.3423	1	those	516.2883
ER	1	SHIRTS	460.3	1499.5	1832.7	50.9	188.6	157.7	516.573	516.526	516.666	0.14	94	1	4	1	5	3			464.6	1528.1	458.2	1495.9	448.4	1455.8	444.7	1480.6	421.6	1521.5	6		454	1490	1813	94.60053	1	shirts	516.5647
UH	1	LOOK	469.6	1193.0	2293.4	67.4	47.1	504.4	517.569	517.546	517.616	0.07	7	1	6	1	7	0			480.5	1185.5	467.7	1193.1	438.5	1178.5	410.7	1147.3	530.2	1374.4	5		486	1185	2443	7.1617	1	look	517.5576
AE	1	SACKS	655.7	1780.6	4004.9	50.8	276.7	370.7	518.115	518.055	518.236	0.181	3	1	6	1	3	3			662.0	1820.4	657.8	1791.6	688.2	1930.0	703.6	2073.4	694.5	1856.9	3		650	1695	3047	3.1613	1	sacks	518.116
AE	1	CAN'T	485.6	2033.8	2855.3	99.8	132.6	503.9	519.334	519.308	519.387	0.079	33	4	4	2	6	3			472.3	2029.5	488.1	2034.5	495.6	2042.4	502.2	2042.6	497.4	2039.0	5		503	2064	2919	3.44203	1	can't	519.351
AY	1	TIE	718.4	1269.3	2031.6	65.0	88.7	1558.1	519.788	519.717	519.897	0.18	41	0	0	0	3	0			716.3	1252.8	718.3	1254.9	708.6	1370.4	656.4	1567.7	603.5	1472.0	6		817	1310	2803	41.0003	1	tie	519.7627
AA	1	BOTTOM	702.6	1218.9	3299.8	111.8	147.1	782.5	520.314	520.257	520.427	0.17	5	1	4	1	1	1			709.1	1209.6	702.0	1219.6	706.2	1247.2	704.9	1261.3	667.3	1303.3	4		717	1216	3364	5.14111	1	bottom	520.3012
ER	1	GIRLFRIEND	468.3	1205.3	1480.9	66.4	68.2	67.8	521.773	521.736	521.846	0.11	94	5	4	2	6	4			448.5	1256.0	469.4	1203.0	482.5	1157.8	498.3	1114.0	517.7	1028.2	6		482	1228	1498	94.60051	1	girlfriend	521.7755
AE	1	JAN	563.9	1978.1	2751.6	88.1	116.7	1747.3	522.303	522.246	522.416	0.17	33	4	4	2	5	0			555.2	1957.0	564.1	1979.5	570.2	1984.2	572.1	1978.7	586.6	1955.5	5		566	1976	2806	3.4425	1	Jan	522.2969
EH	1	DETENTION	668.7	1737.3	2880.0	180.2	172.5	528.8	522.87	522.847	522.916	0.069	2	4	4	2	3	4			655.0	1702.7	668.5	1741.3	657.9	1781.9	640.6	1805.2	611.3	1810.7	4		637	1752	2831	2.44234	1	(de)tention	522.8852
AE	1	THAT	628.5	1674.6	2874.4	30.5	309.3	328.3	523.344	523.287	523.457	0.17	3	1	4	1	3	0			624.2	1725.0	629.8	1683.1	650.7	1752.5	654.6	1652.7	642.2	1669.1	5		614	1754	2833	3.1413	1	that	523.324
AE	1	HAD	590.6	1792.2	2878.4	119.3	141.4	347.1	524.081	524.055	524.134	0.079	3	1	4	2	0	0			595.5	1798.7	588.4	1789.2	569.0	1772.9	531.5	1737.4	474.5	1705.8	4		596	1799	2941	3.142	1	had	524.0661
EY	1	STAY	492.3	1817.6	2687.9	59.0	68.2	349.6	524.426	524.374	524.634	0.26	22	0	0	0	3	0			492.3	1817.6	481.6	1868.6	466.3	1903.1	429.1	1945.9	407.8	1988.9	5		489	1868	2774	22.0003	1	stay	524.4479
IH	1	SIX	464.7	1629.3	2428.0	44.9	170.3	321.3	525.074	525.054	525.115	0.061	1	1	6	1	3	3			445.9	1590.8	467.4	1633.0	486.6	1667.3	496.6	1707.5	488.5	1741.9	6		486	1724	2332	1.16133	1	six	525.0975
AE	1	AND	566.5	2021.7	3197.6	117.9	118.5	482.2	526.28	526.233	526.374	0.141	3	4	4	2	0	3			474.2	1998.3	566.4	2025.0	571.2	2039.9	562.2	2043.9	533.9	2016.2	4		555	1988	2836	3.44203	1	and	526.2955
AA	1	GOT	628.0	1796.0	3675.5	254.9	165.4	459.8	526.554	526.534	526.594	0.06	5	1	4	1	6	0			597.4	1845.5	631.3	1789.4	652.9	1727.1	664.4	1677.0	665.9	1636.6	3		639	1547	2432	5.1416	1	got	526.5832
AA	1	SOCKS	733.2	1360.1	2768.8	85.8	144.7	614.0	527.07	527.014	527.183	0.169	5	1	6	1	3	3			689.1	1459.8	738.5	1351.6	751.9	1305.3	747.2	1298.3	762.8	1444.6	4		751	1296	2461	5.1613	1	socks	527.0932
OW	1	NO	444.7	1473.9	2528.3	135.9	469.7	1221.6	527.458	527.443	527.564	0.121	63	0	0	0	4	0			492.6	1419.3	497.6	1269.8	472.2	1091.4	440.9	926.4	440.0	838.5	5		479	1139	2174	62.0004	1	no	527.4992
AO	1	HALL	614.7	932.0	1975.2	97.2	101.7	497.0	528.955	528.912	529.041	0.129	53	5	4	2	0	0			610.0	938.5	615.6	931.3	619.7	925.2	613.1	917.4	603.1	893.0	6		703	984	2266	53.542	1	hall	528.9564
AA	1	MONITOR	688.7	1232.8	1512.0	98.6	135.0	1022.4	529.204	529.161	529.291	0.13	5	4	4	2	2	2			692.4	1222.8	688.2	1234.9	689.9	1265.5	683.9	1305.7	661.8	1253.1	6		722	1270	2840	5.44222	1	monitor	529.21
AO	1	STALKS	652.0	1140.2	2378.6	75.3	101.7	261.4	529.915	529.861	530.022	0.161	53	1	6	1	3	3			594.0	1227.7	653.7	1129.8	646.6	1005.5	646.8	1031.0	653.6	1134.7	5		662	1061	2368	53.1613	1	stalks	529.9279
IY	1	SEE	350.0	1940.4	2915.0	121.5	97.3	227.3	530.911	530.878	530.977	0.099	12	0	0	0	3	0			358.2	1920.2	347.9	1943.2	341.5	1955.8	337.5	1955.8	336.4	1968.8	5		342	1949	3082	12.0003	1	see	530.9408
AW	1	OUT	677.5	1190.6	2038.5	55.0	130.1	427.7	531.375	531.347	531.477	0.13	42	1	4	1	0	0			677.2	1192.5	687.9	1206.8	686.5	1258.6	660.5	1269.5	617.1	1276.0	5		683	1180	2067	42.141	1	out	531.3881
AO	2	UNIFORM	574.3	702.8	1943.9	231.2	260.0	706.7	531.907	531.867	531.988	0.121	64	6	4	2	1	3			516.5	715.6	569.7	716.6	537.5	826.3	547.7	958.8	568.3	1158.0	6		597	728	1977	54.6001	1	(uni)form	531.9137
AE	1	LAST	677.8	1657.5	3062.1	111.7	126.0	541.8	532.747	532.717	532.807	0.09	33	3	4	1	7	0			677.5	1646.4	678.2	1660.1	680.5	1715.4	656.6	1746.9	617.6	1744.2	4		661	1674	2411	3.34173	1	last	532.7655
AA	1	JOHN	713.0	1490.6	2345.3	139.5	142.5	1016.8	533.409	533.376	533.476	0.1	5	4	4	2	5	0			695.0	1527.0	714.9	1488.1	715.5	1493.6	703.7	1527.1	665.7	1585.7	5		719	1485	2258	5.4425	1	John	533.408
EH	1	SUSPENDED	635.0	1580.1	2667.2	100.1	128.8	948.4	533.96	533.937	534.006	0.069	2	4	4	2	1	4			633.0	1562.7	634.7	1581.9	630.0	1601.9	619.8	1615.7	605.5	1621.2	4		629	1629	2089	2.44213	1	(su)spended	533.9807
EH	1	SAID	525.0	1606.7	2726.2	59.3	133.7	528.8	534.797	534.777	534.837	0.06	2	1	4	2	3	0			512.2	1627.6	525.6	1604.0	525.3	1570.4	512.9	1529.8	473.2	1490.0	4		526	1575	2569	2.1423	1	said	534.7998
EH	1	DRESS	578.9	1377.2	1951.3	48.9	84.1	136.1	535.126	535.106	535.167	0.061	2	3	4	1	8	0			561.7	1371.8	580.2	1378.3	586.6	1390.2	581.1	1405.4	573.1	1413.3	6		578	1372	1969	2.3418	1	dress	535.1302
OW	1	CODE	509.9	1292.4	1985.2	247.7	195.0	557.0	535.35	535.337	535.487	0.15	62	1	4	2	6	0			479.8	1213.3	470.9	1176.6	429.4	1076.1	394.3	1073.3	351.7	1127.0	5		463	1140	2069	62.142	1	code	535.3952
AH	1	SUCKS	607.6	1250.7	2233.7	30.8	150.7	563.7	535.69	535.657	535.757	0.1	6	1	6	1	3	3			579.5	1296.3	610.3	1243.0	623.0	1206.3	624.8	1198.7	618.2	1216.2	6		623	1204	2834	6.1613	1	sucks	535.7057
AY	1	I	759.7	1310.4	2470.8	77.5	119.1	464.2	537.011	536.953	537.074	0.121	41	0	0	0	0	0		s	864.5	1542.7	730.0	1233.7	759.5	1317.7	743.6	1395.2	705.9	1455.9	5		748	1385	2608	41.0006	1	I	537.0291
IY	1	SEE	389.7	1889.6	2606.3	160.4	100.0	276.1	537.307	537.274	537.374	0.1	12	0	0	0	3	0			396.6	1845.3	388.9	1893.5	369.6	1857.7	361.4	1631.2	373.5	1510.4	6		367	1921	2782	12.0003	1	see	537.3168
AO	1	WRONG	623.3	1120.0	1859.9	82.2	75.3	625.0	537.693	537.673	537.733	0.06	53	4	6	2	7	0			618.5	1105.0	624.2	1122.6	629.3	1149.1	632.1	1176.3	624.8	1185.1	6		632	1143	1979	53.46273	1	wrong	537.7
AE	1	THAT	605.3	1665.8	2836.7	41.7	96.3	1099.9	537.986	537.933	538.093	0.16	3	1	4	1	3	0			582.7	1681.1	608.7	1668.4	629.2	1663.8	639.8	1663.7	613.1	1696.8	4		625	1663	2541	3.1413	1	that	537.9992
IY	1	EVEN	323.7	2046.7	3290.5	208.7	580.5	158.3	538.586	538.553	538.653	0.1	11	3	2	2	0	1			216.2	1936.8	326.3	2040.3	318.6	1971.9	333.5	1925.3	354.5	1839.7	5		320	1987	3246	11.32201	1	even	538.5975
AA	1	FATHER	728.8	1247.9	3300.0	134.3	138.7	2302.7	539.052	538.982	539.192	0.21	43	3	3	2	1	1			710.4	1253.1	728.5	1248.7	717.3	1241.1	673.4	1221.8	575.8	1214.4	4		706	1220	2487	43.33111	1	father	539.0789
AE	1	THAT	622.6	1567.5	2972.0	51.8	131.8	1073.6	539.626	539.582	539.713	0.131	3	1	4	1	3	0			615.4	1572.6	623.0	1567.5	621.0	1626.2	629.1	1600.4	496.1	1510.0	4		628	1549	2688	3.1413	1	that	539.6274
OW	1	KNOW	522.5	1514.0	2085.0	100.3	134.6	351.8	541.173	541.155	541.266	0.111	63	0	0	0	4	0			532.9	1460.6	548.1	1255.1	539.8	1098.6	511.7	941.1	469.4	870.6	5		551	1209	2190	62.0004	1	know	541.1986
IY	1	MEAN	459.5	2063.5	2887.8	183.3	299.4	1003.6	541.542	541.516	541.595	0.079	11	4	4	2	2	0			439.4	2008.0	465.0	2069.3	473.1	2104.5	469.0	2183.0	471.7	2226.6	4		487	2017	2692	11.4422	1	mean	541.5576
IH	1	SICK	446.7	1781.7	2701.6	103.6	133.8	867.3	542.586	542.569	542.619	0.05	1	1	6	1	3	0			445.6	1754.9	446.7	1781.7	445.1	1836.3	437.3	1879.8	417.2	1910.2	4		448	1738	2464	1.1613	1	sick	542.5846
AE	1	THAT	601.8	1661.7	2816.9	40.3	139.1	388.1	542.839	542.809	542.899	0.09	3	1	4	1	3	0			590.5	1603.1	602.1	1665.7	600.1	1680.6	589.8	1667.4	576.6	1630.1	5		602	1677	2848	3.1413	1	that	542.8411
UW	1	SCHOOL	297.0	796.9	2093.5	168.6	140.9	513.1	543.102	543.069	543.169	0.1	72	5	4	2	6	0			286.2	815.6	297.0	785.4	333.3	731.1	319.9	744.9	291.5	752.8	6		370	737	1890	72.5426	1	school	543.1259
AA	1	COT	847.6	1379.0	2488.6	118.4	124.8	474.9	561.091	561.031	561.211	0.18	5	1	4	1	6	0			805.0	1353.4	850.2	1380.0	859.8	1384.2	828.0	1365.6	754.6	1409.5	4		845	1368	2331	5.141	1	cot	561.1089
AO	1	CAUGHT	642.7	963.0	2707.6	58.1	66.2	431.5	561.967	561.9	562.101	0.201	53	1	4	1	6	0			619.2	978.6	645.9	964.2	663.4	978.5	683.0	1032.4	694.7	1138.6	5		658	972	2817	53.141	1	caught	561.9906
IH	1	DIFFERENTLY	431.8	1620.2	2649.4	250.0	321.2	599.8	568.639	568.616	568.685	0.069	1	3	2	1	3	2			461.2	1523.8	435.1	1632.1	485.1	1721.9	503.0	1735.7	502.3	1711.8	5		486	1757	3033	1.32132	1	differently	568.663
AA	1	DON	823.9	1404.9	2746.7	214.1	174.0	990.3	570.454	570.354	570.655	0.301	5	4	4	2	3	0			861.4	1520.5	820.8	1400.2	802.5	1375.6	811.8	1367.9	813.8	1395.2	4		815	1378	2927	5.4423	1	don	570.5219
AO	1	DAWN	622.6	968.1	2469.9	89.0	110.5	1152.8	571.091	571.004	571.264	0.26	53	4	4	2	3	0			644.4	1101.5	620.2	961.3	607.3	919.7	586.3	911.0	604.4	1049.2	5		648	985	3578	53.4423	1	dawn	571.0989
IH	1	DIFFERENT	496.1	1817.8	2748.7	38.6	89.5	290.0	572.69	572.673	572.723	0.05	1	3	2	1	3	2			479.7	1823.1	496.1	1817.8	515.9	1801.1	528.5	1784.1	530.3	1779.0	5		522	1798	2679	1.32132	1	different	572.7071
AA	1	FATHER	775.6	1229.2	1452.2	59.8	81.4	1122.1	574.727	574.647	574.887	0.24	43	3	3	2	1	1			763.0	1192.1	775.5	1233.4	782.1	1255.1	763.6	1253.4	700.7	1271.5	6		802	1265	2533	43.33111	1	father	574.7598
AA	1	BOTHER	801.2	1275.1	3951.2	142.8	250.8	516.8	575.549	575.476	575.696	0.22	5	3	3	2	1	1			780.3	1275.5	795.7	1269.9	786.0	1270.5	780.2	1277.0	714.1	1270.7	3		763	1236	3204	5.33111	1	bother	575.5704
AY	1	RHYME	660.4	1290.2	2136.5	205.7	114.5	272.7	578.631	578.631	578.721	0.09	41	4	1	2	7	0		m	644.5	1331.1	620.5	1329.8	610.8	1364.5	517.7	1208.2	471.5	1018.3	6		628	1263	2077	41.4127	1	rhyme	578.6359
IH	1	NEARER	392.6	2036.1	3248.1	62.5	67.7	604.0	580.786	580.736	580.885	0.149	14	6	4	2	4	1			397.9	2043.4	392.5	2034.8	398.2	2067.9	418.3	1939.8	452.3	1813.5	4		396	2027	3256	14.60041	1	nearer	580.7997
IH	1	MIRROR	427.1	2014.0	2796.0	115.7	81.0	2326.0	581.612	581.575	581.686	0.111	14	6	4	2	2	1			421.4	1999.8	427.8	2012.0	436.2	1979.8	449.7	1934.5	463.1	1848.8	4		445	2002	2484	1.60021	1	mirror	581.6074
UW	1	FOOL	376.9	807.5	2031.0	136.0	229.6	966.2	586.928	586.842	587.101	0.259	72	5	4	2	1	0			359.4	685.6	376.2	800.5	373.2	692.4	362.1	696.3	387.2	693.5	6		367	669	2125	72.5421	1	fool	586.8937
IH	1	DIFFERENT	487.4	1774.7	2212.4	90.2	67.1	2279.8	589.634	589.617	589.667	0.05	1	3	2	1	3	2			478.6	1767.1	487.4	1774.7	503.7	1777.5	515.6	1769.9	526.3	1756.8	5		514	1786	2689	1.32132	1	different	589.643
AA	1	FARM	710.1	1134.5	2053.6	109.5	57.2	798.8	603.905	603.848	604.018	0.17	44	6	4	2	1	3			672.4	1083.0	712.0	1137.4	728.9	1171.2	707.9	1176.7	698.1	1201.9	6		778	1158	2484	44.6001	1	farm	603.908
AH	1	DUSK	637.4	1250.0	2519.7	61.7	85.0	337.8	604.788	604.738	604.887	0.149	6	3	4	1	3	3			592.4	1378.9	640.7	1241.8	656.6	1175.1	659.4	1152.5	653.0	1182.1	5		653	1193	2498	6.34133	1	dusk	604.8026
AA	1	SOCKS	791.5	1345.7	2645.1	107.1	109.3	638.5	606.678	606.618	606.798	0.18	5	1	6	1	3	3			750.1	1415.9	795.4	1341.1	813.7	1314.9	829.1	1344.4	818.2	1387.7	4		807	1307	2533	5.1613	1	socks	606.7029
AY	1	HIGHSCHOOL	888.2	1366.1	2623.3	228.4	184.2	450.6	608.832	608.823	608.952	0.129	47	3	4	1	0	4			792.8	1372.2	783.1	1500.1	732.3	1638.6	635.1	1810.8	532.2	1890.1	5		848	1521	3119	47.34201	1	highschool	608.861
OW	1	BOAT	541.3	1115.3	2143.5	66.3	111.4	239.1	609.932	609.922	610.132	0.21	62	1	4	1	1	0			525.6	1029.9	476.5	939.0	445.8	832.9	394.9	747.9	358.4	687.7	6		541	1047	2262	62.1411	1	boat	609.9593
AY	1	SLIDER	763.8	1392.3	2888.7	142.8	155.8	363.7	611.014	610.942	611.113	0.171	41	1	4	2	8	1			724.6	1197.8	756.2	1310.5	757.3	1498.6	699.7	1724.5	611.1	1853.6	4		710	1204	2903	41.14281	1	slider	610.9821
IH	1	SIX	496.0	1872.1	2768.1	76.1	74.7	423.8	611.986	611.963	612.033	0.07	1	1	6	1	3	3			479.6	1834.7	497.3	1875.8	503.5	1904.8	502.4	1927.7	490.2	1964.9	4		503	1881	2613	1.16133	1	six	611.992
AY	1	TIGER	678.4	1224.4	2521.2	271.2	250.4	696.8	612.971	612.963	613.083	0.12	41	1	6	2	3	1			644.5	1214.9	654.3	1269.4	650.1	1377.4	617.9	1518.9	564.1	1679.8	5		655	1261	2464	41.25231	1	tiger	613.0049
ER	1	BURN	523.2	1269.9	1551.1	108.1	109.4	95.7	614.242	614.149	614.428	0.279	94	4	4	2	1	0			550.8	1270.5	518.4	1269.4	504.7	1286.5	507.0	1318.1	526.2	1438.1	6		517	1273	1543	94.6001	1	burn	614.2456
AY	1	WRITING	612.2	1200.1	1819.8	54.5	87.0	75.0	615.234	615.198	615.338	0.14	47	1	4	1	7	1			608.9	1117.8	603.1	1357.4	548.6	1589.7	480.0	1798.3	451.5	1668.1	6		620	1208	1839	47.1417	1	writing	615.2342
OW	1	GO	521.1	1287.0	2127.5	53.2	95.6	311.6	616.312	616.279	616.599	0.32	63	0	0	0	6	0			551.2	1188.1	527.0	1108.9	490.8	1027.6	468.0	957.7	461.1	854.6	5		550	1169	2175	62.0006	1	go	616.3496
AO	1	STALKS	645.5	1030.5	1649.5	65.8	71.1	1740.5	617.768	617.698	617.909	0.211	53	1	6	1	3	3			630.2	1097.7	646.4	1021.2	642.3	986.2	673.8	1035.2	675.2	1139.0	6		651	1014	2406	53.1613	1	stalks	617.7841
IH	2	INVENTORY	478.6	1841.7	2712.6	501.8	1379.6	1031.4	620.017	619.987	620.077	0.09	1	4	4	2	0	5			707.3	1771.2	460.0	1850.2	448.3	2191.5	489.7	2102.3	493.2	1998.3	5		504	1999	2836	1.44205	1	inventory	620.0576
AO	1	INVENTORY	501.4	986.8	2003.1	76.3	81.1	99.0	620.414	620.368	620.507	0.139	64	6	4	2	3	1			509.6	1084.1	502.6	977.5	508.4	963.6	514.2	1012.0	510.1	1081.8	6		499	948	1991	54.60031	1	(inven)tory	620.4308
ER	1	FIRM	542.4	1194.3	1555.7	103.7	91.5	110.8	621.591	621.508	621.758	0.25	94	4	1	2	1	0			563.3	1180.1	539.4	1196.1	524.8	1226.7	525.1	1265.9	536.6	1263.7	6		529	1248	1537	94.6001	1	firm	621.6402
AY	1	SPIDER	768.0	1469.9	3163.0	282.2	792.4	1358.7	622.715	622.658	622.828	0.17	41	1	4	2	1	1			730.6	1679.7	758.1	1397.6	673.0	1471.8	558.0	1742.9	482.7	1864.0	4		637	1014	2203	41.14211	1	spider	622.6915
EH	1	DESK	643.0	1657.7	3022.5	96.3	149.0	525.9	624.045	623.995	624.145	0.15	2	3	4	1	3	3			606.1	1711.9	647.0	1650.9	684.2	1595.2	686.6	1594.9	657.0	1591.8	4		677	1550	2567	2.34133	1	desk	624.0775
EH	1	RUDIMENTARY	639.5	1695.2	2776.4	131.1	124.9	543.3	625.344	625.324	625.385	0.061	2	4	4	2	2	5			635.0	1668.1	639.5	1698.4	632.5	1723.1	616.1	1738.5	591.9	1728.6	4		647	1690	2717	2.44225	1	(rudi)mentary	625.3439
EY	1	CRAYON	613.2	1537.8	2057.1	57.2	143.6	355.3	627.987	627.947	628.116	0.169	21	0	0	0	8	1			612.0	1488.3	599.6	1694.5	553.2	1837.1	549.1	1880.4	599.1	1862.5	5		611	1605	2148	21.4428	1	crayon	627.9963
OW	1	HOME	629.7	1292.3	2582.2	281.1	270.8	524.3	629.937	629.93	630.2	0.27	62	4	1	2	0	0			585.9	888.1	549.7	818.8	507.6	770.4	484.5	718.1	437.8	713.5	5		576	872	2345	62.412	1	home	629.9949
EH	1	SEX	678.7	1641.8	2796.8	88.0	129.7	617.9	631.02	630.98	631.1	0.12	2	1	6	1	3	3			641.3	1634.8	682.5	1642.5	713.3	1644.9	717.9	1637.6	696.2	1691.8	4		705	1595	2292	2.16133	1	sex	631.0476
AY	1	TIED	955.7	1655.5	2684.2	361.8	465.8	472.9	631.94	631.941	632.281	0.34	41	1	4	2	3	0		s	784.8	1281.7	782.0	1296.9	774.5	1367.9	705.3	1629.1	560.7	1844.0	5		784	1281	2559	41.0023	1	tied	632.002
AE	1	BAG	684.3	1829.5	2911.6	45.8	82.2	490.3	633.041	632.941	633.241	0.3	3	1	6	2	1	0			691.0	1787.5	682.9	1832.5	672.4	1847.1	668.4	1844.9	667.3	1822.3	4		682	1804	2808	3.1621	1	bag	633.0319
OW	1	NO	593.8	1479.4	2406.9	83.8	98.5	467.5	634.079	634.031	634.421	0.39	63	0	0	0	4	0			609.8	1319.3	591.1	1146.9	553.5	1007.5	496.8	901.6	474.8	815.3	5		610	1306	2419	62.0004	1	no	634.1131
AY	1	RIDING	742.2	1384.8	2114.3	63.1	128.4	334.2	635.168	635.081	635.281	0.2	41	1	4	2	7	1			704.6	1212.8	735.8	1301.3	735.2	1477.9	673.6	1727.0	581.5	1880.0	5		739	1321	2068	41.1427	1	riding	635.1573
AE	1	SACKS	689.2	1811.5	2778.0	59.8	79.4	538.2	636.364	636.301	636.491	0.19	3	1	6	1	3	3			668.7	1801.5	690.4	1811.8	700.6	1831.6	696.9	1809.2	685.3	1824.9	4		693	1807	2703	3.1613	1	sacks	636.3738
EH	2	SEDIMENTARY	546.6	1539.0	2579.2	59.0	92.8	182.0	638.296	638.279	638.329	0.05	2	1	4	2	3	2			537.5	1530.3	546.6	1539.0	558.6	1547.5	561.6	1546.7	551.3	1533.1	5		565	1551	2596	2.14232	1	sedimentary	638.3054
EH	1	SEDIMENTARY	615.2	1706.4	2801.7	100.4	132.3	567.6	638.499	638.479	638.538	0.059	2	4	4	2	2	5			617.6	1697.2	614.5	1707.0	604.3	1706.4	585.5	1704.2	561.6	1698.3	4		633	1713	2728	2.44225	1	(sedi)mentary	638.5049
AY	1	MINOR	723.0	1245.2	1797.6	103.7	106.0	936.2	639.704	639.629	639.819	0.19	41	4	4	2	2	1			696.1	1149.1	714.9	1211.3	749.3	1375.1	720.6	1677.2	636.7	1594.8	6		753	1220	2572	41.44221	1	minor	639.6801
AA	1	MA	730.4	1217.4	1589.3	111.6	99.9	914.4	641.099	641.019	641.259	0.24	43	0	0	0	2	0			742.9	1213.4	731.7	1218.9	738.9	1228.9	750.4	1292.5	728.3	1397.5	6		776	1247	2841	43.0002	1	ma	641.126
AA	1	PA	737.1	1236.2	2734.6	96.5	85.9	588.1	641.542	641.449	641.729	0.28	43	0	0	0	1	0			741.2	1218.1	738.4	1237.4	730.2	1234.5	725.3	1233.3	742.5	1259.2	4		726	1220	2492	43.0001	1	pa	641.5305
AA	1	BARN	699.7	1164.6	2326.2	85.0	75.4	299.1	646.301	646.251	646.401	0.15	44	6	4	2	1	3			695.8	1157.5	699.8	1167.9	700.6	1189.7	696.6	1200.4	688.9	1210.9	5		698	1182	2335	44.6001	1	barn	646.3126
AO	1	HORSE	452.7	690.9	1914.4	99.5	48.9	135.1	647.58	647.52	647.701	0.181	64	6	4	2	0	3			453.5	687.0	453.0	692.8	466.7	741.6	482.8	818.5	490.5	922.4	6		516	652	2006	54.6	1	horse	647.5846
AY	1	SIDE	764.2	1351.3	2544.9	73.5	73.6	456.4	648.913	648.791	649.141	0.35	41	1	4	2	3	0		m	755.4	1342.9	763.7	1353.5	756.0	1393.6	693.8	1616.5	569.4	1862.3	5		764	1337	2583	41.1423	1	side	648.8881
AH	1	SUCKS	657.5	1173.2	2438.0	51.5	53.1	336.1	650.08	650.03	650.179	0.149	6	1	6	1	3	3			626.3	1218.0	659.2	1170.6	668.3	1185.5	663.4	1250.5	611.6	1322.4	5		665	1165	2428	6.1613	1	sucks	650.0875
EY	1	VAGUE	548.4	1863.3	2908.5	135.7	86.4	628.5	652.443	652.41	652.67	0.26	21	1	6	2	1	0			542.2	1933.3	505.9	1997.6	460.1	2009.5	460.9	2030.7	448.5	2059.3	4		535	1861	2663	21.16211	1	vague	652.4522
AY	1	MINER	743.5	1363.7	1732.1	165.9	184.0	1097.0	653.664	653.56	653.769	0.209	41	4	4	2	2	1			689.7	1132.2	715.9	1215.4	743.5	1363.7	723.1	1667.9	613.6	1591.4	6		777	1370	2511	41.44221	1	miner	653.6616
EH	1	MARY	586.7	1820.0	2396.5	81.3	98.4	659.7	654.78	654.74	654.859	0.119	2	6	4	2	2	1			583.7	1787.7	586.5	1822.7	584.0	1826.5	583.2	1806.2	581.4	1729.9	5		583	1829	2407	24.60021	1	Mary	654.7912
