ChristieL, 20, F, W, 12, Utica, 2006

vowel	stress	word	norm_F1	norm_F2	t	beg	end	dur	cd	fm	fp	fv	ps	fs	style	glide	norm_F1@20%	norm_F2@20%	norm_F1@35%	norm_F2@35%	norm_F1@50%	norm_F2@50%	norm_F1@65%	norm_F2@65%	norm_F1@80%	norm_F2@80%	nFormants
AY	1	NINETEEN	772.0	1920.0	4.618	4.598	4.669	0.071	41	4	4	2	4	4			765.0	1825.0	768.0	2006.0	740.0	2131.0	698.0	2259.0	641.0	2389.0	4	
IY	1	NINETEEN	385.0	2500.0	4.809	4.789	4.849	0.06	11	4	4	2	3	0			774.0	2409.0	367.0	2511.0	410.0	2559.0	428.0	2558.0	444.0	2563.0	4	
IY	0	EIGHTY	454.0	2356.0	5.098	5.068	5.158	0.09	12	0	0	0	3	0			464.0	2289.0	455.0	2373.0	473.0	2446.0	459.0	2478.0	437.0	2520.0	5	
EY	1	EIGHT	484.0	2553.0	5.193	5.158	5.228	0.07	21	1	4	1	0	0			412.0	2573.0	439.0	2561.0	484.0	2553.0	519.0	2550.0	528.0	2545.0	4	
EH	1	YES	595.0	2068.0	13.63	13.583	13.724	0.141	2	3	4	1	9	0			468.0	2132.0	605.0	2065.0	664.0	2010.0	683.0	1763.0	723.0	1824.0	4	
EH	1	WEST	678.0	1638.0	16.308	16.291	16.341	0.05	2	3	4	1	9	3			677.0	1519.0	678.0	1638.0	676.0	1717.0	667.0	1722.0	655.0	1736.0	5	
AH	0	UTICA	589.0	1297.0	16.69	16.67	16.73	0.06	6	0	0	0	6	0			577.0	1351.0	590.0	1290.0	589.0	1314.0	585.0	1399.0	587.0	1447.0	5	
AE	1	YEAH	608.0	2118.0	20.011	19.955	20.124	0.169	3	0	0	0	9	0			538.0	2247.0	613.0	2095.0	635.0	1979.0	675.0	1855.0	811.0	1744.0	5	
IH	1	LIVED	503.0	1637.0	25.623	25.593	25.683	0.09	1	3	2	2	7	3			502.0	1725.0	503.0	1626.0	507.0	1409.0	511.0	1343.0	498.0	1342.0	4	
IY	1	EAST	299.0	2588.0	25.989	25.942	26.082	0.14	11	3	4	1	0	3			314.0	2668.0	292.0	2583.0	249.0	2556.0	250.0	2547.0	267.0	2446.0	3	
AH	0	UTICA	530.0	1810.0	26.349	26.332	26.382	0.05	6	1	6	1	3	1			530.0	1817.0	530.0	1810.0	519.0	1754.0	496.0	1664.0	476.0	1618.0	4	
AH	0	UTICA	703.0	1417.0	26.559	26.462	26.753	0.291	6	0	0	0	6	0			570.0	1393.0	681.0	1398.0	703.0	1382.0	703.0	1310.0	676.0	1328.0	4	
AY	1	I	853.0	1583.0	27.022	26.942	27.102	0.16	41	0	0	0	0	0		s	824.0	1640.0	839.0	1537.0	853.0	1583.0	815.0	1759.0	707.0	1644.0	4	
AH	1	WAS	599.0	1402.0	27.262	27.202	27.382	0.18	6	3	4	2	9	0			599.0	1379.0	600.0	1462.0	535.0	1476.0	538.0	1590.0	506.0	1619.0	5	
EY	1	EIGHT	654.0	2404.0	28.664	28.635	28.796	0.161	21	1	4	1	0	0			554.0	2353.0	457.0	2321.0	447.0	2371.0	459.0	2255.0	440.0	2158.0	4	
AY	1	NINE	870.0	1616.0	28.985	28.946	29.165	0.219	41	4	4	2	4	0			845.0	1040.0	814.0	896.0	697.0	963.0	564.0	833.0	387.0	924.0	6	
AY	1	I	737.0	1563.0	30.269	30.246	30.325	0.079	41	0	0	0	0	0		m	712.0	1608.0	725.0	1553.0	736.0	1561.0	722.0	1512.0	674.0	1422.0	6	
AY	1	LIVED	596.0	1670.0	30.464	30.406	30.615	0.209	41	3	2	2	7	3		s	586.0	1620.0	595.0	1696.0	595.0	1835.0	588.0	1684.0	585.0	1653.0	5	
AE	1	AND	798.0	1620.0	31.069	31.045	31.116	0.071	3	4	4	2	0	3			853.0	1491.0	787.0	1634.0	703.0	1789.0	612.0	1771.0	580.0	1629.0	5	
AH	0	IT	586.0	1545.0	31.345	31.325	31.386	0.061	6	1	4	1	0	0			572.0	1558.0	588.0	1535.0	605.0	1688.0	601.0	1498.0	573.0	1162.0	6	
IY	1	EAST	448.0	2831.0	32.237	32.207	32.296	0.089	11	3	4	1	0	3			563.0	2999.0	450.0	2829.0	437.0	2793.0	414.0	2791.0	388.0	2793.0	3	
EH	1	WEST	690.0	1608.0	32.723	32.706	32.757	0.051	2	3	4	1	9	3			712.0	1567.0	683.0	1616.0	639.0	1649.0	591.0	1683.0	560.0	1707.0	4	
AH	1	COLUMBUS	624.0	1084.0	35.955	35.935	35.995	0.06	6	4	1	2	7	4			616.0	1064.0	623.0	1087.0	616.0	1091.0	605.0	1079.0	592.0	1058.0	6	
AE	1	ACADEMY	618.0	2039.0	39.075	39.048	39.129	0.081	3	1	4	2	6	2			612.0	2072.0	618.0	2036.0	616.0	2013.0	597.0	1984.0	562.0	1930.0	5	
IH	1	HERE	491.0	2263.0	44.418	44.394	44.465	0.071	14	6	4	2	0	0			450.0	2270.0	497.0	2259.0	566.0	2239.0	605.0	2251.0	609.0	2189.0	5	
AA	1	MOM	859.0	1413.0	46.827	46.797	46.887	0.09	5	4	1	2	2	0			897.0	1389.0	858.0	1415.0	838.0	1425.0	829.0	1403.0	835.0	1283.0	4	
AO	1	BORN	492.0	1036.0	47.159	47.136	47.206	0.07	64	6	4	2	1	3			495.0	998.0	493.0	1042.0	517.0	1062.0	620.0	1093.0	699.0	1163.0	4	
AH	0	FLORIDA	720.0	1343.0	47.73	47.697	47.796	0.099	6	0	0	0	3	0			680.0	1371.0	726.0	1324.0	746.0	1140.0	711.0	1035.0	621.0	1140.0	5	
AE	1	AND	781.0	1892.0	48.264	48.247	48.297	0.05	3	4	4	2	0	3			747.0	1813.0	781.0	1891.0	773.0	1964.0	758.0	1978.0	713.0	2034.0	5	
AY	1	I	902.0	1841.0	48.369	48.347	48.427	0.08	41	0	0	0	0	0		m	901.0	1813.0	894.0	1687.0	893.0	1652.0	885.0	1640.0	847.0	1603.0	4	
AY	1	MY	897.0	1890.0	48.828	48.797	48.896	0.099	41	0	0	0	2	0		m	872.0	1760.0	893.0	1916.0	794.0	1964.0	659.0	1989.0	591.0	2185.0	4	
AE	1	DAD	600.0	2015.0	48.973	48.936	49.047	0.111	3	1	4	2	3	0			424.0	1627.0	601.0	2003.0	603.0	1934.0	593.0	1898.0	579.0	1818.0	6	
OW	1	NO	802.0	1352.0	52.588	52.558	52.708	0.15	63	0	0	0	4	0			802.0	1352.0	835.0	1266.0	832.0	1227.0	850.0	1729.0	645.0	1300.0	6	
OW	1	NO	794.0	1477.0	57.501	57.476	57.575	0.099	63	0	0	0	4	0			797.0	1519.0	801.0	1413.0	837.0	1329.0	864.0	1526.0	873.0	2066.0	4	
AY	1	I	635.0	1378.0	58.048	58.009	58.089	0.08	41	0	0	0	0	0		m	549.0	1456.0	585.0	1411.0	638.0	1379.0	651.0	1549.0	562.0	1768.0	5	
AA	1	DROPPED	655.0	1571.0	58.239	58.209	58.299	0.09	5	1	1	1	8	3			640.0	1747.0	656.0	1561.0	658.0	1430.0	623.0	1225.0	580.0	1311.0	6	
AW	1	OUT	635.0	1712.0	58.425	58.398	58.508	0.11	42	1	4	1	0	0			631.0	1724.0	648.0	1642.0	669.0	1319.0	657.0	1112.0	626.0	1161.0	5	
AY	1	HIGH	999.0	1553.0	62.623	62.627	62.727	0.1	41	0	0	0	0	0			958.0	1492.0	873.0	1682.0	814.0	1863.0	695.0	1903.0	582.0	1902.0	5	
UW	1	SCHOOL	454.0	893.0	62.907	62.887	62.947	0.06	72	5	4	2	6	0			443.0	886.0	456.0	895.0	471.0	905.0	481.0	926.0	490.0	960.0	6	
AY	1	I	820.0	1105.0	63.02	62.976	63.107	0.131	41	0	0	0	0	0		m	769.0	1139.0	819.0	1100.0	771.0	1078.0	703.0	1083.0	629.0	1046.0	5	
IH	1	IN	493.0	1976.0	63.286	63.266	63.326	0.06	1	4	4	2	0	0			452.0	1888.0	499.0	1991.0	552.0	2124.0	602.0	2198.0	633.0	2191.0	5	
OW	1	ONLY	652.0	1140.0	64.121	64.114	64.164	0.05	62	4	4	2	0	1			652.0	1140.0	649.0	1113.0	640.0	1050.0	640.0	1033.0	642.0	1062.0	6	
AY	1	LIKE	637.0	1649.0	64.292	64.294	64.384	0.09	47	1	6	1	7	0			622.0	1680.0	611.0	1874.0	595.0	2053.0	530.0	2192.0	402.0	1931.0	5	
UW	1	TWO	487.0	1539.0	64.53	64.513	64.563	0.05	73	0	0	0	3	0			538.0	1610.0	487.0	1539.0	404.0	1466.0	399.0	1463.0	417.0	1523.0	6	
IH	1	YEARS	435.0	2507.0	64.65	64.613	64.723	0.11	14	6	4	2	9	3			426.0	2522.0	440.0	2505.0	506.0	2449.0	571.0	2359.0	580.0	2380.0	3	
AH	0	THIS	486.0	1632.0	64.87	64.853	64.903	0.05	6	3	4	1	3	0			481.0	1615.0	487.0	1636.0	483.0	1674.0	476.0	1784.0	476.0	1846.0	5	
AY	1	MY	820.0	1723.0	65.101	65.084	65.173	0.089	41	0	0	0	2	0		m	783.0	1669.0	560.0	1231.0	472.0	840.0	557.0	798.0	422.0	785.0	6	
AA	1	NOT	922.0	1788.0	72.186	72.159	72.239	0.08	5	1	4	1	4	0			840.0	1745.0	926.0	1794.0	930.0	1877.0	874.0	1954.0	782.0	2040.0	4	
EH	1	YET	612.0	2208.0	72.341	72.298	72.428	0.13	2	1	4	1	9	0			533.0	2305.0	589.0	2088.0	644.0	1709.0	768.0	2007.0	779.0	1382.0	5	
AY	1	MY	827.0	1460.0	95.429	95.403	95.463	0.06	41	0	0	0	2	0		s	794.0	1389.0	827.0	1453.0	812.0	1519.0	750.0	1597.0	647.0	1664.0	4	
AE	1	FAMILY	504.0	2122.0	95.596	95.563	95.662	0.099	39	4	1	2	1	1			480.0	2173.0	511.0	2111.0	610.0	2079.0	695.0	1997.0	690.0	1721.0	5	
AW	1	OUT	661.0	1469.0	95.965	95.942	96.042	0.1	42	1	4	1	0	0			650.0	1501.0	708.0	1327.0	728.0	1186.0	688.0	1213.0	620.0	1308.0	5	
EH	1	THERE	640.0	1955.0	96.145	96.122	96.192	0.07	24	6	4	2	3	0			637.0	1953.0	641.0	1975.0	657.0	2140.0	658.0	2137.0	663.0	1919.0	4	
AY	1	I	979.0	1542.0	99.639	99.598	99.708	0.11	41	0	0	0	0	0		s	760.0	1658.0	977.0	1571.0	963.0	1561.0	939.0	1661.0	882.0	1530.0	5	
OW	1	DON'T	736.0	1322.0	99.757	99.748	99.808	0.06	62	4	4	2	3	0			736.0	1323.0	741.0	1258.0	737.0	1193.0	739.0	1148.0	736.0	1108.0	6	
OW	1	GO	555.0	1109.0	99.908	99.888	99.977	0.089	63	0	0	0	6	0			555.0	1109.0	609.0	1141.0	610.0	1148.0	593.0	1151.0	545.0	1147.0	5	
AY	1	MY	882.0	1596.0	100.158	100.147	100.218	0.071	41	0	0	0	2	0		s	878.0	1619.0	820.0	1688.0	715.0	1756.0	578.0	1806.0	478.0	1817.0	5	
AE	1	GRANDMOTHER	633.0	1845.0	100.335	100.308	100.388	0.08	39	4	1	2	8	2			567.0	1834.0	639.0	1843.0	708.0	1795.0	757.0	1714.0	764.0	1557.0	5	
ER	0	GRANDMOTHER	551.0	1459.0	100.574	100.557	100.607	0.05	94	0	0	0	3	0			567.0	1474.0	551.0	1459.0	506.0	1428.0	459.0	1390.0	420.0	1352.0	5	
OW	1	GOES	496.0	1111.0	100.667	100.648	100.757	0.109	62	3	4	2	6	0			511.0	1105.0	558.0	1109.0	548.0	1105.0	539.0	1163.0	500.0	1246.0	5	
EH	1	THERE	608.0	1810.0	100.897	100.857	100.977	0.12	24	6	4	2	3	0			594.0	1777.0	609.0	1815.0	623.0	1816.0	646.0	1773.0	676.0	1692.0	4	
AA	1	LOT	806.0	1134.0	101.104	101.067	101.178	0.111	5	1	4	1	7	0			793.0	1094.0	808.0	1143.0	840.0	1224.0	790.0	1277.0	856.0	1435.0	6	
AY	1	I	920.0	1650.0	104.294	104.26	104.37	0.11	41	0	0	0	0	0		m	960.0	1789.0	906.0	1614.0	850.0	1533.0	772.0	1417.0	734.0	1994.0	4	
AY	1	MY	806.0	1699.0	106.31	106.307	106.377	0.07	41	0	0	0	2	0		m	739.0	1673.0	636.0	1291.0	496.0	842.0	443.0	1039.0	298.0	1343.0	6	
ER	1	CHURCH	590.0	1904.0	106.526	106.506	106.566	0.06	94	2	5	1	5	0			622.0	1924.0	584.0	1904.0	524.0	1904.0	426.0	1839.0	365.0	1923.0	4	
ER	0	FOR	635.0	1430.0	109.502	109.482	109.542	0.06	94	0	0	0	8	0			633.0	1406.0	635.0	1431.0	635.0	1441.0	635.0	1466.0	630.0	1526.0	5	
UW	1	YOUTH	367.0	1955.0	109.689	109.672	109.722	0.05	82	3	3	1	9	0			371.0	1950.0	367.0	1955.0	466.0	2204.0	720.0	2564.0	920.0	2878.0	4	
EY	1	ABLAZE	543.0	1620.0	109.944	109.931	110.051	0.12	21	3	4	2	8	0			516.0	1689.0	502.0	1798.0	505.0	1998.0	505.0	2220.0	488.0	2205.0	5	
OW	1	NO	833.0	1606.0	114.101	114.091	114.151	0.06	63	0	0	0	4	0			833.0	1606.0	839.0	1559.0	838.0	1520.0	840.0	1486.0	851.0	1459.0	6	
AY	1	MY	796.0	1686.0	118.096	118.082	118.133	0.051	41	0	0	0	2	0		s	781.0	1552.0	791.0	1721.0	785.0	1797.0	627.0	1563.0	495.0	1360.0	6	
AY	1	LIVE	831.0	1745.0	118.796	118.772	118.822	0.05	41	3	2	2	7	0		m	489.0	1231.0	527.0	1187.0	555.0	1187.0	565.0	1207.0	562.0	1220.0	5	
AW	1	OUT	660.0	1141.0	118.904	118.872	119.002	0.13	42	1	4	1	0	0			616.0	1129.0	707.0	1118.0	759.0	1167.0	766.0	1239.0	711.0	1202.0	5	
EH	1	THERE	656.0	1965.0	119.136	119.113	119.182	0.069	24	6	4	2	3	0			665.0	1836.0	655.0	1978.0	651.0	2118.0	656.0	2150.0	657.0	2158.0	4	
OW	1	NO	809.0	1842.0	123.387	123.379	123.459	0.08	63	0	0	0	4	0			798.0	1838.0	779.0	1598.0	760.0	1579.0	736.0	1582.0	721.0	1496.0	5	
AY	1	I	932.0	1324.0	127.973	127.903	128.043	0.14	41	0	0	0	0	0		m	915.0	1367.0	932.0	1327.0	923.0	1298.0	909.0	1311.0	841.0	1231.0	5	
EH	1	THERE	679.0	1517.0	128.369	128.352	128.403	0.051	24	6	4	2	3	0			693.0	1572.0	675.0	1503.0	650.0	1434.0	625.0	1397.0	610.0	1384.0	5	
AW	1	HOUR	1024.0	1354.0	128.804	128.792	128.992	0.2	42	0	0	0	0	1			1025.0	1362.0	980.0	1304.0	818.0	1185.0	650.0	1045.0	633.0	895.0	4	
ER	0	HOUR	609.0	1439.0	129.035	128.992	129.122	0.13	94	0	0	0	0	0			627.0	1405.0	606.0	1440.0	595.0	1445.0	590.0	1555.0	567.0	1627.0	4	
IY	0	ONLY	595.0	1688.0	139.019	138.999	139.059	0.06	12	0	0	0	7	0			611.0	1712.0	594.0	1681.0	576.0	1878.0	665.0	2159.0	826.0	2476.0	4	
EY	1	PLACE	622.0	1663.0	139.14	139.128	139.188	0.06	21	3	4	1	8	0			622.0	1663.0	611.0	1706.0	598.0	1775.0	580.0	1879.0	529.0	1817.0	6	
AY	1	I'VE	610.0	1872.0	139.26	139.268	139.398	0.13	41	3	2	2	0	0		s	578.0	1839.0	596.0	1904.0	577.0	1987.0	520.0	1869.0	480.0	1853.0	4	
IH	1	REALLY	481.0	1897.0	139.518	139.498	139.558	0.06	1	5	4	2	7	1			481.0	1879.0	481.0	1894.0	479.0	1852.0	472.0	1750.0	448.0	1633.0	4	
IY	0	REALLY	451.0	2250.0	139.645	139.608	139.718	0.11	12	0	0	0	7	0			458.0	2167.0	450.0	2258.0	446.0	2204.0	453.0	1839.0	481.0	1427.0	4	
IY	0	REALLY	473.0	2468.0	139.846	139.829	139.879	0.05	12	0	0	0	7	0			471.0	2474.0	473.0	2468.0	476.0	2464.0	467.0	2489.0	418.0	2446.0	3	
AY	1	OUTSIDE	935.0	1565.0	140.327	140.288	140.379	0.091	41	1	4	2	3	0		m	918.0	1369.0	935.0	1577.0	916.0	1565.0	855.0	1528.0	728.0	1486.0	5	
AO	1	YORK	581.0	1197.0	140.642	140.619	140.688	0.069	64	6	4	2	9	3			518.0	1212.0	587.0	1194.0	625.0	1143.0	639.0	1095.0	645.0	1078.0	5	
AH	1	WAS	599.0	1113.0	140.986	140.909	141.139	0.23	6	3	4	2	9	0			598.0	1034.0	599.0	1146.0	598.0	1412.0	594.0	1664.0	581.0	1770.0	5	
AH	0	A	742.0	1535.0	150.462	150.442	150.502	0.06	6	0	0	0	0	0			747.0	1643.0	744.0	1520.0	739.0	1383.0	662.0	1330.0	581.0	1311.0	5	
AA	1	LOT	844.0	1471.0	150.55	150.533	150.583	0.05	5	1	4	1	7	0			802.0	1471.0	844.0	1471.0	899.0	1501.0	927.0	1533.0	941.0	1549.0	5	
IY	1	PEOPLE	400.0	2037.0	150.729	150.702	150.783	0.081	11	1	1	1	1	1			413.0	2067.0	401.0	2032.0	436.0	1867.0	472.0	1583.0	465.0	1295.0	5	
OW	1	GO	512.0	909.0	150.924	150.902	150.992	0.09	63	0	0	0	6	0			511.0	909.0	554.0	892.0	556.0	950.0	546.0	1069.0	580.0	1187.0	5	
AW	1	DOWN	811.0	1504.0	151.049	151.022	151.142	0.12	42	4	4	2	3	0			801.0	1525.0	853.0	1478.0	865.0	1451.0	831.0	1440.0	781.0	1456.0	4	
IH	1	CITY	464.0	2021.0	151.49	151.473	151.523	0.05	1	1	4	1	3	1			464.0	2007.0	464.0	2021.0	459.0	2036.0	452.0	2039.0	436.0	2027.0	4	
IY	0	CITY	386.0	2404.0	151.612	151.562	151.713	0.151	12	0	0	0	3	0			382.0	2424.0	392.0	2398.0	373.0	2428.0	446.0	2383.0	687.0	2190.0	4	
IY	0	CITY	405.0	2322.0	153.085	153.048	153.158	0.11	12	0	0	0	3	0			407.0	2295.0	405.0	2326.0	393.0	2319.0	367.0	2339.0	502.0	2241.0	5	
AY	1	I	816.0	1856.0	159.285	159.255	159.365	0.11	41	0	0	0	0	0			814.0	1802.0	816.0	1859.0	803.0	1898.0	805.0	1969.0	793.0	2080.0	4	
OW	1	KNOW	714.0	1344.0	159.462	159.454	159.524	0.07	63	0	0	0	4	0			714.0	1333.0	713.0	1284.0	709.0	1181.0	695.0	1075.0	661.0	967.0	6	
AH	1	OF	591.0	921.0	159.554	159.524	159.615	0.091	6	3	2	2	0	0			626.0	880.0	591.0	926.0	601.0	961.0	607.0	981.0	601.0	996.0	5	
AA	1	LOT	851.0	1403.0	169.427	169.407	169.467	0.06	5	1	4	1	7	0			839.0	1404.0	852.0	1403.0	859.0	1400.0	862.0	1401.0	865.0	1404.0	6	
AY	1	LIKE	721.0	1538.0	169.696	169.677	169.806	0.129	47	1	6	1	7	0			719.0	1595.0	674.0	1937.0	566.0	2114.0	459.0	2255.0	427.0	2364.0	4	
EH	1	CONNECTION	828.0	1853.0	171.273	171.256	171.306	0.05	2	1	6	1	4	4			825.0	1843.0	828.0	1853.0	822.0	1876.0	796.0	1909.0	763.0	1936.0	4	
AY	1	LIKE	623.0	1823.0	171.751	171.725	171.855	0.13	47	1	6	1	7	0			623.0	1823.0	608.0	1938.0	593.0	2060.0	557.0	2195.0	450.0	2202.0	5	
UW	1	JEWELRY	414.0	1977.0	172.295	172.275	172.335	0.06	82	5	4	2	5	2			417.0	1958.0	414.0	1980.0	412.0	1994.0	412.0	1973.0	412.0	1949.0	3	
ER	0	JEWELRY	424.0	1718.0	172.399	172.365	172.466	0.101	94	0	0	0	7	1			425.0	1792.0	424.0	1717.0	425.0	1839.0	420.0	1857.0	404.0	1956.0	3	
IY	0	JEWELRY	413.0	2324.0	172.539	172.466	172.686	0.22	12	0	0	0	7	0			373.0	2311.0	423.0	2326.0	380.0	2377.0	372.0	2447.0	444.0	2517.0	4	
AH	1	STUFF	631.0	1159.0	173.662	173.625	173.736	0.111	6	3	2	1	3	0			599.0	1257.0	633.0	1136.0	648.0	1041.0	629.0	1076.0	587.0	1354.0	5	
AY	1	LIKE	572.0	1737.0	173.836	173.826	173.916	0.09	47	1	6	1	7	0			566.0	1833.0	546.0	1941.0	516.0	2016.0	448.0	2095.0	371.0	2070.0	5	
AY	1	BUY	945.0	1726.0	174.784	174.745	174.885	0.14	41	0	0	0	1	0			943.0	1747.0	941.0	1761.0	902.0	1881.0	787.0	2024.0	626.0	2176.0	4	
UW	1	USED	248.0	1028.0	175.281	175.254	175.334	0.08	82	3	4	2	9	3			260.0	1100.0	247.0	1022.0	245.0	977.0	261.0	956.0	300.0	947.0	6	
EH	1	THERE	524.0	1864.0	175.745	175.715	175.804	0.089	24	6	4	2	3	0			470.0	1785.0	528.0	1873.0	589.0	2003.0	607.0	1988.0	593.0	1856.0	4	
AA	1	NOT	869.0	1611.0	182.171	182.128	182.258	0.13	5	1	4	1	4	0			841.0	1525.0	876.0	1616.0	883.0	1633.0	797.0	1571.0	646.0	1515.0	5	
IH	1	REALLY	597.0	1916.0	182.348	182.318	182.407	0.089	1	5	4	2	7	1			593.0	1878.0	597.0	1915.0	599.0	1872.0	601.0	1783.0	601.0	1695.0	4	
IY	0	REALLY	533.0	2224.0	182.51	182.477	182.577	0.1	12	0	0	0	7	0			563.0	2306.0	532.0	2223.0	544.0	2244.0	635.0	2272.0	752.0	2481.0	3	
AA	1	NOT	735.0	1533.0	185.845	185.822	185.892	0.07	5	1	4	1	4	0			658.0	1512.0	748.0	1536.0	824.0	1521.0	886.0	1552.0	874.0	1560.0	5	
IY	0	REALLY	461.0	1979.0	186.181	186.141	186.261	0.12	12	0	0	0	7	0			470.0	1784.0	460.0	1999.0	458.0	2147.0	453.0	2231.0	452.0	2023.0	5	
AW	1	OUT	778.0	1795.0	186.292	186.261	186.411	0.15	42	1	4	1	0	0			774.0	1808.0	847.0	1555.0	851.0	1455.0	814.0	1301.0	691.0	1164.0	4	
AH	0	IN	632.0	1310.0	186.458	186.441	186.492	0.051	6	4	4	2	0	0			620.0	1413.0	636.0	1283.0	638.0	1111.0	599.0	949.0	565.0	984.0	6	
AH	0	UTICA	461.0	1632.0	186.718	186.701	186.751	0.05	6	1	6	1	3	1			453.0	1655.0	461.0	1632.0	461.0	1618.0	444.0	1658.0	433.0	1703.0	4	
AH	0	UTICA	558.0	1081.0	186.841	186.821	186.882	0.061	6	0	0	0	6	0			514.0	1213.0	562.0	1070.0	584.0	1064.0	582.0	1168.0	573.0	1199.0	5	
IH	1	REALLY	550.0	1748.0	186.968	186.951	187.001	0.05	1	5	4	2	7	1			542.0	1754.0	550.0	1748.0	555.0	1711.0	544.0	1672.0	533.0	1641.0	5	
IY	0	REALLY	447.0	1977.0	187.085	187.051	187.152	0.101	12	0	0	0	7	0			493.0	1878.0	444.0	1982.0	445.0	2014.0	664.0	2060.0	928.0	2106.0	5	
AE	1	YEAH	541.0	2117.0	192.018	191.938	192.179	0.241	3	0	0	0	9	0			498.0	2152.0	547.0	2108.0	596.0	1992.0	668.0	1944.0	780.0	1881.0	4	
AA	1	LOT	812.0	1438.0	192.638	192.588	192.738	0.15	5	1	4	1	7	0			756.0	1399.0	812.0	1442.0	747.0	1524.0	626.0	1593.0	586.0	1675.0	5	
AH	1	DRUGS	615.0	1134.0	192.999	192.969	193.058	0.089	6	1	6	2	8	3			622.0	1149.0	614.0	1133.0	576.0	1181.0	477.0	1264.0	353.0	1297.0	5	
IH	1	HERE	515.0	2451.0	193.242	193.209	193.308	0.099	14	6	4	2	0	0			483.0	2504.0	518.0	2430.0	539.0	2382.0	548.0	2445.0	564.0	2428.0	3	
AE	1	YEAH	671.0	2007.0	194.804	194.761	194.891	0.13	3	0	0	0	9	0			616.0	2054.0	684.0	2001.0	786.0	1901.0	921.0	1773.0	962.0	1731.0	5	
AA	1	NOT	703.0	1493.0	199.612	199.595	199.645	0.05	5	1	4	1	4	0			725.0	1531.0	703.0	1493.0	653.0	1434.0	585.0	1408.0	539.0	1410.0	5	
IY	0	REALLY	481.0	1889.0	199.858	199.825	199.924	0.099	12	0	0	0	7	0			511.0	1772.0	477.0	1904.0	458.0	1993.0	641.0	2036.0	757.0	2067.0	5	
AE	1	YEAH	656.0	2080.0	208.877	208.843	208.944	0.101	3	0	0	0	9	0			605.0	2248.0	658.0	2075.0	680.0	2093.0	693.0	1917.0	718.0	1559.0	4	
OW	1	ONLY	646.0	1099.0	209.209	209.184	209.284	0.1	62	4	4	2	0	1			632.0	1100.0	658.0	1094.0	666.0	1084.0	671.0	1092.0	665.0	1104.0	6	
IY	0	ONLY	559.0	1919.0	209.37	209.353	209.403	0.05	12	0	0	0	7	0			574.0	1836.0	559.0	1919.0	512.0	2075.0	447.0	2132.0	389.0	2077.0	5	
IH	1	GET	417.0	2361.0	209.45	209.423	209.503	0.08	1	1	4	1	6	0			386.0	2413.0	420.0	2356.0	476.0	2296.0	524.0	2205.0	527.0	2074.0	4	
AA	1	JOBS	807.0	1462.0	209.656	209.603	209.763	0.16	5	1	1	2	5	3			718.0	1255.0	821.0	1454.0	919.0	1457.0	907.0	1401.0	811.0	1337.0	6	
AY	1	LIKE	657.0	1733.0	209.967	209.953	210.074	0.121	47	1	6	1	7	0			648.0	1840.0	626.0	1969.0	583.0	2091.0	529.0	2200.0	461.0	2335.0	5	
AO	1	WALMART	677.0	936.0	210.921	210.855	211.054	0.199	53	5	4	2	9	4			487.0	857.0	683.0	951.0	686.0	1048.0	713.0	1021.0	818.0	998.0	6	
AE	1	AND	835.0	1704.0	211.344	211.284	211.464	0.18	3	4	4	2	0	3			860.0	1672.0	831.0	1708.0	754.0	1738.0	712.0	1862.0	701.0	1889.0	4	
AA	1	DOLLAR	992.0	1642.0	212.578	212.541	212.651	0.11	5	5	4	2	3	1			893.0	1636.0	1001.0	1635.0	1054.0	1556.0	1060.0	1501.0	1005.0	1482.0	4	
ER	0	DOLLAR	560.0	1488.0	212.791	212.771	212.83	0.059	94	0	0	0	7	0			575.0	1444.0	558.0	1491.0	545.0	1524.0	515.0	1380.0	509.0	1412.0	5	
AO	1	STORES	458.0	1099.0	213.047	213.01	213.12	0.11	64	6	4	2	3	3			466.0	1146.0	458.0	1099.0	453.0	1099.0	447.0	1078.0	456.0	1112.0	5	
AH	1	STUFF	628.0	1231.0	213.53	213.5	213.591	0.091	6	3	2	1	3	0			618.0	1288.0	632.0	1222.0	670.0	1191.0	726.0	1124.0	773.0	977.0	5	
AE	1	YEAH	581.0	1977.0	215.037	214.944	215.223	0.279	3	0	0	0	9	0			496.0	2018.0	593.0	1974.0	713.0	1924.0	770.0	1675.0	825.0	1761.0	4	
AA	1	LOT	787.0	1550.0	215.314	215.294	215.353	0.059	5	1	4	1	7	0			775.0	1657.0	788.0	1540.0	795.0	1510.0	795.0	1507.0	776.0	1504.0	4	
AE	1	FAST	688.0	2093.0	215.53	215.493	215.603	0.11	33	3	4	1	1	3			626.0	1983.0	691.0	2102.0	692.0	2106.0	683.0	2045.0	675.0	1941.0	5	
UW	1	FOOD	391.0	1012.0	215.78	215.753	215.834	0.081	72	1	4	2	1	0			396.0	1005.0	391.0	1012.0	387.0	1017.0	386.0	1007.0	375.0	965.0	6	
EY	1	PLACES	486.0	1728.0	215.975	215.963	216.034	0.071	21	3	4	1	8	1			478.0	1737.0	432.0	1840.0	397.0	1972.0	370.0	2075.0	352.0	2079.0	4	
AH	0	PLACES	424.0	1856.0	216.117	216.094	216.163	0.069	6	3	4	2	3	0			408.0	1839.0	425.0	1859.0	438.0	1886.0	442.0	1858.0	448.0	1851.0	5	
AE	1	YEAH	661.0	2050.0	220.595	220.552	220.682	0.13	3	0	0	0	9	0			530.0	1602.0	678.0	2119.0	709.0	1866.0	722.0	1667.0	752.0	1626.0	5	
IY	1	LEAVING	448.0	2278.0	220.888	220.861	220.941	0.08	11	3	2	2	7	1			447.0	2160.0	448.0	2284.0	449.0	2304.0	439.0	2309.0	416.0	2153.0	5	
AH	0	FLORIDA	711.0	1555.0	223.384	223.364	223.424	0.06	6	0	0	0	3	0			675.0	1563.0	715.0	1555.0	734.0	1546.0	707.0	1496.0	770.0	1444.0	5	
AY	1	MY	864.0	1703.0	230.215	230.207	230.257	0.05	41	0	0	0	2	0		m	863.0	1726.0	847.0	1726.0	782.0	1658.0	682.0	1519.0	621.0	1432.0	5	
AH	1	BROTHER	650.0	1507.0	230.398	230.368	230.458	0.09	6	3	3	2	8	1			609.0	1432.0	652.0	1513.0	675.0	1587.0	671.0	1574.0	621.0	1461.0	5	
ER	0	BROTHER	566.0	1831.0	230.528	230.498	230.587	0.089	94	0	0	0	3	0			580.0	1890.0	566.0	1829.0	567.0	1807.0	564.0	1811.0	495.0	1810.0	5	
EH	1	THERE	438.0	1835.0	230.787	230.767	230.827	0.06	24	6	4	2	3	0			407.0	1827.0	442.0	1835.0	476.0	1827.0	505.0	1804.0	528.0	1771.0	5	
OW	1	GO	612.0	1257.0	239.448	239.434	239.574	0.14	63	0	0	0	6	0			483.0	1013.0	500.0	1022.0	422.0	1194.0	389.0	1269.0	414.0	1224.0	6	
AH	0	TO	507.0	1875.0	239.634	239.614	239.674	0.06	6	0	0	0	3	0			536.0	1830.0	503.0	1874.0	476.0	1770.0	532.0	1665.0	597.0	1638.0	5	
AH	1	CLUBS	692.0	1170.0	240.234	240.214	240.273	0.059	6	1	1	2	8	3			697.0	1159.0	691.0	1163.0	669.0	1097.0	627.0	1037.0	555.0	1031.0	6	
AA	1	BARS	683.0	1190.0	240.58	240.543	240.653	0.11	44	6	4	2	1	3			652.0	1208.0	687.0	1189.0	711.0	1208.0	761.0	1582.0	736.0	1737.0	5	
AY	1	LIKE	557.0	1776.0	272.501	272.451	272.571	0.12	47	1	6	1	7	0			498.0	1449.0	547.0	1617.0	545.0	1881.0	459.0	2099.0	377.0	2353.0	4	
IH	1	IN	390.0	2163.0	272.638	272.621	272.671	0.05	1	4	4	2	0	0			395.0	2188.0	390.0	2163.0	398.0	2101.0	395.0	2048.0	381.0	2006.0	5	
EY	1	JAIL	611.0	2137.0	273.009	272.961	273.08	0.119	21	5	4	2	5	0			598.0	2113.0	607.0	2135.0	589.0	2147.0	562.0	2175.0	556.0	2206.0	5	
AY	1	LIKE	595.0	1495.0	273.315	273.3	273.36	0.06	47	1	6	1	7	0			595.0	1423.0	593.0	1632.0	580.0	1868.0	543.0	1990.0	484.0	2092.0	5	
AA	1	CARDBOARD	982.0	1466.0	274.712	274.669	274.799	0.13	44	6	4	2	6	4			1004.0	1486.0	972.0	1457.0	845.0	1470.0	758.0	1490.0	706.0	1363.0	6	
AO	2	CARDBOARD	412.0	937.0	274.995	274.958	275.068	0.11	64	6	4	2	1	3			405.0	939.0	413.0	937.0	423.0	942.0	443.0	954.0	509.0	1037.0	5	
EH	1	BED	719.0	1933.0	277.391	277.357	277.458	0.101	2	1	4	2	1	0			655.0	1850.0	721.0	1936.0	737.0	1944.0	742.0	1946.0	703.0	1918.0	4	
AH	0	A	438.0	1581.0	277.598	277.568	277.657	0.089	6	0	0	0	0	0			439.0	1562.0	439.0	1578.0	446.0	1556.0	412.0	1572.0	298.0	1603.0	4	
EH	1	BED	592.0	1615.0	277.771	277.738	277.837	0.099	2	1	4	2	1	0			572.0	1610.0	596.0	1623.0	627.0	1684.0	650.0	1679.0	667.0	1656.0	4	
AE	1	YEAH	624.0	2100.0	278.322	278.289	278.389	0.1	3	0	0	0	9	0			536.0	2165.0	633.0	2094.0	660.0	1804.0	662.0	1433.0	661.0	1518.0	5	
AA	1	NOT	915.0	1727.0	278.499	278.469	278.559	0.09	5	1	4	1	4	0			887.0	1761.0	915.0	1717.0	916.0	1666.0	925.0	1630.0	892.0	1648.0	5	
ER	0	COMFORTABLE	571.0	1060.0	278.725	278.708	278.758	0.05	94	1	4	1	1	2			605.0	1048.0	571.0	1060.0	493.0	1095.0	427.0	1131.0	370.0	1154.0	6	
EH	1	BED	765.0	1738.0	279.721	279.694	279.774	0.08	2	1	4	2	1	0			653.0	1719.0	771.0	1738.0	814.0	1752.0	821.0	1750.0	787.0	1740.0	5	
AH	0	IS	548.0	1795.0	279.827	279.804	279.874	0.07	6	3	4	2	0	0			560.0	1793.0	547.0	1796.0	541.0	1776.0	535.0	1683.0	526.0	1633.0	5	
AH	0	A	510.0	1623.0	279.941	279.924	279.974	0.05	6	0	0	0	0	0			501.0	1622.0	510.0	1623.0	521.0	1612.0	506.0	1540.0	457.0	1442.0	5	
EH	1	BED	809.0	1866.0	280.104	280.054	280.203	0.149	2	1	4	2	1	0			740.0	1727.0	816.0	1876.0	842.0	1959.0	804.0	1941.0	666.0	1706.0	4	
OW	1	DON'T	812.0	1114.0	291.791	291.753	291.904	0.151	62	4	4	2	3	0			835.0	1077.0	792.0	1193.0	869.0	1233.0	844.0	1091.0	649.0	1018.0	6	
OW	1	KNOW	726.0	1140.0	291.99	291.974	292.104	0.13	63	0	0	0	4	0			723.0	1165.0	702.0	1082.0	846.0	1317.0	956.0	1598.0	930.0	2473.0	4	
AY	1	I	1016.0	1769.0	293.275	293.241	293.31	0.069	41	0	0	0	0	0		m	1119.0	1952.0	1033.0	1721.0	1016.0	1769.0	991.0	1802.0	979.0	1816.0	5	
EH	1	NEVER	829.0	1764.0	293.401	293.381	293.441	0.06	2	3	2	2	4	1			845.0	1794.0	827.0	1733.0	787.0	1594.0	726.0	1431.0	638.0	1336.0	5	
AA	1	GOT	785.0	1802.0	293.577	293.551	293.63	0.079	5	1	4	1	6	0			693.0	1806.0	801.0	1790.0	894.0	1745.0	965.0	1709.0	984.0	1688.0	5	
AO	1	CAUGHT	915.0	1125.0	293.827	293.771	293.94	0.169	53	1	4	1	6	0			863.0	1160.0	915.0	1128.0	856.0	1166.0	877.0	1122.0	859.0	1142.0	6	
AO	1	CAUGHT	833.0	1162.0	297.116	297.069	297.21	0.141	53	1	4	1	6	0			758.0	1120.0	835.0	1166.0	858.0	1208.0	888.0	1305.0	896.0	1411.0	6	
IY	0	SOMEBODY	422.0	2274.0	297.826	297.799	297.879	0.08	12	0	0	0	3	0			430.0	2246.0	421.0	2274.0	427.0	2264.0	441.0	2153.0	448.0	1961.0	4	
AY	1	LIKE	663.0	1606.0	297.955	297.919	298.07	0.151	47	1	6	1	7	0			659.0	1556.0	653.0	1725.0	592.0	1977.0	470.0	2239.0	387.0	2385.0	4	
AE	1	CATCHES	890.0	1836.0	298.522	298.495	298.575	0.08	3	2	5	1	6	1			861.0	1809.0	891.0	1834.0	854.0	1788.0	772.0	1752.0	700.0	1729.0	5	
AH	0	CATCHES	431.0	1990.0	298.692	298.675	298.725	0.05	6	3	4	2	5	0			433.0	1994.0	431.0	1990.0	425.0	1983.0	416.0	1973.0	406.0	1965.0	5	
UW	1	YOU	414.0	1903.0	298.845	298.825	298.884	0.059	82	0	0	0	9	0			392.0	1940.0	417.0	1895.0	444.0	1843.0	477.0	1716.0	502.0	1721.0	5	
AY	1	I	895.0	1367.0	298.999	298.924	299.075	0.151	41	0	0	0	0	0		m	853.0	1377.0	798.0	1326.0	895.0	1367.0	948.0	1427.0	901.0	1318.0	4	
OW	1	KNOW	622.0	1048.0	299.26	299.244	299.354	0.11	63	0	0	0	4	0			656.0	1070.0	671.0	1052.0	581.0	1007.0	408.0	981.0	275.0	1080.0	6	
AE	1	YEAH	837.0	2094.0	302.892	302.839	302.999	0.16	3	0	0	0	9	0			720.0	2174.0	849.0	2093.0	937.0	2185.0	962.0	2347.0	1121.0	2444.0	3	
AY	1	FIND	778.0	1789.0	303.887	303.846	303.937	0.091	41	4	4	2	1	3		s	721.0	1453.0	765.0	1684.0	776.0	1819.0	740.0	1862.0	694.0	1932.0	5	
AW	1	OUT	832.0	1757.0	304.043	304.017	304.227	0.21	42	1	4	1	0	0			889.0	1639.0	871.0	1294.0	767.0	1228.0	702.0	1176.0	657.0	1137.0	5	
IH	1	IS	542.0	1967.0	304.299	304.266	304.366	0.1	1	3	4	2	0	0			519.0	1915.0	543.0	1970.0	558.0	1933.0	568.0	1848.0	570.0	1821.0	5	
EH	1	TELL	787.0	1832.0	306.001	305.981	306.042	0.061	2	5	4	2	3	0			711.0	1774.0	795.0	1846.0	844.0	1950.0	859.0	1882.0	851.0	1660.0	4	
AA	1	ON	715.0	1181.0	306.099	306.082	306.132	0.05	53	4	4	2	0	0			715.0	1156.0	715.0	1181.0	715.0	1242.0	690.0	1295.0	634.0	1325.0	6	
AH	1	SOMEBODY	561.0	1486.0	306.219	306.202	306.252	0.05	6	4	1	2	3	5			605.0	1666.0	561.0	1486.0	570.0	1390.0	586.0	1339.0	582.0	1263.0	4	
OW	1	GO	590.0	1051.0	306.623	306.611	306.661	0.05	63	0	0	0	6	0			590.0	1051.0	596.0	1027.0	598.0	994.0	592.0	986.0	579.0	984.0	6	
AE	1	BACK	685.0	1984.0	306.734	306.711	306.781	0.07	3	1	6	1	1	0			687.0	1874.0	685.0	1991.0	678.0	2020.0	669.0	2005.0	650.0	2053.0	4	
AE	1	THAT	645.0	1861.0	307.151	307.121	307.212	0.091	3	1	4	1	3	0			629.0	1830.0	648.0	1862.0	660.0	1840.0	659.0	1819.0	613.0	1834.0	4	
ER	1	PERSON	529.0	1665.0	307.318	307.301	307.351	0.05	94	3	4	1	1	1			533.0	1639.0	529.0	1665.0	520.0	1685.0	509.0	1672.0	495.0	1677.0	5	
AH	0	PERSON	554.0	1548.0	307.452	307.432	307.492	0.06	6	4	4	2	3	0			545.0	1571.0	555.0	1543.0	565.0	1520.0	585.0	1486.0	595.0	1500.0	5	
AE	1	MAT	795.0	2070.0	327.472	327.422	327.571	0.149	3	1	4	1	2	0			773.0	2060.0	799.0	2069.0	844.0	2091.0	870.0	2167.0	812.0	2168.0	4	
AH	0	IS	531.0	2070.0	327.658	327.641	327.691	0.05	6	3	4	2	0	0			541.0	2118.0	531.0	2070.0	524.0	1981.0	510.0	1910.0	502.0	1819.0	5	
AY	1	LIKE	632.0	1677.0	327.836	327.811	327.921	0.11	47	1	6	1	7	0			631.0	1613.0	624.0	1958.0	587.0	2163.0	545.0	2319.0	467.0	2408.0	4	
AO	1	SMALLER	820.0	1132.0	329.218	329.195	329.265	0.07	53	5	4	2	2	1			754.0	1173.0	825.0	1129.0	846.0	1096.0	846.0	1092.0	837.0	1098.0	6	
AH	1	RUG	720.0	1159.0	329.727	329.684	329.814	0.13	6	1	6	2	7	0			688.0	965.0	737.0	1190.0	702.0	1062.0	709.0	1092.0	565.0	899.0	5	
AE	1	YEAH	609.0	2141.0	344.645	344.578	344.778	0.2	3	0	0	0	9	0			475.0	2299.0	619.0	2125.0	661.0	1957.0	700.0	1838.0	723.0	1760.0	4	
AY	1	I	813.0	1693.0	345.833	345.797	345.887	0.09	41	0	0	0	0	0		s	916.0	1685.0	848.0	1700.0	775.0	1707.0	746.0	1743.0	718.0	1784.0	5	
IH	1	THINK	438.0	1908.0	345.947	345.917	346.007	0.09	1	4	6	2	3	3			451.0	1839.0	435.0	1923.0	424.0	2013.0	410.0	2073.0	393.0	2144.0	4	
EY	1	THEY	519.0	2145.0	346.123	346.107	346.177	0.07	22	0	0	0	3	0			518.0	2140.0	512.0	2153.0	479.0	2160.0	435.0	2169.0	394.0	2186.0	5	
UW	1	DO	417.0	1911.0	346.263	346.256	346.356	0.1	73	0	0	0	3	0			433.0	1845.0	444.0	1567.0	438.0	1250.0	433.0	1117.0	502.0	1075.0	5	
AE	1	HAVE	686.0	2131.0	349.728	349.691	349.801	0.11	3	3	2	2	0	0			676.0	2246.0	686.0	2123.0	690.0	2060.0	687.0	2023.0	663.0	1832.0	4	
AY	1	LIKE	680.0	1407.0	349.868	349.881	349.951	0.07	47	1	6	1	7	0			631.0	1830.0	567.0	2024.0	510.0	2195.0	449.0	2369.0	336.0	2182.0	4	
IH	1	DIFFERENT	517.0	1930.0	350.057	350.04	350.09	0.05	1	3	2	1	3	1			501.0	1943.0	517.0	1930.0	540.0	1916.0	547.0	1880.0	546.0	1772.0	5	
AY	1	LIKE	743.0	1789.0	352.152	352.163	352.243	0.08	47	1	6	1	7	0			606.0	2012.0	528.0	2143.0	464.0	2239.0	416.0	2334.0	360.0	2166.0	5	
OW	1	DON'T	869.0	1448.0	352.905	352.898	352.988	0.09	62	4	4	2	3	0			865.0	1414.0	831.0	1275.0	741.0	1151.0	690.0	1123.0	676.0	1106.0	6	
OW	1	O	676.0	1055.0	353.215	353.208	353.457	0.249	63	0	0	0	0	0			596.0	960.0	412.0	1295.0	400.0	802.0	380.0	782.0	363.0	931.0	5	
IY	1	D	399.0	2621.0	353.621	353.527	353.808	0.281	12	0	0	0	3	0			420.0	2558.0	401.0	2624.0	409.0	2577.0	444.0	2648.0	421.0	2615.0	5	
AY	1	I	854.0	1525.0	354.429	354.419	354.488	0.069	41	0	0	0	0	0		m	849.0	1501.0	847.0	1448.0	851.0	1435.0	845.0	1435.0	832.0	1352.0	6	
OW	1	DON'T	670.0	891.0	354.525	354.509	354.619	0.11	62	4	4	2	3	0			672.0	863.0	657.0	932.0	617.0	997.0	676.0	1091.0	668.0	1089.0	6	
AA	1	PROBABLY	804.0	1649.0	363.278	363.238	363.359	0.121	5	1	1	2	8	1			733.0	1651.0	806.0	1644.0	815.0	1589.0	797.0	1425.0	765.0	1205.0	5	
IY	0	PROBABLY	458.0	2150.0	363.495	363.419	363.648	0.229	12	0	0	0	8	0			426.0	2047.0	468.0	2164.0	586.0	2175.0	619.0	2118.0	606.0	1753.0	5	
IY	1	ME	420.0	2130.0	392.496	392.473	392.543	0.07	12	0	0	0	2	0			436.0	2060.0	418.0	2136.0	407.0	2181.0	401.0	2155.0	380.0	2064.0	4	
AO	1	ALL	786.0	1146.0	392.719	392.693	392.772	0.079	53	5	4	2	0	0			784.0	1141.0	787.0	1149.0	791.0	1183.0	784.0	1240.0	765.0	1274.0	5	
UW	1	SCHOOL	468.0	955.0	394.696	394.676	394.736	0.06	72	5	4	2	6	0			509.0	991.0	471.0	951.0	510.0	961.0	647.0	1311.0	668.0	1358.0	5	
AY	1	I	837.0	1565.0	394.83	394.766	394.906	0.14	41	0	0	0	0	0		s	816.0	1244.0	802.0	1452.0	837.0	1565.0	749.0	1667.0	601.0	1802.0	4	
OW	1	GO	546.0	1098.0	394.984	394.955	395.115	0.16	63	0	0	0	6	0			543.0	1104.0	559.0	1096.0	563.0	1084.0	552.0	1239.0	483.0	1566.0	4	
IY	1	WE	472.0	2309.0	395.388	395.355	395.455	0.1	12	0	0	0	9	0			472.0	2158.0	472.0	2319.0	464.0	2366.0	427.0	2127.0	401.0	1817.0	5	
AE	1	HAVE	687.0	2062.0	395.509	395.485	395.556	0.071	3	3	2	2	0	0			682.0	2142.0	686.0	2052.0	677.0	1953.0	660.0	1808.0	626.0	1655.0	4	
EY	1	A	606.0	2039.0	395.624	395.595	395.685	0.09	22	0	0	0	0	0			597.0	1707.0	603.0	2039.0	567.0	2006.0	510.0	1963.0	444.0	1932.0	5	
EH	1	VERY	605.0	2028.0	395.799	395.766	395.865	0.099	2	6	4	2	1	1			579.0	2003.0	608.0	2028.0	627.0	1966.0	631.0	1816.0	623.0	1622.0	5	
IY	0	VERY	485.0	2491.0	395.918	395.895	395.965	0.07	12	0	0	0	7	0			506.0	2397.0	483.0	2498.0	458.0	2540.0	427.0	2551.0	915.0	2671.0	3	
IH	1	STRICT	636.0	2022.0	396.229	396.205	396.276	0.071	1	1	6	1	8	3			637.0	2008.0	634.0	2025.0	612.0	2075.0	561.0	2151.0	489.0	2180.0	5	
EH	1	DRESS	651.0	1705.0	396.485	396.465	396.526	0.061	2	3	4	1	8	0			647.0	1749.0	652.0	1700.0	665.0	1656.0	684.0	1622.0	689.0	1607.0	4	
OW	1	CODE	602.0	1068.0	396.707	396.696	396.826	0.13	62	1	4	2	6	0			613.0	1087.0	563.0	1060.0	559.0	1043.0	513.0	1055.0	503.0	1101.0	6	
IY	1	WE	408.0	2583.0	397.374	397.347	397.427	0.08	12	0	0	0	9	0			638.0	2672.0	410.0	2581.0	431.0	2549.0	459.0	2521.0	485.0	2443.0	3	
UW	1	TO	520.0	1535.0	397.644	397.628	397.727	0.099	73	0	0	0	3	0			486.0	1443.0	458.0	1130.0	437.0	1026.0	434.0	916.0	400.0	943.0	5	
EH	1	WEAR	683.0	1642.0	397.847	397.807	397.927	0.12	24	6	4	2	9	0			637.0	1539.0	687.0	1656.0	709.0	1721.0	715.0	1726.0	715.0	1686.0	4	
AH	1	BUTTON	704.0	1206.0	398.104	398.067	398.177	0.11	6	1	4	1	1	1			675.0	1106.0	706.0	1213.0	753.0	1310.0	761.0	1401.0	738.0	1497.0	5	
AW	1	DOWN	757.0	1701.0	398.425	398.388	398.537	0.149	42	4	4	2	3	0			748.0	1753.0	817.0	1625.0	916.0	1552.0	919.0	1466.0	923.0	1398.0	3	
ER	1	SHIRTS	625.0	1577.0	398.764	398.727	398.837	0.11	94	1	4	1	5	3			635.0	1590.0	624.0	1576.0	614.0	1599.0	602.0	1684.0	555.0	1658.0	4	
AH	0	WITH	544.0	1466.0	399.024	399.007	399.057	0.05	6	3	3	2	9	0			558.0	1371.0	544.0	1466.0	446.0	1578.0	342.0	1601.0	309.0	1557.0	5	
AH	0	A	639.0	1518.0	399.168	399.148	399.207	0.059	6	0	0	0	0	0			629.0	1541.0	640.0	1515.0	650.0	1490.0	661.0	1480.0	668.0	1445.0	5	
AA	1	COLLAR	864.0	1431.0	399.398	399.358	399.478	0.12	5	5	4	2	6	1			846.0	1405.0	866.0	1417.0	895.0	1321.0	930.0	1381.0	889.0	1388.0	5	
AH	1	BUT	656.0	1432.0	400.309	400.235	400.456	0.221	6	1	4	1	1	0			671.0	1492.0	655.0	1430.0	655.0	1376.0	658.0	1357.0	683.0	1383.0	4	
OY	1	BOYS	548.0	1009.0	401.111	401.041	401.251	0.21	61	3	4	2	1	0			546.0	928.0	551.0	1026.0	651.0	1235.0	678.0	1538.0	523.0	1591.0	5	
AE	1	AND	687.0	1969.0	401.85	401.83	401.89	0.06	3	4	4	2	0	3			629.0	1843.0	693.0	1983.0	730.0	2028.0	730.0	1997.0	730.0	1959.0	5	
ER	1	GIRLS	577.0	1551.0	402.03	402.01	402.07	0.06	94	5	4	2	6	3			542.0	1559.0	582.0	1550.0	628.0	1542.0	674.0	1542.0	719.0	1572.0	4	
AE	1	MATTER	720.0	2067.0	402.481	402.421	402.6	0.179	3	1	4	1	2	1			744.0	2013.0	715.0	2097.0	951.0	2399.0	689.0	2117.0	732.0	1652.0	3	
ER	0	MATTER	682.0	1353.0	402.717	402.681	402.79	0.109	94	0	0	0	3	0			675.0	1186.0	683.0	1372.0	699.0	1502.0	618.0	1601.0	444.0	1527.0	4	
EH	1	SEX	725.0	1490.0	402.991	402.941	403.091	0.15	2	1	6	1	3	3			684.0	1630.0	731.0	1495.0	754.0	1654.0	675.0	1658.0	590.0	1590.0	4	
AE	1	HAVE	667.0	2248.0	403.331	403.301	403.39	0.089	3	3	2	2	0	0			658.0	2342.0	668.0	2240.0	679.0	2166.0	685.0	2154.0	674.0	2340.0	3	
AE	1	HAVE	675.0	2327.0	403.847	403.817	403.907	0.09	3	3	2	2	0	0			682.0	2392.0	674.0	2327.0	669.0	2429.0	666.0	2550.0	652.0	2582.0	3	
OW	1	THOSE	442.0	762.0	404.22	404.207	404.436	0.229	62	3	4	2	3	0			621.0	1106.0	595.0	982.0	495.0	924.0	418.0	923.0	391.0	950.0	6	
ER	1	SHIRTS	605.0	1569.0	404.66	404.616	404.747	0.131	94	1	4	1	5	3			616.0	1632.0	605.0	1571.0	600.0	1648.0	561.0	1682.0	467.0	1697.0	4	
EY	1	THEY	579.0	2115.0	405.18	405.166	405.257	0.091	22	0	0	0	3	0			577.0	2130.0	480.0	1843.0	424.0	1897.0	474.0	2399.0	449.0	1880.0	5	
UH	1	LOOK	650.0	1099.0	405.416	405.386	405.477	0.091	7	1	6	1	7	0			647.0	1084.0	650.0	1104.0	640.0	1136.0	561.0	1170.0	447.0	1356.0	5	
AY	1	LIKE	645.0	1394.0	405.986	405.997	406.127	0.13	47	1	6	1	7	0			616.0	1989.0	605.0	2137.0	575.0	2275.0	524.0	2449.0	420.0	2527.0	4	
AE	1	SACKS	680.0	2116.0	406.447	406.397	406.547	0.15	3	1	6	1	3	3			643.0	2005.0	689.0	2123.0	760.0	2076.0	802.0	2129.0	791.0	2117.0	4	
AE	1	CAN'T	681.0	2516.0	407.365	407.321	407.452	0.131	33	4	4	2	6	3			558.0	2562.0	694.0	2505.0	774.0	2418.0	794.0	2348.0	787.0	2322.0	3	
IY	1	EVEN	465.0	2564.0	407.545	407.512	407.612	0.1	11	3	2	2	0	1			487.0	2555.0	462.0	2564.0	456.0	2532.0	482.0	2428.0	490.0	2116.0	4	
AY	1	TIE	891.0	1642.0	408.065	407.981	408.201	0.22	41	0	0	0	3	0			867.0	1524.0	890.0	1617.0	815.0	1742.0	685.0	2005.0	654.0	2158.0	4	
EH	1	THEM	723.0	1951.0	408.288	408.241	408.381	0.14	2	4	1	2	3	0			657.0	1939.0	732.0	1948.0	807.0	1883.0	830.0	1790.0	830.0	1603.0	4	
AE	1	AT	675.0	2094.0	408.728	408.681	408.822	0.141	3	1	4	1	0	0			695.0	2087.0	672.0	2085.0	653.0	1948.0	646.0	1892.0	626.0	1844.0	4	
AA	1	BOTTOM	826.0	1396.0	409.065	409.022	409.151	0.129	5	1	4	1	1	1			792.0	1325.0	827.0	1399.0	830.0	1408.0	827.0	1444.0	814.0	1486.0	4	
AY	1	MY	819.0	1667.0	410.044	410.025	410.095	0.07	41	0	0	0	2	0		m	795.0	1385.0	800.0	1514.0	785.0	1701.0	700.0	1759.0	602.0	1796.0	5	
ER	1	GIRLFRIEND	585.0	1583.0	410.212	410.175	410.285	0.11	94	5	4	2	6	4			512.0	1630.0	592.0	1580.0	723.0	1527.0	805.0	1445.0	820.0	1389.0	4	
AE	1	JAN	705.0	2207.0	410.774	410.724	410.874	0.15	33	4	4	2	5	0			685.0	2241.0	705.0	2208.0	704.0	2227.0	723.0	2197.0	738.0	2177.0	5	
AA	1	GOT	831.0	1649.0	411.088	411.015	411.234	0.219	5	1	4	1	6	0			729.0	1652.0	834.0	1635.0	839.0	1497.0	844.0	1512.0	882.0	1520.0	4	
EH	1	DETENTION	692.0	1861.0	412.069	412.039	412.129	0.09	2	4	4	2	3	4			640.0	1889.0	699.0	1855.0	727.0	1821.0	736.0	1807.0	734.0	1825.0	4	
AH	0	DETENTION	574.0	2130.0	412.295	412.278	412.328	0.05	6	4	4	2	5	0			552.0	2125.0	574.0	2130.0	610.0	2109.0	634.0	2086.0	649.0	2069.0	4	
ER	0	FOR	606.0	1706.0	413.213	413.196	413.247	0.051	94	0	0	0	8	0			609.0	1682.0	605.0	1712.0	593.0	1738.0	562.0	1750.0	526.0	1741.0	4	
AE	1	THAT	651.0	2246.0	413.357	413.297	413.477	0.18	3	1	4	1	3	0			630.0	2232.0	657.0	2249.0	752.0	2123.0	779.0	2150.0	678.0	2186.0	3	
IY	1	SHE	439.0	2607.0	413.643	413.616	413.696	0.08	12	0	0	0	5	0			436.0	2570.0	439.0	2613.0	432.0	2661.0	430.0	2642.0	440.0	2610.0	3	
AE	1	HAD	691.0	2028.0	413.753	413.726	413.806	0.08	3	1	4	2	0	0			691.0	2080.0	691.0	2024.0	685.0	1965.0	673.0	1899.0	636.0	1950.0	4	
EY	1	STAY	642.0	2125.0	414.157	414.106	414.376	0.27	22	0	0	0	3	0			641.0	2131.0	584.0	2377.0	461.0	2476.0	436.0	1846.0	423.0	2647.0	5	
IH	1	TILL	655.0	1928.0	415.189	415.159	415.249	0.09	1	5	4	2	3	0			602.0	1946.0	660.0	1928.0	671.0	1915.0	671.0	1877.0	672.0	1851.0	5	
IH	1	SIX	652.0	1979.0	415.551	415.518	415.618	0.1	1	1	6	1	3	3			615.0	1880.0	652.0	1989.0	642.0	1983.0	560.0	1952.0	436.0	2005.0	4	
AE	1	AND	606.0	2050.0	415.842	415.799	415.929	0.13	3	4	4	2	0	3			608.0	1996.0	616.0	2067.0	723.0	2171.0	694.0	2059.0	682.0	1420.0	5	
AA	1	GOTTA	692.0	1480.0	416.218	416.168	416.319	0.151	5	1	4	1	6	1			649.0	1550.0	704.0	1480.0	795.0	1485.0	824.0	1560.0	804.0	1496.0	4	
AH	0	GOTTA	644.0	1359.0	416.379	416.359	416.418	0.059	6	0	0	0	3	0			650.0	1442.0	643.0	1350.0	632.0	1291.0	621.0	1235.0	609.0	1166.0	4	
EH	1	WEAR	628.0	2386.0	416.595	416.538	416.708	0.17	24	6	4	2	9	0			627.0	2617.0	629.0	2370.0	624.0	2205.0	616.0	2126.0	620.0	2189.0	3	
AA	1	SOCKS	882.0	1569.0	416.932	416.869	417.059	0.19	5	1	6	1	3	3			822.0	1592.0	888.0	1556.0	953.0	1517.0	917.0	1569.0	814.0	1745.0	4	
OW	1	NO	658.0	1356.0	417.461	417.452	417.572	0.12	63	0	0	0	4	0			658.0	1203.0	650.0	1117.0	599.0	1002.0	516.0	940.0	494.0	869.0	5	
AA	2	FLIPFLOPS	845.0	1458.0	417.988	417.941	418.081	0.14	5	1	1	1	8	3			775.0	1371.0	846.0	1462.0	856.0	1471.0	855.0	1456.0	834.0	1450.0	5	
AH	1	THE	695.0	1485.0	418.391	418.351	418.471	0.12	6	0	0	0	3	0			664.0	1539.0	700.0	1490.0	729.0	1574.0	738.0	1634.0	727.0	1461.0	4	
AO	1	HALL	758.0	1129.0	418.967	418.95	419.0	0.05	53	5	4	2	0	0			763.0	1128.0	758.0	1129.0	761.0	1143.0	765.0	1149.0	766.0	1147.0	6	
AA	1	MONITOR	812.0	1292.0	419.166	419.129	419.24	0.111	5	4	4	2	2	2			797.0	1292.0	816.0	1301.0	836.0	1390.0	825.0	1418.0	781.0	1334.0	6	
ER	0	MONITOR	670.0	1846.0	419.373	419.34	419.439	0.099	94	0	0	0	3	0			680.0	1837.0	668.0	1855.0	655.0	1851.0	636.0	1789.0	630.0	1807.0	4	
AO	1	STALKS	701.0	1305.0	419.706	419.649	419.819	0.17	53	1	6	1	3	3			685.0	1434.0	702.0	1292.0	717.0	1181.0	730.0	1158.0	726.0	1179.0	5	
UW	1	YOU	500.0	1789.0	420.092	420.029	420.219	0.19	82	0	0	0	9	0			316.0	1850.0	459.0	1782.0	364.0	1489.0	369.0	1196.0	329.0	1238.0	5	
AO	1	STALKS	756.0	1202.0	421.444	421.384	421.564	0.18	53	1	6	1	3	3			683.0	1198.0	757.0	1201.0	775.0	1192.0	789.0	1200.0	785.0	1186.0	6	
UW	1	YOU	397.0	1049.0	421.871	421.825	421.964	0.139	82	0	0	0	9	0			420.0	1025.0	394.0	1037.0	384.0	1112.0	378.0	1196.0	339.0	1307.0	6	
IY	1	SEE	443.0	2532.0	422.371	422.304	422.504	0.2	12	0	0	0	3	0			445.0	2525.0	442.0	2540.0	440.0	2607.0	431.0	2329.0	384.0	2211.0	4	
AW	1	OUT	936.0	1391.0	423.697	423.656	423.807	0.151	42	1	4	1	0	0			908.0	1235.0	916.0	1538.0	888.0	1494.0	878.0	1330.0	837.0	1454.0	5	
UW	1	UNIFORM	572.0	2590.0	424.007	423.987	424.047	0.06	82	4	4	2	9	2			514.0	2488.0	578.0	2551.0	600.0	2170.0	601.0	1752.0	595.0	1506.0	4	
AO	2	UNIFORM	573.0	919.0	424.253	424.226	424.306	0.08	64	6	4	2	1	3			660.0	956.0	569.0	921.0	634.0	990.0	687.0	1038.0	773.0	1041.0	6	
AE	1	LAST	661.0	1902.0	424.509	424.466	424.596	0.13	33	3	4	1	7	3			690.0	2101.0	661.0	1912.0	672.0	1912.0	676.0	1833.0	669.0	1892.0	4	
IY	1	WEEK	429.0	2486.0	424.813	424.776	424.886	0.11	11	1	6	1	9	0			447.0	2448.0	428.0	2489.0	420.0	2554.0	420.0	2589.0	416.0	2655.0	3	
AA	1	JOHN	842.0	1628.0	425.434	425.387	425.527	0.14	5	4	4	2	5	0			749.0	1662.0	846.0	1620.0	864.0	1555.0	863.0	1566.0	843.0	1573.0	4	
AA	1	GOT	746.0	1348.0	425.687	425.647	425.767	0.12	5	1	4	1	6	0			690.0	1411.0	755.0	1346.0	829.0	1462.0	844.0	1574.0	819.0	1557.0	5	
AH	0	SUSPENDED	477.0	1683.0	425.889	425.866	425.936	0.07	6	3	4	1	3	5			488.0	1622.0	504.0	1693.0	919.0	1828.0	1287.0	2037.0	1384.0	2096.0	5	
EH	1	SUSPENDED	644.0	1708.0	426.069	426.036	426.136	0.1	2	4	4	2	1	4			566.0	1704.0	652.0	1722.0	677.0	1827.0	706.0	1876.0	732.0	1956.0	5	
IH	0	BECAUSE	408.0	2492.0	426.327	426.307	426.366	0.059	1	1	6	1	1	1			406.0	2525.0	408.0	2491.0	413.0	2505.0	425.0	2561.0	666.0	2669.0	3	
AH	1	BECAUSE	627.0	1583.0	426.48	426.446	426.547	0.101	6	3	4	2	6	0			623.0	1533.0	626.0	1581.0	616.0	1507.0	601.0	1567.0	583.0	1593.0	4	
IY	1	HE	427.0	2589.0	427.281	427.258	427.328	0.07	12	0	0	0	0	0			420.0	2598.0	427.0	2584.0	425.0	2513.0	418.0	2410.0	368.0	2294.0	5	
EH	1	SAID	672.0	1535.0	427.495	427.458	427.568	0.11	2	1	4	2	3	0			587.0	1501.0	673.0	1540.0	665.0	1616.0	650.0	1716.0	629.0	1590.0	5	
EH	1	DRESS	640.0	1607.0	427.834	427.807	427.887	0.08	2	3	4	1	8	0			606.0	1678.0	641.0	1600.0	656.0	1533.0	667.0	1487.0	674.0	1380.0	5	
OW	1	CODE	576.0	1114.0	428.077	428.067	428.178	0.111	62	1	4	2	6	0			554.0	1036.0	562.0	988.0	504.0	970.0	472.0	1036.0	433.0	1022.0	5	
AH	1	SUCKS	743.0	1460.0	428.394	428.347	428.488	0.141	6	1	6	1	3	3			657.0	1509.0	753.0	1455.0	769.0	1438.0	631.0	1604.0	496.0	1971.0	4	
AY	1	I	694.0	992.0	429.24	429.202	429.302	0.1	41	0	0	0	0	0			786.0	1150.0	705.0	965.0	669.0	1125.0	661.0	1402.0	655.0	1145.0	6	
OW	1	DON'T	713.0	1389.0	429.346	429.332	429.392	0.06	62	4	4	2	3	0			700.0	1401.0	745.0	1353.0	758.0	1315.0	762.0	1287.0	761.0	1259.0	6	
IY	1	SEE	479.0	2226.0	429.588	429.562	429.641	0.079	12	0	0	0	3	0			481.0	2225.0	478.0	2220.0	467.0	2148.0	458.0	1883.0	434.0	1449.0	5	
AO	1	WRONG	730.0	1124.0	429.978	429.941	430.051	0.11	53	4	6	2	7	0			688.0	1074.0	733.0	1127.0	772.0	1135.0	805.0	1136.0	806.0	1134.0	5	
AE	1	THAT	607.0	2112.0	430.405	430.351	430.512	0.161	3	1	4	1	3	0			579.0	2050.0	611.0	2097.0	677.0	2055.0	745.0	2048.0	791.0	1631.0	4	
IY	1	EVEN	329.0	2533.0	431.57	431.52	431.67	0.15	11	3	2	2	0	1			348.0	2493.0	340.0	2536.0	424.0	2603.0	429.0	2599.0	436.0	2442.0	4	
AY	1	MY	747.0	1113.0	431.867	431.88	432.1	0.22	41	0	0	0	2	0			740.0	1015.0	665.0	979.0	639.0	862.0	557.0	724.0	362.0	1073.0	6	
AA	1	FATHER	858.0	1326.0	433.069	432.999	433.209	0.21	43	3	3	2	1	1			774.0	1221.0	861.0	1349.0	881.0	1409.0	888.0	1448.0	749.0	1429.0	5	
ER	0	FATHER	618.0	1973.0	433.322	433.279	433.408	0.129	94	0	0	0	3	0			618.0	2133.0	618.0	1972.0	616.0	1925.0	616.0	1996.0	597.0	2165.0	4	
EH	1	SAYS	619.0	1639.0	433.571	433.538	433.638	0.1	2	3	4	2	3	0			622.0	1658.0	618.0	1640.0	610.0	1617.0	601.0	1674.0	585.0	1785.0	4	
AE	1	THAT	609.0	2133.0	433.801	433.758	433.888	0.13	3	1	4	1	3	0			594.0	2088.0	612.0	2130.0	674.0	2141.0	743.0	2293.0	742.0	2136.0	4	
AH	0	YOU	453.0	2339.0	434.345	434.328	434.379	0.051	6	0	0	0	9	0			445.0	2322.0	454.0	2339.0	455.0	2341.0	455.0	2341.0	459.0	2318.0	5	
OW	1	KNOW	669.0	1571.0	434.451	434.439	434.549	0.11	63	0	0	0	4	0			693.0	1419.0	689.0	1223.0	681.0	1114.0	665.0	1014.0	622.0	965.0	5	
AH	1	WHAT	676.0	1383.0	434.596	434.579	434.629	0.05	6	1	4	1	9	0			678.0	1343.0	676.0	1383.0	670.0	1459.0	664.0	1504.0	653.0	1509.0	4	
AY	1	I	741.0	1845.0	434.704	434.658	434.758	0.1	41	0	0	0	0	0		m	670.0	1652.0	709.0	1655.0	741.0	1864.0	707.0	2069.0	661.0	2061.0	4	
IY	1	MEAN	505.0	2594.0	434.858	434.818	434.938	0.12	11	4	4	2	2	0			513.0	2550.0	505.0	2593.0	507.0	2599.0	521.0	2597.0	557.0	2770.0	3	
AY	1	I'M	868.0	1449.0	435.482	435.44	435.531	0.091	41	4	1	2	0	0		m	1147.0	2044.0	840.0	1446.0	868.0	1453.0	840.0	1476.0	758.0	1452.0	4	
OW	1	SO	533.0	1266.0	435.716	435.7	435.801	0.101	63	0	0	0	3	0			540.0	1214.0	551.0	1079.0	546.0	1077.0	543.0	1062.0	519.0	1188.0	5	
IH	1	SICK	520.0	1794.0	435.947	435.93	435.98	0.05	1	1	6	1	3	0			520.0	1779.0	520.0	1793.0	498.0	1828.0	455.0	1825.0	479.0	1779.0	5	
AH	1	OF	617.0	1250.0	436.073	436.05	436.12	0.07	6	3	2	2	0	0			594.0	1257.0	618.0	1248.0	615.0	1279.0	613.0	1358.0	612.0	1459.0	5	
AE	1	THAT	630.0	2426.0	436.207	436.18	436.26	0.08	3	1	4	1	3	0			611.0	2301.0	633.0	2443.0	657.0	2638.0	647.0	2515.0	656.0	2400.0	3	
AA	1	COT	939.0	1503.0	449.616	449.573	449.702	0.129	5	1	4	1	6	0			936.0	1516.0	941.0	1502.0	968.0	1495.0	958.0	1546.0	907.0	1607.0	5	
AO	1	CAUGHT	740.0	1039.0	450.029	449.982	450.122	0.14	53	1	4	1	6	0			692.0	1021.0	742.0	1036.0	800.0	1065.0	783.0	1070.0	788.0	1162.0	6	
EY	1	SAME	595.0	2519.0	453.39	453.325	453.455	0.13	21	4	1	2	3	0			515.0	2393.0	587.0	2437.0	595.0	2545.0	596.0	2574.0	592.0	2548.0	3	
AY	1	KIND	786.0	1705.0	453.63	453.585	453.675	0.09	41	4	4	2	6	3		s	718.0	1591.0	773.0	1605.0	786.0	1705.0	767.0	1792.0	731.0	1793.0	5	
AA	1	DON	786.0	1026.0	456.324	456.261	456.451	0.19	5	4	4	2	3	0			732.0	1189.0	782.0	1016.0	737.0	1059.0	743.0	1102.0	828.0	1204.0	5	
AO	1	DAWN	803.0	1314.0	456.66	456.6	456.78	0.18	53	4	4	2	3	0			749.0	1246.0	807.0	1343.0	835.0	1251.0	856.0	1023.0	826.0	1235.0	5	
EY	1	SAME	574.0	2199.0	458.985	458.951	459.081	0.13	21	4	1	2	3	0			567.0	2139.0	565.0	2254.0	533.0	2357.0	570.0	2392.0	603.0	2424.0	5	
AA	1	FATHER	847.0	1289.0	461.083	461.023	461.204	0.181	43	3	3	2	1	1			730.0	1140.0	853.0	1302.0	857.0	1343.0	864.0	1395.0	747.0	1419.0	5	
ER	0	FATHER	611.0	1882.0	461.304	461.274	461.364	0.09	94	0	0	0	3	0			616.0	2074.0	611.0	1874.0	601.0	1819.0	582.0	1662.0	539.0	1513.0	4	
AH	1	BROTHER	641.0	1739.0	461.483	461.423	461.603	0.18	6	3	3	2	8	1			598.0	1441.0	645.0	1724.0	703.0	1519.0	696.0	1468.0	596.0	1754.0	4	
ER	0	BROTHER	628.0	2216.0	461.68	461.643	461.753	0.11	94	0	0	0	3	0			634.0	2304.0	627.0	2197.0	599.0	2003.0	532.0	1953.0	479.0	1862.0	4	
AA	1	BOTHER	875.0	1431.0	462.02	461.963	462.133	0.17	5	3	3	2	1	1			858.0	1411.0	877.0	1433.0	889.0	1487.0	850.0	1513.0	718.0	1524.0	5	
ER	0	BOTHER	576.0	1737.0	462.236	462.193	462.323	0.13	94	0	0	0	3	0			619.0	1753.0	567.0	1737.0	460.0	1783.0	726.0	1777.0	710.0	1728.0	6	
AE	1	YEAH	595.0	2119.0	462.92	462.863	463.034	0.171	3	0	0	0	9	0			580.0	2223.0	597.0	2096.0	641.0	1982.0	743.0	1889.0	708.0	1812.0	4	
AE	1	YEAH	578.0	2124.0	464.746	464.672	464.893	0.221	3	0	0	0	9	0			449.0	1701.0	584.0	2116.0	578.0	1137.0	697.0	961.0	699.0	953.0	6	
IH	1	NEARER	385.0	2329.0	467.758	467.715	467.844	0.129	14	6	4	2	4	1			388.0	2331.0	386.0	2325.0	400.0	2261.0	415.0	2103.0	420.0	1926.0	5	
IH	1	MIRROR	408.0	2202.0	468.194	468.164	468.254	0.09	14	6	4	2	2	1			391.0	2235.0	413.0	2196.0	444.0	2138.0	467.0	2081.0	504.0	2034.0	4	
ER	0	MIRROR	652.0	1672.0	468.341	468.314	468.394	0.08	94	0	0	0	7	0			637.0	1660.0	654.0	1672.0	669.0	1665.0	667.0	1669.0	647.0	1694.0	6	
AE	1	YEAH	587.0	2129.0	468.854	468.784	468.994	0.21	3	0	0	0	9	0			479.0	1244.0	591.0	1987.0	627.0	1309.0	668.0	1114.0	591.0	881.0	6	
UW	1	FOOL	385.0	741.0	470.189	470.142	470.283	0.141	72	5	4	2	1	0			396.0	746.0	386.0	741.0	389.0	737.0	391.0	762.0	395.0	797.0	6	
OW	1	NO	773.0	1390.0	471.45	471.442	471.581	0.139	63	0	0	0	4	0			772.0	1436.0	797.0	1358.0	841.0	1341.0	853.0	1547.0	807.0	2122.0	4	
AE	1	YEAH	593.0	1966.0	473.531	473.471	473.651	0.18	3	0	0	0	9	0			559.0	2170.0	599.0	1947.0	685.0	1873.0	708.0	1791.0	891.0	1753.0	4	
IY	1	READ	528.0	1990.0	490.774	490.747	490.827	0.08	11	1	4	2	7	0			505.0	1819.0	528.0	2002.0	518.0	2108.0	487.0	2171.0	424.0	1750.0	6	
AA	1	FARM	953.0	1320.0	493.705	493.651	493.812	0.161	44	6	4	2	1	3			851.0	1264.0	955.0	1337.0	892.0	1423.0	825.0	1507.0	833.0	1609.0	6	
OW	1	HOME	573.0	818.0	494.062	494.031	494.261	0.23	62	4	1	2	0	0			689.0	898.0	740.0	888.0	691.0	924.0	726.0	1187.0	718.0	1219.0	6	
AH	1	DUSK	685.0	1696.0	494.581	494.544	494.654	0.11	6	3	4	1	3	3			645.0	1801.0	686.0	1692.0	702.0	1676.0	718.0	1715.0	739.0	1841.0	4	
EH	1	SEX	789.0	1704.0	495.083	495.043	495.163	0.12	2	1	6	1	3	3			719.0	1667.0	798.0	1706.0	824.0	1734.0	754.0	1770.0	664.0	1917.0	4	
AY	1	SIGHT	707.0	1723.0	495.587	495.544	495.713	0.169	47	1	4	1	3	0			705.0	1649.0	683.0	2057.0	497.0	2296.0	476.0	2424.0	377.0	2494.0	4	
AY	1	TIED	876.0	1258.0	496.079	495.993	496.274	0.281	41	1	4	2	3	0			846.0	1421.0	870.0	1347.0	781.0	1913.0	644.0	2279.0	518.0	2350.0	4	
AA	1	SOCKS	882.0	1330.0	496.487	496.433	496.594	0.161	5	1	6	1	3	3			761.0	1451.0	887.0	1334.0	910.0	1399.0	910.0	1398.0	830.0	1332.0	5	
AE	1	BAG	682.0	2288.0	496.921	496.854	497.054	0.2	3	1	6	2	1	0			692.0	2189.0	681.0	2304.0	666.0	2308.0	655.0	2276.0	628.0	2241.0	3	
EH	2	ELEMENTARY	662.0	1883.0	497.141	497.114	497.194	0.08	2	5	4	2	0	2			617.0	1923.0	668.0	1887.0	748.0	1907.0	803.0	1850.0	781.0	1707.0	5	
IY	0	ELEMENTARY	500.0	2212.0	497.617	497.574	497.704	0.13	12	0	0	0	8	0			515.0	2118.0	498.0	2220.0	493.0	2268.0	494.0	2344.0	477.0	2396.0	3	
OW	1	NO	693.0	1256.0	497.831	497.824	498.034	0.21	63	0	0	0	4	0			693.0	1197.0	698.0	1152.0	675.0	1064.0	680.0	1422.0	683.0	2462.0	4	
AY	1	HIGHSCHOOL	933.0	1676.0	498.539	498.552	498.643	0.091	47	3	4	1	0	4			922.0	1955.0	873.0	1800.0	797.0	1853.0	753.0	1934.0	707.0	2003.0	4	
AY	1	RIDING	841.0	1564.0	499.113	499.053	499.232	0.179	41	1	4	2	7	1			783.0	1449.0	840.0	1577.0	777.0	1770.0	681.0	2127.0	656.0	2228.0	4	
OW	1	BOAT	647.0	1185.0	499.571	499.553	499.752	0.199	62	1	4	1	1	0			668.0	1192.0	621.0	1096.0	495.0	974.0	588.0	1528.0	543.0	2427.0	4	
AE	1	SACKS	676.0	2209.0	500.113	500.043	500.252	0.209	3	1	6	1	3	3			643.0	2131.0	676.0	2191.0	689.0	2259.0	717.0	2224.0	705.0	2207.0	3	
AY	1	SLIDER	882.0	1504.0	501.028	500.97	501.15	0.18	41	1	4	2	8	1			826.0	1413.0	879.0	1512.0	760.0	1828.0	687.0	2234.0	568.0	2317.0	4	
ER	0	SLIDER	638.0	1960.0	501.253	501.189	501.38	0.191	94	0	0	0	3	0			596.0	1977.0	637.0	1945.0	618.0	1752.0	573.0	1781.0	486.0	1829.0	4	
EH	2	SEDIMENTARY	649.0	1888.0	502.326	502.303	502.372	0.069	2	1	4	2	3	2			590.0	1860.0	654.0	1890.0	670.0	1911.0	670.0	1893.0	657.0	1793.0	5	
ER	0	SEDIMENTARY	455.0	1982.0	502.782	502.752	502.842	0.09	94	0	0	0	3	1			468.0	2163.0	454.0	1975.0	443.0	1937.0	440.0	1937.0	434.0	1985.0	4	
IY	0	SEDIMENTARY	433.0	2488.0	502.939	502.842	503.132	0.29	12	0	0	0	7	0			414.0	2078.0	431.0	2512.0	421.0	2672.0	406.0	2643.0	386.0	2155.0	5	
IH	1	SIX	687.0	1330.0	503.346	503.322	503.393	0.071	1	1	6	1	3	3			641.0	1231.0	694.0	1363.0	701.0	1215.0	707.0	1440.0	718.0	1537.0	5	
AY	1	MINOR	857.0	1644.0	504.074	504.053	504.183	0.13	41	4	4	2	2	1			857.0	1667.0	831.0	1739.0	775.0	1511.0	730.0	1902.0	707.0	2426.0	5	
ER	0	MINOR	741.0	2084.0	504.32	504.263	504.433	0.17	94	0	0	0	4	0			722.0	1954.0	741.0	2088.0	727.0	2062.0	691.0	1790.0	598.0	1870.0	4	
AY	1	TIGER	757.0	1565.0	505.02	505.018	505.148	0.13	41	1	6	2	3	1			718.0	1547.0	704.0	1640.0	694.0	1687.0	618.0	2193.0	490.0	2275.0	5	
ER	0	TIGER	611.0	1973.0	505.311	505.238	505.457	0.219	94	0	0	0	6	0			552.0	1999.0	616.0	1973.0	650.0	1898.0	648.0	1961.0	610.0	2033.0	4	
AA	1	MA	904.0	1473.0	506.024	505.958	506.157	0.199	43	0	0	0	2	0			899.0	1436.0	903.0	1470.0	895.0	1489.0	910.0	1496.0	896.0	1404.0	5	
AA	1	PA	854.0	1381.0	506.374	506.287	506.547	0.26	43	0	0	0	1	0			841.0	1300.0	858.0	1379.0	880.0	1362.0	869.0	1345.0	868.0	1344.0	5	
ER	1	BURN	697.0	1707.0	507.489	507.409	507.649	0.24	94	4	4	2	1	0			708.0	1692.0	694.0	1705.0	686.0	1743.0	692.0	1737.0	695.0	1752.0	4	
EH	1	MARRY	645.0	2444.0	507.898	507.848	507.999	0.151	39	6	4	2	2	1			634.0	2439.0	643.0	2438.0	598.0	2095.0	571.0	1921.0	580.0	1887.0	4	
IY	0	MARRY	405.0	2467.0	508.098	508.028	508.239	0.211	12	0	0	0	7	0			435.0	2431.0	405.0	2469.0	408.0	2547.0	397.0	2566.0	393.0	2440.0	3	
AY	1	WRITING	659.0	1594.0	508.361	508.348	508.499	0.151	47	1	4	1	7	1			657.0	1606.0	650.0	1836.0	640.0	1951.0	620.0	2266.0	513.0	2380.0	4	
AY	1	TIDE	903.0	1596.0	510.469	510.377	510.616	0.239	41	1	4	2	3	0			863.0	1582.0	902.0	1585.0	881.0	1735.0	687.0	1838.0	622.0	2327.0	5	
OW	1	GO	631.0	1123.0	510.803	510.756	511.086	0.33	63	0	0	0	6	0			654.0	1142.0	645.0	1127.0	529.0	1014.0	452.0	917.0	448.0	833.0	5	
AO	1	STALKS	767.0	1086.0	514.6	514.553	514.693	0.14	53	1	6	1	3	3			763.0	1091.0	768.0	1087.0	774.0	1105.0	766.0	1071.0	538.0	914.0	6	
AA	1	BARN	735.0	1117.0	515.055	515.012	515.142	0.13	44	6	4	2	1	3			740.0	1179.0	734.0	1114.0	733.0	1083.0	738.0	1078.0	765.0	1098.0	6	
AY	1	WIDE	868.0	1423.0	515.756	515.693	515.892	0.199	41	1	4	2	9	0		m	855.0	1345.0	863.0	1368.0	741.0	1421.0	693.0	1381.0	580.0	1266.0	5	
AO	1	HORSE	460.0	822.0	516.066	516.012	516.173	0.161	64	6	4	2	0	3			416.0	793.0	470.0	829.0	587.0	964.0	653.0	1084.0	650.0	1107.0	6	
IH	2	INVENTORY	805.0	1764.0	518.354	518.331	518.401	0.07	1	4	4	2	0	5			987.0	1792.0	785.0	1751.0	704.0	1896.0	710.0	2029.0	651.0	1925.0	5	
AH	0	INVENTORY	474.0	1787.0	518.528	518.511	518.561	0.05	6	4	4	2	1	5			477.0	1758.0	474.0	1787.0	467.0	1842.0	459.0	1902.0	429.0	1963.0	4	
AO	1	INVENTORY	537.0	1295.0	518.664	518.64	518.711	0.071	64	6	4	2	3	1			526.0	1362.0	538.0	1299.0	554.0	1333.0	570.0	1338.0	586.0	1351.0	5	
IY	0	INVENTORY	435.0	2236.0	518.81	518.76	518.91	0.15	12	0	0	0	7	0			481.0	2110.0	432.0	2248.0	404.0	2301.0	483.0	2261.0	1277.0	2349.0	4	
AY	1	SIDE	908.0	1614.0	519.425	519.341	519.56	0.219	41	1	4	2	3	0			805.0	1575.0	905.0	1607.0	872.0	1670.0	735.0	1881.0	620.0	2181.0	4	
ER	1	FIRM	700.0	1447.0	519.787	519.73	519.901	0.171	94	4	1	2	1	0			695.0	1451.0	700.0	1445.0	696.0	1438.0	693.0	1438.0	687.0	1441.0	5	
AH	1	SUCKS	709.0	1339.0	520.194	520.151	520.281	0.13	6	1	6	1	3	3			685.0	1392.0	712.0	1335.0	713.0	1320.0	673.0	1315.0	614.0	1382.0	5	
AY	1	SPIDER	710.0	1592.0	521.495	521.445	521.614	0.169	41	1	4	2	1	1			658.0	1354.0	695.0	1737.0	673.0	1718.0	613.0	1914.0	517.0	2046.0	4	
ER	0	SPIDER	577.0	1804.0	521.695	521.655	521.774	0.119	94	0	0	0	3	0			497.0	1810.0	585.0	1802.0	593.0	1757.0	571.0	1668.0	587.0	1570.0	4	
AO	1	LAWN	746.0	1146.0	521.924	521.854	522.065	0.211	53	4	4	2	7	0			738.0	1155.0	720.0	1108.0	751.0	1133.0	775.0	1154.0	776.0	1013.0	6	
EH	1	DESK	657.0	1737.0	522.268	522.224	522.355	0.131	2	3	4	1	3	3			647.0	1749.0	658.0	1736.0	665.0	1724.0	662.0	1733.0	673.0	1685.0	4	
UW	2	RUDIMENTARY	394.0	1162.0	524.169	524.162	524.242	0.08	73	1	4	2	7	2			399.0	1147.0	401.0	1090.0	388.0	1067.0	368.0	1062.0	358.0	1039.0	5	
AH	0	RUDIMENTARY	558.0	1290.0	524.292	524.262	524.352	0.09	6	4	1	2	3	2			544.0	1184.0	555.0	1300.0	441.0	1428.0	425.0	1499.0	505.0	1459.0	6	
EH	1	RUDIMENTARY	750.0	1826.0	524.462	524.442	524.501	0.059	2	4	4	2	2	5			743.0	1791.0	749.0	1827.0	744.0	1837.0	731.0	1868.0	709.0	1909.0	4	
ER	0	RUDIMENTARY	438.0	2137.0	524.768	524.731	524.841	0.11	94	0	0	0	3	1			432.0	2106.0	439.0	2140.0	435.0	2121.0	431.0	1998.0	425.0	1929.0	3	
IY	0	RUDIMENTARY	401.0	2332.0	524.915	524.841	525.062	0.221	12	0	0	0	7	0			407.0	2229.0	401.0	2352.0	395.0	2498.0	386.0	2592.0	376.0	2658.0	3	
AY	1	MINOR	857.0	1629.0	525.477	525.461	525.582	0.121	41	4	4	2	2	1		s	851.0	1661.0	790.0	1739.0	753.0	1892.0	714.0	2169.0	675.0	2429.0	3	
ER	0	MINOR	669.0	1559.0	525.705	525.661	525.792	0.131	94	0	0	0	4	0			684.0	1603.0	667.0	1556.0	628.0	1502.0	467.0	1350.0	395.0	1204.0	6	
EH	1	MARY	598.0	2100.0	526.286	526.246	526.366	0.12	2	6	4	2	2	1			620.0	2167.0	594.0	2085.0	533.0	1972.0	533.0	1914.0	538.0	1811.0	5	
IY	0	MARY	419.0	2530.0	526.432	526.395	526.506	0.111	12	0	0	0	7	0			449.0	2387.0	416.0	2538.0	387.0	2557.0	369.0	2569.0	375.0	2681.0	3	
AE	1	GRAHAM	617.0	1967.0	528.989	528.956	529.056	0.1	33	4	1	2	8	0			524.0	1887.0	634.0	1978.0	722.0	1979.0	748.0	1960.0	769.0	1844.0	4	
AE	1	CRACKER	672.0	2020.0	529.239	529.216	529.285	0.069	3	1	6	1	8	1			666.0	2014.0	672.0	2021.0	670.0	2033.0	648.0	2048.0	637.0	2091.0	4	
ER	0	CRACKER	597.0	1648.0	529.412	529.385	529.466	0.081	94	0	0	0	6	0			556.0	1661.0	600.0	1646.0	634.0	1627.0	648.0	1626.0	655.0	1630.0	6	
