vowel	stress	word	F1	F2	F3	B1	B2	B3	t	beg	end	dur	cd	fm	fp	fv	ps	fs	style	glide	F1@20%	F2@20%	F1@35%	F2@35%	F1@50%	F2@50%	F1@65%	F2@65%	F1@80%	F2@80%	nFormants	F1_man	F2_man	F3_man	plt_code	plt_stress	plt_word	t_man
EY	1	EIGHTY	597.4	2169.2	2672.4	140.2	195.4	396.8	12.604	12.567	12.728	0.161	21	1	4	1	0	1			594.5	2150.9	581.6	2218.3	540.5	2252.5	493.1	2281.1	482.1	2212.2	5		541	2254	2793	21.14101	1	eighty	12.6255
AY	1	NINE	756.4	1633.3	2435.4	113.3	184.3	446.6	12.939	12.887	13.008	0.121	41	4	4	2	4	0		m	729.9	1614.9	750.0	1614.3	751.4	1659.9	723.7	1759.9	697.5	1886.1	4		758	1639	2438	41.4424	1	nine	12.9411
AY	1	LIFE	628.0	1300.9	2555.7	68.8	129.9	145.7	22.455	22.453	22.523	0.07	47	3	2	1	7	0			620.8	1401.0	607.4	1506.0	581.4	1628.0	554.0	1731.6	529.8	1790.9	4		623	1298	2511	47.3217	1	life	22.4576
ER	1	KERNAN	601.4	1339.0	1752.4	101.5	286.2	328.0	26.336	26.29	26.429	0.139	94	4	4	2	6	1			583.8	1352.7	602.8	1332.8	626.3	1378.9	632.6	1503.2	626.6	1590.7	5		635	1424	1738	94.60061	1	Kernan	26.3573
ER	1	KERNAN	610.3	1475.7	1824.0	160.3	610.8	436.5	26.949	26.929	26.989	0.06	94	4	4	2	6	1			602.8	1545.5	612.7	1472.8	629.0	1467.3	630.1	1465.2	618.8	1501.4	5		644	1540	1940	94.60061	1	Kernan	26.9684
EH	1	ELEMENTARY	688.1	1441.0	2473.6	184.2	225.8	252.6	27.656	27.639	27.69	0.051	2	4	4	2	2	4			680.5	1387.1	689.1	1450.8	691.9	1513.4	691.7	1561.3	683.8	1590.0	5		649	1472	2391	2.44225	1	(ele)mentary	27.6661
IY	0	BE	455.1	2140.5	2642.3	175.4	141.9	354.9	33.823	33.797	33.876	0.079	12	0	0	0	1	0			446.5	2101.9	456.0	2140.2	451.1	2149.2	455.9	2144.1	458.5	2111.8	5		440	2149	2665	12.0001	1	be	33.8202
AH	1	COMING	772.6	1245.3	2284.0	243.5	222.6	277.3	35.593	35.553	35.673	0.12	6	4	1	2	6	1			743.2	1324.0	774.5	1231.6	727.2	1125.7	572.6	1176.2	579.1	1203.7	6		672	1168	2323	6.412	1	coming	35.5925
AA	1	PROCTOR	666.7	1291.6	1953.1	58.2	138.0	267.6	38.174	38.147	38.227	0.08	5	1	6	1	8	4			649.7	1245.7	667.8	1295.8	674.6	1344.8	693.9	1422.9	692.7	1497.5	6		679	1373	2045	5.16184	1	Proctor	38.1904
AA	1	MOM	704.7	1167.9	2217.5	103.2	151.3	690.5	43.867	43.817	43.967	0.15	5	4	1	2	2	0			651.9	1134.8	707.8	1169.9	730.3	1177.5	740.0	1186.0	737.6	1185.7	5		743	1188	2372	5.4122	1	mom	43.9038
AO	1	BORN	514.7	903.6	2151.1	82.1	87.9	363.1	44.419	44.386	44.486	0.1	64	6	4	2	1	3			484.9	912.9	519.3	907.8	531.5	945.0	551.4	979.0	592.3	1050.4	6		558	962	2349	54.6001	1	born	44.4357
IH	1	HERE	415.7	2227.4	2660.4	186.1	197.2	967.6	44.763	44.716	44.856	0.14	14	6	4	2	0	0			414.3	2285.1	415.8	2217.1	431.9	2110.4	467.3	1988.2	512.1	1873.9	4		406	2237	2612	14.6	1	here	44.7359
AE	1	DAD	538.1	1852.1	2633.5	60.2	124.8	114.9	45.71	45.663	45.803	0.14	3	1	4	2	3	0			520.3	1823.6	539.4	1853.6	557.6	1842.7	571.9	1817.1	551.7	1760.6	4		533	1839	2621	3.1423	1	dad	45.7012
AO	1	BORN	533.0	845.1	2207.3	126.6	101.1	391.8	46.073	46.033	46.153	0.12	64	6	4	2	1	3			525.0	984.7	538.4	849.6	570.4	896.7	596.1	969.4	613.5	1062.8	6		622	903	2292	54.6001	1	born	46.0925
IH	1	CITY	502.1	1768.8	2561.3	88.4	174.6	246.7	47.336	47.313	47.383	0.07	1	1	4	1	3	1			482.8	1773.9	505.6	1766.8	517.8	1756.2	516.5	1749.6	507.3	1729.0	4		524	1753	2551	1.14131	1	city	47.35
UW	1	MOVED	473.7	970.8	2465.3	156.2	154.0	297.2	47.974	47.944	48.033	0.089	72	3	2	2	2	3			465.7	982.3	474.4	971.5	467.3	956.8	474.6	962.5	488.8	975.4	5		479	964	2463	72.3222	1	moved	47.9928
OW	1	NO	642.0	1317.2	2409.0	173.1	188.8	398.5	52.984	52.969	53.03	0.061	63	0	0	0	4	0			640.3	1333.0	645.1	1282.9	648.6	1225.4	637.8	1153.7	642.3	1155.9	6		628	1315	2485	62.0004	1	no	52.9849
OW	1	GO	529.2	1237.3	2302.7	70.6	105.8	278.2	74.314	74.307	74.407	0.1	63	0	0	0	6	0			527.2	1220.8	519.2	1199.1	516.2	1170.7	513.8	1140.9	512.4	1128.2	5		529	1226	2400	62.0006	1	go	74.3329
AO	1	MALL	652.2	984.3	2473.2	145.9	96.8	253.7	74.68	74.637	74.767	0.13	53	5	4	2	2	0			615.5	961.6	656.6	988.4	678.5	1011.7	677.6	1019.8	672.5	1024.1	5		676	1019	2462	53.5422	1	mall	74.7196
EH	1	THERE	612.1	1635.5	2388.2	86.7	123.1	152.0	74.887	74.867	74.927	0.06	24	6	4	2	3	0			606.6	1613.7	613.0	1636.4	618.3	1634.1	616.4	1618.1	617.1	1600.7	5		586	1588	2488	24.6003	1	there	74.8765
OW	1	SO	594.1	1350.1	2408.1	65.8	173.7	279.8	83.214	83.192	83.282	0.09	63	0	0	0	3	0			584.7	1361.7	622.2	1310.9	655.3	1259.3	674.1	1231.8	688.4	1206.3	5		589	1332	2401	62.0003	1	so	83.2148
AA	1	FATHER	689.5	1111.2	2504.5	80.0	102.7	250.5	89.556	89.506	89.657	0.151	43	3	3	2	1	1			671.1	1103.9	690.8	1111.1	693.1	1126.8	667.7	1140.9	592.3	1113.9	5		700	1120	2564	43.33111	1	father	89.5601
EH	1	THERE	519.8	1689.1	2183.0	82.3	235.2	278.4	90.043	90.026	90.076	0.05	24	6	4	2	3	0			517.8	1696.7	519.8	1689.1	520.0	1669.5	522.1	1651.0	520.7	1638.4	5		515	1678	2231	24.6003	1	there	90.036
OW	1	AGO	538.3	1260.1	2272.7	57.9	196.0	414.6	91.017	90.997	91.077	0.08	63	0	0	0	6	0			527.9	1287.4	552.6	1230.4	579.6	1197.9	616.7	1163.7	657.9	1133.8	5		590	1162	2265	62.0006	1	(a)go	91.0439
AA	1	GUITAR	667.8	1243.5	2107.5	86.3	127.5	286.6	93.059	93.029	93.118	0.089	44	6	4	2	3	0			678.4	1275.5	666.5	1240.4	655.6	1209.5	651.0	1186.8	645.0	1179.9	5		662	1214	2033	44.6003	1	(gui)tar	93.082
AH	1	CLUB	653.2	1201.0	2680.1	133.1	173.3	445.2	93.429	93.399	93.488	0.089	6	1	1	2	8	0			633.2	1198.0	654.5	1201.1	661.1	1192.5	645.6	1156.3	612.7	1101.7	4		642	1168	2439	6.1128	1	club	93.4362
AE	1	THAT	569.2	1632.7	2540.8	41.7	92.8	267.8	94.046	94.029	94.079	0.05	3	1	4	1	3	0			575.4	1636.6	569.2	1632.7	557.0	1625.0	549.1	1611.4	535.9	1594.0	4		573	1663	2543	3.1413	1	that	94.0168
AA	1	CONCERT	752.9	1325.4	2270.3	99.0	231.0	650.5	94.485	94.458	94.539	0.081	5	4	4	2	6	4			758.0	1373.1	752.2	1323.2	745.6	1316.3	730.9	1307.2	713.6	1317.0	5		739	1288	2234	5.44204	1	concert	94.4955
IH	1	THINK	591.4	1756.0	2449.2	61.4	250.4	222.3	98.982	98.965	99.015	0.05	1	4	6	2	3	3			585.8	1718.8	591.4	1756.0	597.5	1836.3	598.4	1924.6	594.7	2001.4	5		587	1714	2413	1.46233	1	think	98.9819
OW	1	SO	600.5	1329.7	2559.2	97.8	171.0	303.9	99.192	99.174	99.244	0.07	63	0	0	0	3	0			598.1	1347.5	605.7	1291.1	612.8	1244.7	620.5	1220.0	627.2	1195.7	4		582	1364	2477	62.0003	1	so	99.182
IH	1	DIDN'T	518.7	1827.3	2632.8	126.5	227.7	348.8	99.405	99.385	99.444	0.059	1	4	4	2	3	3			513.2	1777.4	519.3	1832.7	521.4	1865.0	522.9	1876.5	521.9	1867.6	4		536	1910	2469	1.14233	1	didn't	99.4335
OW	1	GO	558.0	1227.0	2266.9	54.0	94.6	108.5	99.625	99.604	99.714	0.11	63	0	0	0	6	0			560.3	1223.6	589.2	1169.8	584.5	1105.6	562.9	1053.1	524.1	987.9	6		569	1208	2322	62.0006	1	go	99.6309
OW	1	GO	545.4	1185.7	2336.1	50.5	97.4	153.8	104.154	104.147	104.227	0.08	63	0	0	0	6	0			544.7	1178.3	536.3	1170.9	527.2	1188.4	520.3	1224.7	514.5	1250.3	5		553	1195	2379	62.0006	1	go	104.1634
EH	1	THERE	528.7	1770.8	2491.8	68.8	183.4	304.5	104.299	104.276	104.346	0.07	24	6	4	2	3	0			532.7	1724.9	527.9	1778.1	524.3	1800.7	521.6	1798.0	522.0	1796.8	4		523	1705	2393	24.6003	1	there	104.2959
EH	1	AGAIN	568.8	1942.6	2375.8	68.9	174.0	199.5	104.539	104.506	104.606	0.1	2	4	4	2	6	0			533.5	2024.0	575.1	1929.4	629.4	1830.2	663.1	1784.6	678.8	1837.6	5		656	1786	2290	2.4426	1	(a)gain	104.5655
AA	1	GOT	633.8	1528.4	2237.6	50.1	168.4	436.4	104.943	104.916	104.996	0.08	5	1	4	1	6	0			611.2	1585.5	634.5	1522.4	634.8	1441.2	625.4	1391.8	603.6	1372.8	5		633	1542	2235	5.1416	1	got	104.9387
AY	1	NICE	673.6	1542.3	2420.5	130.2	290.1	916.4	105.147	105.127	105.196	0.069	47	3	4	1	4	0		s	672.6	1514.6	670.3	1605.7	655.5	1696.4	636.7	1769.6	614.8	1824.4	4		667	1590	2348	47.3424	1	nice	105.1496
EY	1	SKATE	521.9	2016.5	2573.6	91.2	202.7	314.5	105.386	105.357	105.426	0.069	21	1	4	1	6	0			504.0	2042.9	518.2	2026.9	520.3	2005.1	514.8	1967.2	512.9	1883.8	4		522	2024	2604	21.1416	1	skate	105.3822
AA	1	PARK	647.7	1185.7	2021.2	191.2	166.6	235.3	105.523	105.506	105.556	0.05	44	6	4	2	1	3			622.5	1173.0	647.7	1185.7	657.5	1216.1	650.0	1232.9	632.9	1241.2	6		648	1253	1928	44.6001	1	park	105.539
AO	1	FOUR	518.4	857.4	2147.8	108.9	114.1	486.3	110.02	109.983	110.094	0.111	64	6	4	2	1	0			542.8	816.5	519.6	861.8	525.8	915.1	542.0	986.4	533.5	1077.3	5		565	918	2041	64.6001	1	four	110.0363
AY	1	NICE	610.4	1469.4	2307.1	68.7	172.9	212.3	114.268	114.257	114.317	0.06	47	3	4	1	4	0		s	610.4	1473.4	607.3	1514.0	597.9	1550.9	585.8	1592.2	572.0	1629.0	5		609	1460	2291	47.3424	1	nice	114.2686
IY	1	FREE	484.8	1969.7	3673.2	213.2	104.7	1315.6	114.906	114.886	114.946	0.06	12	0	0	0	8	0			505.7	1939.8	482.6	1972.0	469.2	1981.1	464.1	1961.7	454.5	1804.8	3		502	1635	1884	12.0008	1	free	114.8789
IH	1	DIDN'T	428.4	1908.2	2638.1	94.2	106.2	128.2	117.601	117.577	117.648	0.071	1	4	4	2	3	3			438.6	1898.1	427.7	1908.0	424.8	1902.9	416.1	1885.8	412.9	1831.9	5		426	1917	2647	1.14233	1	didn't	117.6012
UW	1	DO	405.9	1932.1	2456.4	147.8	176.5	155.5	117.805	117.798	117.887	0.089	73	0	0	0	3	0			391.4	1916.9	386.5	1856.2	386.8	1785.5	387.4	1705.9	391.2	1644.9	5		397	1917	2455	73.0003	1	do	117.814
AE	1	THAT	604.9	1791.0	2633.1	31.6	182.0	135.3	117.994	117.937	118.107	0.17	3	1	4	1	3	0			588.9	1764.7	605.6	1791.9	608.8	1770.2	617.1	1735.5	662.2	1781.9	4		588	1748	2576	3.1413	1	that	117.9681
AH	1	UP	631.5	1064.9	2441.0	64.0	169.2	199.2	119.112	119.082	119.172	0.09	6	1	1	1	0	0			622.7	1064.1	632.3	1065.6	647.5	1078.8	646.9	1072.9	630.6	1055.1	5		646	1075	2486	6.111	1	up	119.1174
AA	1	ON	721.8	1141.4	2319.6	106.5	250.5	418.8	119.294	119.261	119.361	0.1	53	4	4	2	0	0			686.9	1102.1	725.7	1145.0	758.1	1195.8	773.5	1269.3	773.0	1309.6	6		752	1120	2365	5.442	1	on	119.3148
AH	1	COUPLE	621.9	1144.9	2215.5	80.9	132.5	245.2	123.62	123.597	123.667	0.07	6	1	1	1	6	1			620.5	1176.3	620.6	1134.4	617.7	1108.4	598.1	1062.2	565.7	1016.1	6		708	1204	2398	6.11101	1	couple	123.6201
AH	1	SUMMERS	718.8	1188.0	2433.9	204.9	187.5	330.2	123.92	123.897	123.966	0.069	6	4	1	2	3	1			690.5	1182.5	720.7	1187.3	722.3	1159.0	703.0	1114.0	685.3	1075.2	5		713	1154	2384	6.41231	1	summers	123.9303
OW	1	AGO	567.6	1127.9	2022.0	62.3	84.2	1325.1	124.271	124.246	124.387	0.141	63	0	0	0	6	0			571.4	1117.5	590.3	1071.9	580.8	1050.1	554.7	998.4	547.8	978.8	6		592	1072	2346	62.0006	1	(a)go	124.2981
AO	1	BEFORE	515.0	848.1	1923.7	72.5	129.8	573.4	125.379	125.336	125.466	0.13	64	6	4	2	1	0			518.7	832.5	513.9	853.1	513.7	895.8	523.7	941.4	527.8	1017.3	6		512	856	1882	64.6001	1	(be)fore	125.3843
UW	1	TWO	481.0	1887.9	2984.8	273.2	421.5	1381.5	125.743	125.736	125.787	0.051	73	0	0	0	3	0			481.0	1887.9	458.3	1857.9	434.6	1802.4	429.2	1791.5	429.0	1807.8	4		403	1609	2315	73.0003	1	two	125.7737
AW	1	ABOUT	630.1	1115.1	2422.2	73.3	126.7	250.0	129.677	129.649	129.759	0.11	42	1	4	1	1	0			621.7	1106.1	636.1	1113.2	643.2	1138.4	629.6	1163.6	579.1	1216.0	5		642	1138	2467	42.1411	1	(a)bout	129.6769
AE	1	THAT	632.8	1568.3	2658.8	45.4	103.6	211.3	129.875	129.839	129.948	0.109	3	1	4	1	3	0			624.3	1605.5	632.5	1560.6	638.3	1471.2	646.5	1392.1	635.2	1320.8	4		616	1625	2661	3.1413	1	that	129.8546
AO	1	LONG	705.4	1030.2	2375.3	95.3	63.4	278.7	130.071	130.028	130.158	0.13	53	4	6	2	7	0			701.3	1028.8	706.9	1031.2	716.6	1043.7	725.1	1051.5	731.5	1078.2	5		731	1049	2384	53.46273	1	long	130.1088
EY	1	THEY	533.8	1652.3	2281.9	74.1	227.8	210.5	130.315	130.298	130.368	0.07	22	0	0	0	3	0			533.3	1629.7	531.3	1725.8	519.0	1804.1	496.3	1866.9	483.0	1913.9	5		529	1659	2262	22.0003	1	they	130.3197
AA	1	STARTED	589.7	1382.3	2408.0	43.5	109.5	406.2	130.535	130.518	130.568	0.05	44	6	4	2	3	4			584.5	1384.1	589.7	1382.3	594.6	1384.9	593.5	1391.4	588.8	1394.4	5		592	1409	2561	44.6003	1	started	130.5306
IY	1	SEE	444.7	1991.1	2519.0	153.5	466.2	457.2	132.956	132.936	132.996	0.06	12	0	0	0	3	0			448.8	2017.5	444.2	1988.4	438.9	1939.3	446.1	1868.9	466.6	1806.2	4		430	1802	2450	12.0003	1	see	132.9736
AY	1	SIGN	780.1	1464.9	2733.7	95.5	234.0	533.7	133.304	133.226	133.387	0.161	41	4	4	2	3	0		s	744.4	1378.6	767.5	1348.2	779.6	1480.5	758.6	1437.8	693.0	1397.2	5		763	1321	2644	41.4423	1	sign	133.2818
OW	1	OVER	611.0	1319.8	2378.3	124.4	140.4	243.8	133.444	133.437	133.517	0.08	62	3	2	2	0	1			608.1	1284.4	598.8	1191.9	599.9	1085.3	641.2	1060.7	630.1	1241.5	5		603	1218	2326	62.32201	1	over	133.463
OW	1	DON'T	596.5	1107.1	2358.2	448.6	199.7	450.9	137.129	137.113	137.223	0.11	62	4	4	2	3	3			622.3	1116.2	633.4	1059.8	598.0	1026.4	588.6	998.0	605.4	963.8	5		595	1031	2429	62.44233	1	don't	137.1607
IY	1	PEOPLE	398.2	2094.4	2533.1	238.2	512.6	296.2	145.716	145.683	145.783	0.1	11	1	1	1	1	1			413.3	1864.4	397.0	2116.3	394.3	2141.6	401.3	2053.5	416.0	1969.7	4		410	2172	2558	11.11111	1	people	145.7334
AA	1	NOT	732.1	1428.2	2464.8	104.0	243.5	482.8	147.524	147.507	147.557	0.05	5	1	4	1	4	0			713.4	1399.0	732.1	1428.2	748.2	1447.5	756.2	1447.4	760.3	1441.1	4		738	1410	2378	5.1414	1	not	147.5309
OW	1	SUPPOSED	515.0	1016.1	2500.1	86.0	96.2	538.5	147.713	147.698	147.767	0.069	62	3	4	2	1	3			514.8	1014.7	516.7	1037.2	515.6	1062.3	509.6	1073.8	501.6	1083.6	6		516	1073	2617	62.3421	1	(sup)posed	147.7364
AY	1	BIKES	660.9	1277.8	2380.2	31.6	77.3	175.3	148.059	148.007	148.138	0.131	47	1	6	1	1	3			634.3	1121.3	659.6	1236.5	655.1	1381.8	599.5	1573.6	541.2	1789.2	5		669	1206	2553	47.1611	1	bikes	148.0439
IY	1	EITHER	414.8	2126.6	2625.5	97.5	98.3	266.3	148.548	148.498	148.648	0.15	11	3	3	2	0	1			443.2	2093.1	414.1	2129.0	417.3	2133.2	414.4	2083.1	510.5	1879.0	4		418	2141	2682	11.33101	1	either	148.5658
IH	1	BIG	493.5	1662.9	2301.2	94.0	103.1	102.9	150.111	150.085	150.164	0.079	1	1	6	2	1	0			482.6	1619.1	497.4	1669.2	518.4	1715.0	527.1	1770.6	522.6	1829.2	6		520	1792	2270	1.1621	1	big	150.1361
IY	1	REASON	436.0	1890.9	2151.2	111.1	119.5	179.4	150.364	150.344	150.404	0.06	11	3	4	2	7	1			438.5	1833.7	435.8	1896.6	435.3	1929.2	442.4	1933.7	449.2	1905.3	5		424	1935	2215	11.34271	1	reason	150.3795
IY	1	PEOPLE	420.2	2033.3	2408.2	154.4	174.3	268.1	150.868	150.845	150.914	0.069	11	1	1	1	1	1							809.5	2519.3	442.6	2049.8	466.6	1868.7	4		429	2069	2439	11.11111	1	people	150.8573
ER	1	HURT	545.7	1428.5	1680.8	103.1	183.8	140.3	151.204	151.174	151.264	0.09	94	1	4	1	0	0			587.2	1457.4	542.2	1427.9	510.3	1427.8	501.5	1461.9	512.4	1527.9	6		499	1362	1608	94.6	1	hurt	151.2196
AE	1	SMACK	721.9	1776.3	2634.7	74.5	203.0	238.1	151.968	151.945	152.015	0.07	3	1	6	1	2	0			732.4	1740.7	718.6	1782.9	695.8	1819.6	657.3	1871.8	601.1	1957.2	5		715	1738	2652	3.161	1	smack	151.9633
OW	1	DON'T	650.9	1273.4	2507.3	152.4	199.6	256.0	154.837	154.819	154.899	0.08	62	4	4	2	3	0			646.7	1293.9	683.9	1196.5	689.2	1137.7	676.6	1087.0	668.3	1079.6	5		676	1075	2444	62.44233	1	don't	154.8686
OW	1	KNOW	631.7	1179.8	2495.5	117.9	99.9	141.9	154.986	154.979	155.04	0.061	63	0	0	0	4	0			631.7	1179.8	632.0	1136.1	619.9	1079.2	604.3	1027.9	597.1	1008.5	5		645	1185	2489	62.0004	1	know	154.993
UW	1	DOING	498.2	2072.2		149.9	403.3		155.317	155.31	155.399	0.089	73	0	0	0	3	1			498.9	2104.0	537.0	2064.5	616.0	1930.8	713.7	2227.5	819.6	2493.8	3		465	1512	2267	73.4423	1	doing	155.3194
ER	1	HURT	497.8	1396.3	1645.1	52.5	369.4	90.5	156.558	156.501	156.671	0.17	94	1	4	1	0	0			516.8	1440.9	496.8	1394.1	505.4	1463.0	483.3	1513.3	492.0	1537.1	6		497	1449	1566	94.6	1	hurt	156.5877
AE	1	ACCIDENT	674.5	1849.4	2644.6	31.0	205.6	163.4	166.847	166.81	166.92	0.11	3	1	6	1	0	5			664.7	1844.4	675.3	1848.0	676.8	1858.3	648.5	1881.7	611.2	1898.3	4		676	1801	2604	3.16105	1	accident	166.8605
AO	1	FOUGHT	706.7	971.3	2893.3	146.3	151.1	492.8	167.821	167.771	167.92	0.149	53	1	4	1	1	0			713.9	1013.9	707.7	971.9	725.4	1018.1	722.7	1112.6	720.3	1192.4	4		696	987	2722	53.1411	1	fought	167.8386
IH	1	HERE	456.7	2070.0	2419.6	121.0	152.8	416.4	168.228	168.201	168.281	0.08	14	6	4	2	0	0			448.5	2119.9	457.2	2064.1	468.7	2002.8	494.8	1938.3	534.1	1842.0	4		454	1963	2221	14.6	1	here	168.2361
IH	1	DIDN'T	530.4	1912.8	2659.7	91.3	218.0	424.4	168.518	168.501	168.551	0.05	1	4	4	2	3	3			525.5	1890.9	530.4	1912.8	542.7	1917.0	558.2	1913.9	563.6	1919.3	4		575	1854	2495	1.14233	1	didn't	168.5363
IY	1	SEE	427.5	2143.5	2751.7	112.7	110.6	248.0	168.858	168.821	168.931	0.11	12	0	0	0	3	0			432.3	2053.4	427.3	2154.7	426.6	2203.7	430.9	2233.5	448.9	2239.1	4		429	2227	2869	12.0003	1	see	168.8789
ER	1	HEARD	515.3	1336.2	1668.0	84.8	234.7	130.8	169.946	169.916	170.005	0.089	94	1	4	2	0	0			539.5	1351.3	513.4	1336.7	488.4	1351.2	471.6	1362.0	441.7	1361.9	6		510	1397	1662	94.6	1	heard	169.9498
IH	1	KID	489.6	1889.1	2556.8	80.7	119.9	284.7	170.368	170.345	170.415	0.07	1	1	4	2	6	0			478.0	1925.8	492.7	1882.9	507.3	1850.9	517.3	1796.2	510.1	1738.4	5		504	1872	2566	1.1426	1	kid	170.377
AY	1	PIPE	682.0	1209.5	2296.7	139.2	156.5	151.1	171.406	171.385	171.505	0.12	47	1	1	1	1	0			680.5	1232.9	644.5	1360.8	603.8	1494.2	572.6	1586.2	505.0	1566.9	5		697	1253	2303	47.1111	1	pipe	171.4092
AY	1	LIKE	670.8	1362.7	2370.6	128.4	202.2	132.1	171.712	171.705	171.786	0.081	47	1	6	1	7	0			661.5	1453.8	636.0	1576.9	590.4	1726.9	506.1	1871.7	452.1	1986.3	5		674	1324	2365	47.1617	1	like	171.7094
OW	1	BROKE	558.4	1172.4	1925.1	51.3	129.3	91.0	172.103	172.096	172.176	0.08	62	1	6	1	8	0			551.8	1154.0	525.0	1104.8	503.5	1052.6	486.5	989.2	450.4	966.0	6		562	1167	1969	62.1618	1	broke	172.1115
AO	1	FOREARM	508.6	811.7	2328.8	42.2	109.8	294.6	172.509	172.466	172.596	0.13	64	6	4	2	1	1			518.0	825.7	508.9	811.4	521.1	845.8	550.0	948.8	566.9	1043.6	5		513	815	2342	64.60011	1	forearm	172.509
EH	1	THERE	634.9	1807.3	2332.8	97.8	232.5	265.5	176.226	176.193	176.293	0.1	24	6	4	2	3	0			639.7	1832.9	634.1	1800.0	625.7	1724.5	613.6	1650.5	594.4	1574.5	5		628	1810	2465	24.6003	1	there	176.1985
UH	1	TOOK	555.8	1333.9	2221.2	47.4	72.3	796.5	176.73	176.703	176.784	0.081	7	1	6	1	3	0			562.0	1351.0	555.2	1332.6	546.8	1308.0	532.4	1277.2	450.2	1241.6	6		557	1349	2498	7.1613	1	took	176.7305
AA	1	HOSPITAL	753.0	1223.6	2445.8	82.3	243.6	225.8	177.804	177.777	177.857	0.08	5	3	4	1	0	5			772.5	1258.3	751.3	1220.1	727.9	1191.9	700.2	1181.9	687.1	1197.4	5		799	1297	2395	5.34202	1	hospital	177.7734
AW	1	GROUND	741.1	1341.9	2024.4	90.4	290.4	333.2	179.897	179.877	180.008	0.131	42	4	4	2	8	3			749.9	1336.1	756.1	1291.0	752.5	1258.9	742.0	1204.0	726.5	1158.5	5		752	1272	2190	42.44283	1	ground	179.9279
IH	1	DIDN'T	550.8	1856.6	2607.7	97.7	150.8	339.0	184.828	184.791	184.902	0.111	1	4	4	2	3	3			507.6	1852.5	555.1	1858.3	591.6	1860.8	628.5	1829.7	644.6	1777.2	4		580	1832	2506	1.14233	1	didn't	184.8443
AO	1	OFF	678.8	1056.9	2339.5	52.0	42.4	103.4	185.794	185.771	185.841	0.07	53	3	2	1	0	0			684.5	1068.3	677.0	1054.8	670.6	1044.9	676.8	1044.2	695.3	1047.0	5		679	1053	2374	53.321	1	off	185.8008
EY	1	RAIN	674.8	1711.2	2041.2	135.0	199.6	229.9	186.736	186.722	186.852	0.13	21	4	4	2	7	0			670.3	1773.7	637.1	1955.8	605.1	2119.5	597.3	2192.8	598.6	2176.9	5		618	1989	2286	21.4427	1	rain	186.7716
IY	1	PEOPLE	401.4	2175.5	2538.1	173.7	214.1	316.8	187.095	187.062	187.162	0.1	11	1	1	1	1	1			408.6	2207.2	401.8	2167.8	410.4	2110.8	418.1	1897.9	427.8	1632.5	4		394	2198	2603	11.11111	1	people	187.0871
OW	1	ROLLING	585.0	1042.6	2272.4	59.6	66.3	161.9	187.379	187.372	187.452	0.08	62	5	4	2	7	1			581.8	1032.6	575.1	1001.9	581.1	987.3	590.7	970.9	597.0	940.9	5		598	994	2544	62.5427	1	rolling	187.4089
AA	1	ON	743.1	1388.3	2364.6	108.6	382.8	837.1	187.632	187.602	187.692	0.09	53	4	4	2	0	0			738.6	1418.8	742.7	1382.5	746.7	1407.4	746.6	1456.6	746.9	1417.7	5		733	1422	2393	5.442	1	on	187.6631
AE	1	LAST	644.2	1723.6	2669.0	59.5	119.4	194.1	193.687	193.654	193.754	0.1	33	3	4	1	7	0			644.3	1682.5	643.7	1726.4	635.1	1746.7	613.9	1791.9	597.8	1851.0	4		637	1610	2603	3.34173	1	last	193.6658
AH	1	SUMMER	691.0	1250.2	2486.0	180.3	399.3	501.2	195.239	195.222	195.272	0.05	6	4	1	2	3	1			679.3	1278.4	691.0	1250.2	696.1	1211.1	682.9	1150.9	662.3	1102.5	5		668	1085	2515	6.41231	1	summer	195.2605
IY	1	EITHER	524.8	2059.1	2428.9	134.7	183.3	261.3	204.074	204.044	204.134	0.09	11	3	3	2	0	1			523.0	2015.7	525.0	2060.4	526.8	2009.8	520.3	1908.9	519.1	1798.8	5		497	2128	2472	11.33101	1	either	204.0766
AH	1	COUPLE	613.1	1235.0	2040.9	106.7	154.4	1038.1	209.092	209.069	209.139	0.07	6	1	1	1	6	1			590.9	1246.3	616.4	1215.8	627.6	1139.9	627.0	1071.0	597.4	984.6	6		685	1238	2378	6.11101	1	couple	209.0985
AY	1	TIMES	715.6	1315.3	2704.4	104.0	212.8	422.9	209.314	209.269	209.359	0.09	41	4	1	2	3	3		m	659.0	1314.2	682.0	1325.7	715.6	1315.3	725.8	1330.7	713.8	1313.6	5		735	1344	2735	41.4123	1	times	209.314
AE	1	GRANDFATHER	685.7	1716.8	1971.2	75.4	140.4	1190.0	211.568	211.535	211.635	0.1	33	4	4	2	8	5			648.9	1724.1	689.5	1715.1	701.2	1667.4	687.9	1566.9	671.3	1466.2	5		670	1524	2182	3.44285	1	grandfather	211.6063
AA	2	GRANDFATHER	640.6	1163.3	2397.7	69.3	78.7	470.9	211.775	211.745	211.834	0.089	43	3	3	2	1	1			655.3	1160.7	640.0	1164.1	625.5	1176.0	605.2	1177.5	582.2	1169.2	5		648	1189	2550	43.33111	1	(grand)father	211.7821
EH	1	THERE	562.4	1719.1	2447.1	68.8	164.1	308.9	212.201	212.174	212.254	0.08	24	6	4	2	3	0			548.0	1708.1	563.4	1721.0	567.2	1742.3	561.9	1749.6	546.5	1738.4	4		542	1687	2461	24.6003	1	there	212.1904
IY	1	HE	441.2	2076.6	2602.7	260.4	264.8	231.1	212.498	212.475	212.544	0.069	12	0	0	0	0	0			449.2	2113.6	440.4	2071.6	417.2	1785.4	640.4	1758.2	720.3	1721.4	5		417	2090	2576	12.	1	he	212.4898
AY	1	DIED	693.8	1366.3	2479.0	43.2	125.9	790.9	212.692	212.604	212.854	0.25	41	1	4	2	3	0			683.5	1397.9	693.8	1366.3	681.3	1413.9	637.1	1657.4	588.1	1872.7	5		686	1335	2398	41.0023	1	died	212.6737
EH	1	THEN	697.9	1671.0	2772.6	68.2	115.1	128.2	213.064	213.044	213.104	0.06	2	4	4	2	3	0			695.6	1672.2	698.1	1670.4	698.4	1662.2	693.9	1654.3	687.8	1652.6	5		690	1656	2786	2.4423	1	then	213.0712
IH	1	SINCE	611.0	1641.0	2392.1	115.9	316.1	452.2	214.871	214.854	214.904	0.05	1	4	4	2	3	3			613.0	1620.5	611.0	1641.0	603.9	1699.3	600.4	1773.4	597.6	1804.4	4		613	1613	2405	1.44233	1	since	214.8686
OW	1	NO	679.7	1243.8	2365.7	72.7	108.1	1241.0	221.555	221.532	221.683	0.151	63	0	0	0	4	0			681.3	1227.5	682.2	1180.5	665.4	1118.0	623.5	1097.8	537.9	1052.7	5		682	1172	2451	62.0004	1	no	221.5871
AA	1	FARTHEST	609.0	1178.2	2199.1	60.5	148.8	351.2	222.524	222.507	222.558	0.051	44	6	4	2	1	4			606.1	1143.2	609.3	1184.5	607.7	1218.2	605.7	1234.2	603.4	1238.8	5		623	1298	2267	44.60011	1	farthest	222.5336
IY	1	BEACH	405.8	2361.2	2916.1	189.6	215.0	1999.7	224.11	224.067	224.197	0.13	11	2	5	1	1	0			399.1	2299.4	408.5	2365.1	420.5	2310.0	398.8	2351.0	462.7	2330.7	4		396	2072	2460	11.16113	1	beach	224.0769
IY	1	C	453.4	2139.4	2471.8	259.6	323.9	272.6	226.314	226.274	226.395	0.121	12	0	0	0	3	0			451.9	2094.0	453.6	2142.8	437.9	2147.6	406.0	1990.7	614.7	1639.8	5		398	2211	2432	12.0003	1	C	226.3224
AY	1	HIGHSCHOOL	750.0	1183.4	1985.7	292.5	348.1	2236.5	227.492	227.505	227.585	0.08	47	3	4	1	0	4			694.5	1258.6	673.0	1313.7	642.2	1242.7	611.3	1115.9	582.4	1085.9	6		712	1283	2410	47.34201	1	highschool	227.5195
EY	1	STAYED	549.7	1833.0	2533.6	90.3	128.9	179.0	230.944	230.929	231.009	0.08	21	1	4	2	3	0			549.5	1837.1	545.2	1883.4	541.0	1905.2	534.3	1877.1	511.9	1828.9	4		543	1825	2508	22.0023	1	stayed	230.9495
EY	1	NAVY	541.5	2138.2	2712.3	81.1	174.2	369.9	232.348	232.336	232.456	0.12	21	3	2	2	4	1			532.7	2198.6	521.8	2285.7	499.1	2350.6	459.2	2341.5	424.7	2287.0	4		529	2225	2809	21.32241	1	navy	232.3657
EY	1	STAYED	482.1	1728.8	2403.8	75.9	188.4	183.2	235.182	235.17	235.271	0.101	21	1	4	2	3	0			480.3	1771.1	470.2	1854.2	454.2	1916.9	444.8	1932.9	436.5	1882.3	5		483	1790	2435	22.0023	1	stayed	235.1926
EH	1	AIRCRAFT	637.4	2009.2	2619.1	226.6	147.1	368.9	237.055	237.025	237.115	0.09	24	6	4	2	0	4			664.2	2009.7	634.6	2008.0	609.8	1980.7	589.4	1924.1	568.1	1862.3	4		602	1944	2445	24.60004	1	aircraft	237.0631
AE	2	AIRCRAFT	621.3	1556.8	2037.6	52.4	151.1	114.9	237.371	237.344	237.424	0.08	3	3	2	1	8	3			598.2	1532.4	622.7	1559.2	627.8	1588.5	618.3	1597.5	607.4	1595.9	5		610	1512	1995	3.32183	1	(air)craft	237.3659
AH	1	SUBMARINES	627.3	1351.0	2718.9	110.1	198.1	386.3	238.221	238.194	238.275	0.081	6	1	1	2	3	5			607.7	1363.2	628.5	1351.6	632.9	1354.6	616.7	1320.5	580.1	1250.8	4		614	1298	2538	6.11235	1	submarines	238.225
AH	1	STUFF	598.2	1323.7	2540.1	54.8	160.3	396.6	238.888	238.835	238.994	0.159	6	3	2	1	3	0			610.9	1464.1	602.2	1315.7	627.8	1209.2	652.4	1179.0	680.7	1210.8	5		640	1171	2552	6.3213	1	stuff	238.9281
EY	1	GREAT	475.8	1896.7	2336.1	58.8	224.9	129.1	243.063	243.051	243.2	0.149	21	1	4	1	8	0			466.7	2059.4	467.1	2185.5	450.5	2250.3	460.6	2158.6	450.0	2077.5	5		547	1697	2147	21.1418	1	great	243.036
OY	1	JOIN	605.0	1229.6	2244.7	168.9	194.1	309.9	243.971	243.951	244.01	0.059	61	4	4	2	5	0			604.8	1206.9	605.1	1231.2	606.5	1231.2	609.0	1230.6	615.0	1256.2	5		624	1202	2290	61.4425	1	join	243.9519
EY	1	NAVY	545.0	1948.1	3003.9	116.9	279.1	2015.6	244.203	244.191	244.3	0.109	21	3	2	2	4	1			528.5	1986.1	506.7	1993.4	490.7	2042.0	480.6	2070.4	460.0	2026.7	4		561	1961	2878	21.32241	1	navy	244.2061
UW	1	SCHOOL	459.5	1019.6	2253.0	149.4	146.4	605.7	245.46	245.443	245.493	0.05	72	5	4	2	6	0			433.0	1046.2	459.5	1019.6	474.1	989.5	478.0	964.3	477.8	946.9	6		491	933	2609	72.5426	1	school	245.4871
OW	1	THOSE	523.2	1219.5	2509.9	37.2	90.4	183.6	254.876	254.869	254.949	0.08	62	3	4	2	3	0			523.8	1210.7	523.0	1177.3	519.1	1140.1	516.8	1126.2	511.1	1119.3	5		524	1210	2514	62.3423	1	those	254.8873
EY	1	PLACES	514.3	1498.6	2471.2	59.2	203.0	90.3	255.16	255.148	255.198	0.05	21	3	4	1	8	1			514.3	1498.6	509.6	1539.9	505.0	1614.2	504.9	1673.6	505.1	1703.9	5		527	1430	2470	21.3428	1	places	255.1496
OW	1	NO	690.7	1258.8	2430.9	168.2	258.3	254.2	255.495	255.478	255.548	0.07	63	0	0	0	4	0			685.6	1261.9	702.5	1246.2	714.3	1230.4	721.9	1201.6	731.6	1193.9	6		671	1208	2469	62.0004	1	no	255.5038
OW	1	NOPE	575.6	1383.9	2471.4	162.9	247.1	345.8	257.938	257.931	258.051	0.12	62	1	1	1	4	0			572.5	1290.2	546.4	1138.3	504.7	1010.5	484.1	876.9	486.7	922.0	5		565	1270	2432	62.1114	1	nope	257.9549
AH	1	BUNCH	655.2	1150.7	2301.0	69.9	104.2	234.4	268.509	268.486	268.555	0.069	6	4	4	2	1	3			625.9	1112.4	658.1	1155.4	681.6	1205.8	691.2	1265.3	684.4	1306.3	5		706	1282	2304	6.2511	1	bunch	268.5279
IH	1	KIDS	512.9	1962.4	2818.7	94.3	167.5	471.6	269.201	269.157	269.288	0.131	1	1	4	2	6	3			508.9	1994.5	512.6	1955.5	514.2	1864.1	511.2	1799.3	493.2	1748.4	4		509	1824	2537	1.1426	1	kids	269.2202
AW	1	MOUTHS	754.3	1249.0	1551.2	47.8	117.3	2481.9	270.794	270.787	271.006	0.219	42	3	3	2	2	3			749.0	1221.0	724.7	1121.5	656.5	1025.1	606.9	1026.6	516.1	1073.9	6		759	1251	2578	42.3312	1	mouths	270.8086
EY	1	SAYING	634.9	1859.3	2548.0	72.0	125.0	210.3	271.331	271.287	271.396	0.109	21	0	0	0	3	1			621.4	1718.5	634.3	1822.6	632.1	1917.9	620.9	2001.4	611.1	2039.6	5		622	1752	2467	21.4423	1	saying	271.317
AH	1	STUFF	648.7	1308.3	2777.3	49.6	67.6	389.2	271.656	271.616	271.737	0.121	6	3	2	1	3	0			632.4	1362.0	650.5	1299.4	670.0	1236.4	677.0	1220.2	681.9	1179.7	4		650	1237	2476	6.3213	1	stuff	271.6658
EH	1	FRIENDS	760.9	1476.5	2194.4	64.9	154.0	183.7	272.924	272.898	272.977	0.079	2	4	4	2	8	3			761.6	1468.7	760.4	1477.0	758.8	1482.7	755.1	1496.4	745.4	1506.3	6		755	1482	2218	2.44283	1	friends	272.917
AO	1	ALL	677.6	1185.0	2420.5	57.7	64.8	110.2	275.256	275.21	275.349	0.139	53	5	4	2	0	0			634.2	1336.0	681.6	1169.0	688.0	1098.1	674.1	1033.2	641.2	1041.7	5		695	1086	2625	53.542	1	all	275.2843
AY	1	SIDE	749.5	1389.0	2696.4	78.0	228.8	434.6	276.037	276.0	276.08	0.08	41	1	4	2	3	0		m	730.1	1486.2	748.1	1438.8	749.3	1378.9	749.9	1380.1	748.2	1416.6	4		733	1386	2541	41.1423	1	side	276.0225
AW	1	OUT	714.2	1309.2	2312.9	60.9	135.2	286.3	276.754	276.74	276.87	0.13	42	1	4	1	0	0			721.4	1296.3	710.0	1295.6	680.0	1308.7	650.8	1326.1	624.6	1400.2	5		734	1332	2355	42.141	1	out	276.7607
OW	1	OVER	583.1	1198.1	2344.2	51.5	96.3	598.5	277.311	277.29	277.43	0.14	62	3	2	2	0	1			597.3	1163.6	603.0	1051.0	556.8	965.6	524.6	923.3	544.3	877.3	6		627	1079	2522	62.32201	1	over	277.3386
AA	1	DARK	681.9	1569.0	3276.3	138.8	197.3	779.6	278.604	278.577	278.657	0.08	44	6	4	2	3	3			667.8	1596.0	683.5	1569.7	692.5	1585.2	690.7	1585.3	690.3	1575.0	4		645	1433	2094	44.6003	1	dark	278.6034
AW	1	OUT	723.5	1673.2	2874.7	158.0	309.5	1396.9	278.815	278.787	278.946	0.159	42	1	4	1	0	0			731.1	1659.8	765.8	1506.0	756.4	1343.2	730.1	1261.4	692.9	1125.5	4		725	1321	2276	42.141	1	out	278.8467
AH	1	DONE	697.2	1322.6	2469.9	102.1	130.1	479.6	280.994	280.954	281.074	0.12	6	4	4	2	3	0			666.1	1373.5	700.4	1318.9	719.4	1307.5	724.6	1320.9	722.5	1358.5	5		728	1320	2479	6.4423	1	done	281.0174
AY	1	TIMES	825.5	1481.6	2395.0	173.5	257.8	207.2	285.009	284.947	285.108	0.161	41	4	1	2	3	3		m	709.3	1432.9	823.5	1486.1	717.8	1332.4	552.7	789.3	376.0	787.9	6		696	1276	2369	41.4123	1	times	285.0144
AA	1	NOT	705.4	1441.1	2627.2	75.5	164.5	435.5	285.996	285.979	286.029	0.05	5	1	4	1	4	0			683.1	1450.2	705.4	1441.1	722.9	1411.6	729.9	1380.1	732.7	1358.3	5		732	1328	2358	5.1414	1	not	286.0358
AO	1	LONG	705.7	1045.7	2558.0	86.7	71.1	342.7	286.315	286.279	286.388	0.109	53	4	6	2	7	0			690.8	1031.5	708.3	1049.3	722.0	1079.7	714.5	1123.2	682.4	1217.4	5		716	1073	2552	53.46273	1	long	286.3332
AY	1	TIME	763.1	1450.1	2334.1	122.9	240.2	1502.9	286.539	286.508	286.589	0.081	41	4	1	2	3	0		m	756.6	1516.0	763.1	1450.1	753.5	1384.4	749.1	1357.9	744.9	1366.9	5		768	1441	2598	41.4123	1	time	286.5387
OW	1	THOUGH	673.4	1212.5	2478.1	90.2	133.8	177.5	286.755	286.738	286.808	0.07	63	0	0	0	3	0			670.8	1221.9	677.5	1190.8	685.4	1157.8	690.4	1122.4	691.7	1088.9	5		678	1168	2476	62.0003	1	though	286.7686
IH	1	SIXTH	523.1	1846.8	2336.3	109.3	270.0	681.7	288.981	288.964	289.015	0.051	1	1	6	1	3	3			524.6	1810.1	522.3	1854.8	511.5	1903.7	497.8	1956.6	492.3	1992.3	4		510	1721	2170	1.16133	1	sixth	288.9844
EY	1	GRADE	518.0	1898.2	2576.2	68.8	199.1	2076.4	289.323	289.304	289.424	0.12	21	1	4	2	8	0			514.6	1978.5	498.8	2093.3	463.3	2099.3	440.6	2091.7	432.4	2099.8	4		516	1884	2275	21.1428	1	grade	289.3224
AE	1	THAT	557.9	1719.1	2826.8	54.8	173.5	1079.8	290.091	290.045	290.184	0.139	3	1	4	1	3	0			556.1	1712.9	560.6	1721.3	572.4	1723.0	559.6	1680.4	604.7	1672.1	4		560	1713	2770	3.1413	1	that	290.0687
AO	1	LONG	690.8	1102.0	2479.8	91.3	150.9	458.6	296.753	296.71	296.839	0.129	53	4	6	2	7	0			701.4	1118.4	692.2	1104.0	700.1	1109.3	714.3	1144.5	699.0	1171.9	5		705	1113	2555	53.46273	1	long	296.771
OW	1	AGO	649.4	1261.8	2280.8	109.2	182.4	213.4	297.037	297.009	297.119	0.11	63	0	0	0	6	0			644.1	1274.9	655.9	1236.6	665.9	1182.4	706.8	1170.8	818.5	1323.2	5		632	1306	2243	62.0006	1	(a)go	297.0225
OW	1	KNOW	646.6	1046.7	2311.6	90.2	64.0	504.3	302.568	302.553	302.652	0.099	63	0	0	0	4	0			649.2	1042.4	652.5	1027.5	642.4	1008.9	613.5	968.8	550.0	906.1	6		629	1031	2354	62.0004	1	know	302.5736
AE	1	THAT	598.5	1605.7	2914.2	67.6	193.8	951.2	302.963	302.913	303.062	0.149	3	1	4	1	3	0			584.8	1615.4	600.5	1606.2	626.2	1612.5	650.5	1598.5	666.5	1628.3	4		592	1611	2689	3.1413	1	that	302.9549
AA	1	NOT	753.7	1490.7	2487.7	71.5	343.6	718.5	304.041	303.998	304.128	0.13	5	1	4	1	4	0			723.3	1554.7	755.0	1478.5	756.1	1391.7	750.8	1344.7	739.1	1320.5	5		756	1439	2418	5.1414	1	not	304.0493
OW	1	DON'T	555.4	1144.8	2334.9	57.2	95.3	285.3	304.309	304.287	304.377	0.09	62	4	4	2	3	0			554.0	1164.0	561.4	1092.9	580.6	1027.7	615.7	979.3	657.2	925.8	5		705	903	2399	62.44233	1	don't	304.3684
AE	1	HAVE	645.8	1651.1	2521.5	63.7	118.1	184.1	304.574	304.557	304.607	0.05	3	3	2	2	0	0			656.2	1667.5	645.8	1651.1	627.4	1621.7	608.3	1590.3	590.3	1554.1	5		674	1687	2507	3.322	1	have	304.5577
AY	1	FIGHTS	671.9	1289.5	2433.7	294.8	292.2	398.1	305.011	305.018	305.137	0.119	47	1	4	1	1	3			616.1	1324.1	600.9	1456.8	559.4	1616.4	519.3	1782.6	510.3	1898.4	5		606	1310	2385	47.1411	1	fights	305.0444
AA	1	ARE	678.4	1155.8	2191.9	61.8	53.6	345.6	314.899	314.882	314.932	0.05	44	6	4	2	0	0			678.3	1127.8	678.4	1155.8	673.3	1199.8	665.8	1236.7	659.0	1265.5	5		699	1173	2395	44.6	1	are	314.8981
UH	1	GOOD	520.1	1396.7	2157.9	50.4	153.8	214.3	316.573	316.553	316.613	0.06	7	1	4	2	6	0			511.5	1411.2	520.3	1395.1	516.7	1388.7	509.6	1391.7	470.2	1381.1	5		527	1425	2194	7.1426	1	good	316.5685
EY	1	MAKE	576.7	1996.9	2744.8	124.4	207.6	1040.9	317.005	316.993	317.053	0.06	21	1	6	1	2	0			576.7	1996.9	549.0	2067.5	510.1	2158.7	474.0	2249.3	470.6	2333.4	4		575	1906	2368	21.1612	1	make	317.0011
AE	1	ACTUALLY	660.7	1830.5	2568.9	153.0	225.2	614.5	317.56	317.513	317.654	0.141	3	1	6	1	0	4			680.8	1696.6	653.0	1826.7	643.5	1822.0	596.9	1715.8	536.9	1707.0	5		642	1788	2284	3.16105	1	actually	317.5763
ER	1	LEARN	581.4	1579.5	3895.1	166.5	173.5	696.0	318.063	318.013	318.163	0.15	94	4	4	2	7	0			577.7	1575.2	584.3	1582.1	620.3	1606.4	646.9	1592.0	713.2	1617.6	3		530	1392	1803	94.6007	1	learn	318.0604
AW	1	COUNTS	772.1	1630.6	2393.6	300.7	490.6	541.0	328.854	328.841	328.961	0.12	42	4	4	2	6	3			759.1	1393.2	757.3	1296.1	738.9	1182.8	726.3	1102.5	731.8	1145.9	5		778	1358	2769	42.44203	1	counts	328.8822
AH	1	SUBJECT	636.0	1266.7	2708.3	81.8	106.1	211.6	329.404	329.371	329.471	0.1	6	1	1	2	3	4			633.3	1285.3	635.4	1265.9	613.6	1270.1	546.9	1276.5	473.7	1316.4	4		629	1254	2642	6.11234	1	subject	329.4114
AA	1	R	712.8	1257.3	2462.6	113.5	305.0	260.2	330.275	330.252	330.322	0.07	44	6	4	2	0	0			712.0	1254.5	712.6	1258.1	706.2	1263.3	698.5	1261.9	689.9	1272.1	4		690	1229	2340	44.6006	1	R	330.2848
UH	1	TOOK	548.3	1367.7	2253.6	96.3	283.2	433.3	332.646	332.629	332.679	0.05	7	1	6	1	3	0			550.9	1380.6	548.3	1367.7	530.0	1363.1	503.6	1374.1	474.0	1385.9	5		572	1465	2469	7.1613	1	took	332.6412
ER	1	ALTERNATIVE	731.7	1646.3	3734.6	357.0	146.6	777.0	333.315	333.288	333.369	0.081	94	4	4	2	3	2			696.3	1666.2	733.5	1646.5	742.7	1646.7	707.9	1665.8	673.1	1690.3	4		698	1627	3994	94.60032	1	(al)ternative	333.3281
IH	1	GYM	603.2	1762.4	2802.4	117.3	291.3	1033.3	333.971	333.938	334.038	0.1	1	4	1	2	5	0			577.7	1796.9	607.1	1756.6	635.5	1727.5	654.0	1704.6	659.2	1673.9	4		563	1756	2349	1.4125	1	gym	333.9573
AY	1	LIKED	605.1	1263.2	2493.2	45.7	104.2	582.9	334.583	334.579	334.649	0.07	47	1	6	1	7	3			603.2	1349.6	594.6	1457.9	573.1	1613.7	533.5	1509.3	486.0	1181.4	6		601	1317	2515	47.1617	1	liked	334.5928
AE	1	AFTER	585.1	1651.6	2514.7	41.3	141.9	171.7	334.888	334.838	334.989	0.151	33	3	2	1	0	4			595.7	1670.2	585.9	1653.6	595.5	1655.2	597.8	1642.5	594.8	1626.3	5		597	1649	2491	3.32104	1	after	334.9443
AO	1	MORE	562.5	867.6	2177.0	185.3	133.1	538.1	336.041	336.021	336.081	0.06	64	6	4	2	2	0			547.3	868.4	565.3	871.5	590.4	922.1	605.1	995.7	603.4	1056.1	6		611	1093	2224	64.6002	1	more	336.0685
AA	1	INVOLVED	602.8	984.9	2408.7	53.0	53.0	177.2	336.328	336.291	336.401	0.11	5	5	4	2	1	3			598.7	996.1	602.8	983.7	599.9	967.4	591.6	941.8	581.9	926.7	5		606	971	2419	5.54213	1	(in)volved	336.3443
AA	1	LOT	698.1	1240.1	2702.6	84.0	152.2	131.5	345.422	345.389	345.489	0.1	5	1	4	1	7	0			685.5	1243.5	701.3	1243.9	733.6	1298.5	743.6	1330.0	727.9	1311.4	4		732	1317	2632	5.1417	1	lot	345.4552
EY	1	SKATEBOARDING	457.7	2034.0	2678.3	39.5	152.3	320.4	346.217	346.205	346.275	0.07	21	1	4	1	6	5			457.3	2038.3	455.9	2055.4	453.4	2063.8	449.4	2038.1	448.4	1839.8	4		454	2012	2598	21.14162	1	skateboarding	346.225
AO	2	SKATEBOARDING	479.9	873.4	2168.0	89.7	77.8	472.4	346.385	346.355	346.444	0.089	64	6	4	2	1	4			482.7	843.5	481.0	876.0	493.5	925.2	503.4	994.6	511.9	1060.9	5		513	899	2294	64.6001	1	(skate)boarding	346.3927
AY	1	BIKING	597.4	1270.0	2308.5	46.7	95.4	159.9	347.333	347.277	347.407	0.13	47	1	6	1	1	1			556.5	1044.5	588.7	1176.3	592.0	1346.9	549.9	1529.1	518.6	1800.1	5		610	1276	2374	47.1611	1	biking	347.3302
AH	1	STUFF	666.3	1305.3	2788.2	68.9	112.4	523.0	347.986	347.936	348.086	0.15	6	3	2	1	3	0			616.9	1347.1	668.4	1299.8	671.7	1232.0	672.9	1196.9	681.1	1207.2	4		661	1187	2493	6.3213	1	stuff	348.0252
OW	1	ROLLERBLADING	539.0	1113.0	1943.4	60.0	103.4	559.9	349.625	349.614	349.734	0.12	62	5	4	2	7	2			544.0	1094.7	529.9	1040.2	515.4	1007.7	494.9	916.9	517.3	1032.0	6		547	1132	2117	62.54272	1	rollerblading	349.6253
EY	2	ROLLERBLADING	560.7	2386.2		142.1	404.2		349.955	349.943	350.043	0.1	21	1	4	2	8	1			551.3	2340.8	547.2	2303.7	544.4	2286.4	540.9	2269.4	528.0	2227.9	3		520	1490	2476	21.1428	1	(roller)blading	349.9606
AO	1	ALL	643.0	1069.0	2331.2	94.4	115.9	162.3	350.223	350.193	350.283	0.09	53	5	4	2	0	0			625.2	1085.7	644.9	1065.1	646.3	1043.1	641.0	1034.4	633.4	1032.2	6		634	1029	2445	53.542	1	all	350.2518
AH	1	STUFF	610.4	1281.5	2574.7	58.9	103.4	583.1	351.033	350.983	351.133	0.15	6	3	2	1	3	0			553.8	1300.0	614.9	1277.4	647.7	1243.7	651.9	1187.5	651.4	1135.8	5		643	1217	2587	6.3213	1	stuff	351.0631
IY	1	PEOPLE	394.1	2030.1	2385.6	164.5	221.3	426.8	353.053	353.02	353.12	0.1	11	1	1	1	1	1			454.3	2016.0	391.5	2027.5	389.8	2013.4	406.3	1885.5	428.1	1646.3	4		382	2007	2297	11.11111	1	people	353.066
AE	1	BASKETBALL	633.6	1734.3	2497.7	26.6	143.1	132.4	353.536	353.499	353.609	0.11	39	3	4	1	1	5			604.2	1690.6	634.0	1734.6	638.8	1725.8	638.5	1693.9	623.2	1622.8	5		635	1725	2501	3.34212	1	basketball	353.5412
AO	2	BASKETBALL	601.0	981.0	2409.2	84.6	71.4	189.8	353.833	353.8	353.899	0.099	53	5	4	2	1	0			565.7	989.5	603.8	980.3	606.0	971.4	615.0	982.6	651.0	1038.2	5		651	1006	2579	53.5421	1	(basket)ball	353.8711
AO	1	COURTS	547.2	988.2	2063.6	89.0	86.4	241.5	354.146	354.119	354.199	0.08	64	6	4	2	6	3			542.9	981.7	548.7	991.7	562.3	1028.2	573.8	1059.0	575.5	1124.5	6		569	1037	2216	64.60003	1	courts	354.1604
AH	1	SUMMER	650.0	1242.6	2841.9	161.3	194.8	481.3	355.337	355.32	355.37	0.05	6	4	1	2	3	1			637.6	1264.9	650.0	1242.6	677.4	1221.7	706.5	1242.6	730.4	1257.7	4		645	1201	2630	6.41231	1	summer	355.3413
EY	1	PLAY	615.9	1531.7	2415.7	72.0	167.0	588.8	357.778	357.749	357.809	0.06	22	0	0	0	8	0			579.1	1403.8	597.3	1472.8	618.1	1538.9	633.4	1588.9	627.7	1527.0	6		582	1422	2492	22.0008	1	play	357.7626
IY	1	PEOPLE	441.4	2005.0	2396.1	178.3	318.9	497.8	368.527	368.49	368.6	0.11	11	1	1	1	1	1			498.9	2044.4	439.7	2003.6	430.6	2018.6	439.4	1973.7	470.6	2101.5	4		430	1966	2337	11.11111	1	people	368.5385
EH	1	PROFESSIONAL	658.6	1428.3	2783.2	71.9	128.7	584.0	369.253	369.23	369.3	0.07	2	3	5	1	1	2			664.0	1443.2	658.0	1427.5	653.5	1432.6	651.9	1462.2	650.4	1524.5	4		647	1394	2550	2.35112	1	(pro)fessional	369.2524
AA	1	LOTS	685.8	1265.2	2595.8	116.8	158.1	442.7	371.34	371.306	371.407	0.101	5	1	4	1	7	3			671.3	1271.7	686.4	1264.3	698.4	1264.9	714.4	1290.8	700.8	1323.4	4		703	1261	2445	5.1417	1	lots	371.3708
EY	1	MAKE	582.5	1762.3	2397.3	64.4	139.1	181.5	371.839	371.827	371.886	0.059	21	1	6	1	2	0			582.5	1762.3	545.4	1842.0	519.4	1926.5	506.6	2031.7	512.1	2100.0	5		612	1725	2401	21.1612	1	make	371.8332
AH	1	MONEY	649.4	1120.8	2578.5	155.4	159.0	984.1	372.073	372.046	372.126	0.08	6	4	4	2	2	1			623.2	1065.2	652.6	1128.4	692.8	1242.4	716.4	1350.2	676.5	1399.6	5		608	1049	2417	6.44221	1	money	372.0549
AA	1	SPONSORED	741.8	1204.3	3195.4	88.1	135.1	546.8	372.897	372.857	372.976	0.119	5	4	4	2	1	4			706.0	1208.2	745.5	1205.6	760.9	1233.3	819.3	1364.4	797.0	1270.3	4		755	1224	2980	5.44214	1	sponsored	372.9168
UW	1	SHOE	462.1	1610.8	2102.4	143.4	236.4	125.4	373.916	373.896	373.956	0.06	72	0	0	0	5	0			459.7	1710.4	462.4	1597.7	461.3	1464.0	458.6	1324.4	441.5	1195.5	6		412	1599	2026	73.0005	1	shoe	373.92
AE	1	BRANDS	682.8	1999.7	2460.3	159.2	255.7	889.5	374.156	374.126	374.216	0.09	33	4	4	2	8	3			701.0	1956.2	681.3	2005.7	676.9	2034.8	671.3	2014.7	660.1	1939.9	4		671	2013	2418	3.44283	1	brands	374.1661
EY	1	SKATEBOARD	537.1	1932.0	2346.3	86.6	230.3	201.4	374.561	374.526	374.597	0.071	21	1	4	1	6	4			492.8	2004.8	523.6	1982.6	537.1	1932.0	535.0	1801.3	525.8	1552.5	5		530	1964	2356	21.14162	1	skateboard	374.5547
AO	2	SKATEBOARD	518.8	905.9	2195.2	109.7	93.2	753.2	374.679	374.656	374.726	0.07	64	6	4	2	1	3			566.3	968.6	518.6	908.3	531.7	963.2	533.7	1021.6	531.6	1079.8	5		551	1012	2514	64.6001	1	(skate)board	374.698
EY	1	MAKE	546.3	1836.0	2320.6	93.4	204.3	205.6	376.345	376.333	376.393	0.06	21	1	6	1	2	0			546.3	1836.0	526.4	1883.0	513.8	1933.2	513.0	1986.5	511.7	2043.5	5		552	1771	2267	21.1612	1	make	376.3386
AH	1	MONEY	698.4	1214.5	2366.1	171.9	126.2	950.2	376.565	376.542	376.612	0.07	6	4	4	2	2	1			690.2	1178.9	699.7	1223.3	704.4	1276.1	710.7	1342.7	705.0	1412.4	5		700	1195	2456	6.44221	1	money	376.5577
OW	1	THOSE	572.1	1318.8	2661.6	124.1	122.0	258.4	380.31	380.292	380.442	0.15	62	3	4	2	3	0			573.1	1276.2	571.1	1206.2	561.6	1171.5	567.5	1148.3	567.7	1202.7	4		562	1251	2506	62.3423	1	those	380.3221
UH	1	TOUR	493.8	794.6	2459.7	80.9	45.3	283.6	382.115	382.065	382.215	0.15	74	6	4	2	3	0			522.9	843.0	492.5	793.6	500.9	816.0	539.5	910.5	579.0	1053.4	5		503	794	2576	74.6003	1	tour	382.1223
EY	1	SKATE	525.1	2091.2	2545.7	92.1	159.9	234.0	383.962	383.909	384.039	0.13	21	1	4	1	6	0			493.7	2071.0	522.1	2081.2	512.8	2110.9	467.6	2102.6	447.5	1871.5	5		525	2110	2566	21.1416	1	skate	383.963
AO	1	HORSE	527.5	878.2	2342.7	60.3	124.8	323.7	384.603	384.559	384.69	0.131	64	6	4	2	0	3			524.1	839.1	527.3	883.3	528.9	928.6	536.3	968.9	530.4	1051.6	5		534	941	2405	54.6	1	horse	384.6228
IH	1	DIFFERENT	456.7	1682.0	2564.9	313.7	344.9	618.0	385.672	385.649	385.718	0.069	1	3	2	1	3	2			650.5	1700.1	419.2	1659.8	473.0	1686.0	514.7	1716.4	534.8	1711.1	5		521	1680	2302	1.32132	1	different	385.6983
EH	1	LETTERS	670.0	1312.9	2674.3	58.4	134.5	324.8	385.985	385.958	386.039	0.081	2	1	4	1	7	1			657.3	1302.7	670.9	1314.6	674.8	1335.5	662.9	1357.0	642.2	1376.5	4		667	1288	2556	2.14171	1	letters	385.9876
EY	1	PLAY	608.3	1460.3	2481.9	102.3	158.1	186.1	386.8	386.788	386.868	0.08	22	0	0	0	8	0			607.5	1494.6	598.4	1572.7	568.7	1601.8	526.4	1568.1	501.4	1441.5	5		599	1504	2464	22.0008	1	play	386.8062
EY	1	SKATEBOARDS	525.1	1980.5	2435.3	87.8	221.8	267.4	387.205	387.189	387.268	0.079	21	1	4	1	6	4			525.1	1980.5	510.4	1979.4	501.0	1980.5	501.0	1932.8	501.2	1776.5	5		514	1981	2374	21.14162	1	skateboards	387.2091
AO	2	SKATEBOARDS	509.9	863.0	2386.1	82.9	61.2	683.3	387.375	387.338	387.449	0.111	64	6	4	2	1	3			558.4	868.1	509.0	870.5	511.9	920.1	519.5	1006.6	527.0	1113.5	5		522	961	2468	64.60013	1	(skate)boards	387.4011
AH	1	MONEY	705.1	1127.5	2437.7	200.8	91.8	481.1	388.837	388.81	388.89	0.08	6	4	4	2	2	1			720.4	1129.3	706.4	1135.3	717.5	1225.2	725.3	1296.4	722.6	1360.5	5		722	1285	2668	6.44221	1	money	388.8605
AE	1	THAT	713.4	1742.7	3071.6	61.7	152.0	1254.1	389.561	389.491	389.701	0.21	3	1	4	1	3	0			710.7	1732.7	714.0	1744.1	714.4	1745.5	723.5	1774.3	700.9	1814.8	4		713	1728	2767	3.1413	1	that	389.5222
EH	1	FRIENDS	703.7	1413.3	2119.0	60.0	115.4	304.4	397.417	397.394	397.464	0.07	2	4	4	2	8	3			700.1	1398.3	703.9	1415.1	704.9	1436.6	701.8	1455.2	694.7	1472.0	5		703	1446	2191	2.44283	1	friends	397.436
AH	1	DOES	560.6	1373.1	2875.8	87.1	87.7	850.1	397.654	397.614	397.734	0.12	6	3	4	2	3	0			547.9	1424.3	563.4	1371.3	589.8	1361.1	587.4	1355.0	552.6	1328.1	4		580	1339	2604	6.3423	1	does	397.6929
IY	1	HE'S	473.8	2140.1	2651.5	195.3	116.7	253.1	398.048	398.025	398.094	0.069	11	3	4	2	0	0			463.7	2147.1	474.6	2138.6	477.8	2112.8	472.4	2064.3	464.2	2002.0	5		453	2158	2699	12.002	1	he's	398.0417
IH	1	HERE	484.1	1834.9	2088.0	117.1	270.3	300.1	398.407	398.384	398.454	0.07	14	6	4	2	0	0			482.0	1885.7	484.9	1828.0	495.2	1737.0	502.5	1636.4	506.9	1556.9	5		474	1843	2181	14.6	1	here	398.3978
AW	1	NOW	786.5	1545.6	3148.4	130.2	197.2	935.2	398.665	398.644	398.734	0.09	42	0	0	0	4	0			780.6	1560.6	802.5	1486.3	812.0	1386.3	809.8	1288.5	815.8	1220.5	4		770	1587	1663	42.0004	1	now	398.6574
EH	1	BED	671.9	1636.5	2574.9	56.0	385.9	207.2	417.673	417.633	417.752	0.119	2	1	4	2	1	0			648.0	1595.5	672.9	1639.2	668.8	1655.0	639.6	1673.0	593.1	1670.2	5		673	1644	2610	2.1421	1	bed	417.685
AA	1	COT	772.0	1409.7	2633.1	65.9	272.8	219.2	418.179	418.112	418.312	0.2	5	1	4	1	6	0			760.5	1441.1	773.3	1407.9	780.7	1411.2	774.6	1481.4	753.7	1590.9	4		759	1370	2579	5.141	1	cot	418.1791
AA	1	COT	808.7	1454.4	3937.6	135.6	370.9	763.8	419.123	419.053	419.262	0.209	5	1	4	1	6	0			936.9	1958.1	807.0	1451.5	814.5	1636.9	760.5	1602.8	746.6	1791.7	3		773	1376	2568	5.141	1	cot	419.1553
EH	1	BED	654.8	1509.7	2407.8	46.9	110.4	378.2	420.748	420.711	420.821	0.11	2	1	4	2	1	0			634.6	1472.8	656.0	1511.6	663.4	1536.8	640.6	1570.7	598.9	1610.0	5		665	1524	2480	2.1421	1	bed	420.7553
AH	1	UP	669.3	1245.3	2340.3	51.1	99.7	504.8	421.161	421.131	421.221	0.09	6	1	1	1	0	0			653.4	1293.1	671.3	1238.0	673.4	1209.9	650.6	1199.5	600.1	1165.5	5		685	1220	2445	6.111	1	up	421.1737
AA	1	NOT	821.2	1565.5	3528.9	160.3	485.8	938.7	421.982	421.942	422.063	0.121	5	1	4	1	4	0			787.8	1593.0	822.3	1561.8	826.8	1535.2	820.3	1534.8	814.5	1755.8	3		773	1349	2702	5.1414	1	not	422.0011
IH	1	THICK	541.4	1809.0	2606.4	38.7	165.2	174.8	423.026	422.999	423.079	0.08	1	1	6	1	3	0			532.6	1750.5	541.4	1813.3	540.1	1857.3	538.5	1901.4	527.4	1952.6	4		537	1823	2487	1.1613	1	thick	423.0441
EY	1	SAME	585.2	1972.3	2471.2	173.7	64.2	312.8	426.618	426.59	426.69	0.1	21	4	1	2	3	0			583.2	1912.7	579.5	2024.1	572.4	2136.6	579.8	2219.7	567.1	2255.7	5		579	1925	2382	21.4123	1	same	426.612
AY	1	LIGHTER	653.2	1246.8	2458.1	78.8	62.1	202.6	427.73	427.711	427.821	0.11	47	1	4	1	7	1			652.8	1265.2	635.9	1362.1	594.3	1505.4	538.0	1653.7	510.8	1735.6	5		665	1235	2497	47.14171	1	lighter	427.7253
AO	1	CAUGHT	676.7	1049.5	2488.6	148.5	68.5	114.8	438.011	437.951	438.131	0.18	53	1	4	1	6	0			665.9	1088.1	677.5	1049.0	687.8	1083.7	693.1	1173.9	667.1	1251.9	5		720	1079	2540	53.141	1	caught	438.0387
AY	1	LIKE	604.4	1365.6	2970.7	71.9	109.5	834.6	438.547	438.49	438.641	0.151	47	1	6	1	7	0			587.0	1297.3	604.0	1352.5	598.7	1453.9	578.4	1688.5	512.2	1889.8	4		594	1341	2484	47.1617	1	like	438.5498
AE	1	ACT	651.6	2028.7	2706.9	102.9	143.6	525.4	440.559	440.489	440.698	0.209	3	1	6	1	0	3			611.6	2167.5	656.0	2016.3	679.7	1951.4	693.5	1911.4	652.3	1911.8	4		690	1902	2553	3.16163	1	act	440.6223
UW	1	DOING	430.1	1801.1	2423.5	126.4	113.4	368.8	441.005	440.998	441.129	0.131	73	0	0	0	3	1			462.5	1670.1	490.4	1318.2	508.4	1153.5	520.8	1055.8	550.7	1079.1	5		498	1315	2356	73.4423	1	doing	441.0441
AW	1	FOUND	787.6	1283.6	2939.3	123.5	119.3	779.7	442.357	442.328	442.459	0.131	42	4	4	2	1	3			776.8	1275.9	813.9	1294.8	813.3	1257.1	815.8	1213.6	824.6	1170.6	4		800	1245	2548	42.44213	1	found	442.3873
AW	1	OUT	679.4	1387.8	2461.4	64.4	131.3	282.2	442.586	442.558	442.669	0.111	42	1	4	1	0	0			658.8	1417.7	718.4	1339.9	753.1	1316.8	748.9	1306.4	698.3	1268.2	5		755	1305	2384	42.141	1	out	442.6198
AY	1	MIGHT	725.4	1300.8	2337.2	178.3	162.0	662.5	443.05	443.018	443.148	0.13	47	1	4	1	2	0			718.8	1241.5	702.8	1480.8	581.9	1804.1	498.3	1970.8	397.9	1859.9	5		706	1310	2265	47.1412	1	might	443.0552
IY	0	BE	430.9	2236.3	2851.2	130.3	93.1	737.8	443.281	443.218	443.408	0.19	12	0	0	0	1	0			408.6	2204.5	433.9	2235.8	455.0	2251.3	471.7	2191.7	494.4	2064.2	4		410	2167	2459	12.0001	1	be	443.2526
AE	1	AFTER	638.1	1942.5	2556.0	133.8	121.8	322.7	443.471	443.408	443.597	0.189	33	3	2	1	0	4			691.0	2119.5	636.2	1943.8	632.1	1947.4	635.6	1890.7	644.5	1829.5	4		634	1939	2527	3.32104	1	after	443.4952
EH	1	BET	734.8	1398.7	2480.9	105.3	149.2	572.5	454.006	453.966	454.087	0.121	2	1	4	1	1	0			713.9	1376.0	734.3	1399.9	715.6	1431.1	678.3	1506.0	641.7	1576.1	5		737	1397	2500	2.1411	1	bet	453.9979
AO	1	MORE	538.5	892.7	2316.6	105.4	59.3	81.9	454.593	454.536	454.706	0.17	64	6	4	2	2	0			516.5	826.9	541.1	895.4	592.2	959.7	588.8	1015.6	590.8	1052.5	6		633	893	2294	64.6002	1	more	454.6144
EH	1	BET	698.2	1466.0	2453.8	37.6	93.9	530.9	456.262	456.235	456.315	0.08	2	1	4	1	1	0			667.7	1415.2	699.4	1469.9	707.7	1498.2	709.6	1518.8	711.3	1551.6	5		710	1503	2555	2.1411	1	bet	456.2767
AW	1	SOUNDS	754.4	1381.9	2330.5	87.1	197.3	468.4	456.541	456.515	456.665	0.15	42	4	4	2	3	3			775.8	1379.1	818.1	1334.4	767.5	1166.6	672.9	1079.8	582.9	988.5	6		822	1426	2608	42.44233	1	sounds	456.5552
UW	1	DO	444.7	1699.4	2261.6	103.7	239.6	424.3	459.364	459.357	459.577	0.22	73	0	0	0	3	0			470.4	1420.5	452.4	1116.8	420.5	933.6	425.7	902.7	471.3	1006.5	5		470	1480	2292	73.0003	1	do	459.3903
IY	1	CASINO	548.1	2251.9	2609.7	254.8	383.2	317.9	461.012	460.972	461.092	0.12	11	4	4	2	3	1			508.2	2077.2	551.5	2268.8	558.5	2311.4	591.9	2252.6	607.3	2162.6	5		514	2462	2607	11.44231	1	(ca)sino	461.039
AY	1	MIGHT	643.4	1240.8	2276.2	162.5	78.9	260.6	462.204	462.182	462.293	0.111	47	1	4	1	2	0			643.4	1240.8	626.8	1485.4	557.2	1737.9	473.0	1825.9	427.9	1737.3	5		656	1352	2293	47.1412	1	might	462.2118
AY	1	LIKE	615.7	1399.0	2457.4	77.7	171.6	148.6	462.561	462.523	462.663	0.14	47	1	6	1	7	0			610.3	1350.5	609.8	1501.5	571.3	1752.9	477.5	1952.5	389.0	2083.1	5		603	1320	2423	47.1617	1	like	462.5606
EH	1	BET	687.9	1434.0	2565.0	106.6	232.4	329.4	463.833	463.783	463.933	0.15	2	1	4	1	1	0			671.6	1394.5	689.8	1438.6	694.2	1507.4	667.3	1565.3	611.9	1639.9	5		676	1397	2547	2.1411	1	bet	463.8389
AH	1	RUGS	635.2	1218.3	2033.5	78.9	63.3	193.5	470.934	470.898	471.007	0.109	6	1	6	2	7	3			638.7	1233.4	633.7	1216.5	604.3	1214.2	548.0	1247.5	464.2	1273.6	5		642	1220	2068	6.1627	1	rugs	470.936
IH	1	BIGGER	484.9	1894.0	2430.9	73.3	109.7	204.8	471.901	471.871	471.962	0.091	1	1	6	2	1	1			471.1	1835.6	489.3	1891.7	509.8	1896.9	556.9	1848.3	529.5	1878.0	5		494	1888	2410	1.16211	1	bigger	471.9141
IH	1	THICKER	523.4	1854.6	2356.2	84.8	225.0	1128.9	472.903	472.883	472.943	0.06	1	1	6	1	3	1			523.4	1803.6	523.2	1861.3	523.6	1905.8	514.5	1948.5	488.5	1983.6	4		513	1838	2109	1.16131	1	thicker	472.92
AE	1	MATS	724.6	1967.4	3773.2	101.8	271.3	339.4	473.352	473.322	473.412	0.09	3	1	4	1	2	3			716.0	1912.1	725.4	1971.3	722.3	2017.6	694.1	1953.9	822.3	2048.8	3		711	1897	2921	3.1412	1	mats	473.3554
AO	1	SMALLER	709.5	989.3	2506.5	176.4	75.4	575.3	474.222	474.182	474.303	0.121	53	5	4	2	2	1			706.7	972.8	707.7	990.9	675.5	998.4	616.7	983.1	575.2	952.7	6		638	950	2783	53.54201	1	smaller	474.2767
OW	1	YOGA	546.3	1217.4	2206.8	78.2	132.1	159.2	475.973	475.964	476.084	0.12	62	1	6	2	9	1			546.5	1155.4	514.4	1057.9	489.7	1005.3	471.0	999.7	442.3	1032.7	6		567	1194	2315	62.16291	1	yoga	475.9849
AE	1	THAT	617.2	1772.4	2475.1	97.7	241.4	367.5	476.87	476.823	476.963	0.14	3	1	4	1	3	0			596.1	1812.8	618.2	1766.6	623.3	1749.2	623.7	1745.6	606.8	1741.7	5		611	1764	2500	3.1413	1	that	476.8711
UW	1	SCHOOL	373.6	1003.1	2213.6	89.8	103.9	212.6	507.948	507.922	508.001	0.079	72	5	4	2	6	0			364.3	1046.3	375.5	995.7	386.5	974.5	402.5	981.3	421.2	985.8	5		388	982	2308	72.5426	1	school	507.9573
OW	1	GO	532.3	1356.7	2128.1	61.2	168.4	267.5	508.296	508.281	508.371	0.09	63	0	0	0	6	0			537.6	1346.2	543.7	1300.3	540.2	1247.2	535.4	1228.6	519.6	1261.7	5		553	1350	2238	62.0006	1	go	508.3062
UW	1	TO	413.5	1735.4	2390.2	92.7	280.5	466.9	508.528	508.521	508.801	0.28	73	0	0	0	3	0			412.0	1514.2	400.2	1324.4	362.5	1039.2	352.8	953.3	378.0	869.1	5		422	1634	2368	73.0003	1	to	508.5658
EH	1	VERY	534.2	1869.6	2466.1	383.5	224.5	1841.6	509.265	509.242	509.311	0.069	2	6	4	2	1	1			518.6	1841.3	535.7	1871.8	549.6	1878.6	570.5	1862.8	601.8	1767.7	4		499	1664	2155	2.60011	1	very	509.268
OW	1	CODE	489.3	1264.2	2012.7	88.9	157.0	287.8	510.173	510.162	510.322	0.16	62	1	4	2	6	0			487.2	1212.7	463.0	1123.4	447.9	1082.6	442.7	1097.0	422.6	1124.0	5		504	1275	2183	62.142	1	code	510.1875
AH	1	BUTTON	593.0	1050.2	2378.1	118.5	75.8	308.0	511.257	511.224	511.323	0.099	6	1	4	1	1	1			562.0	1032.0	596.6	1054.5	616.0	1102.2	632.9	1187.6	614.7	1273.6	5		587	1042	2426	6.14111	1	button	511.2521
AW	1	DOWN	702.2	1463.2	2723.3	80.2	134.6	531.4	511.493	511.463	511.583	0.12	42	4	4	2	3	0			695.8	1485.2	715.1	1407.4	734.5	1336.6	760.3	1341.1	769.3	1356.9	4		706	1400	2597	42.4423	1	down	511.5036
ER	1	SHIRTS	538.0	1548.6	2697.9	229.9	550.5	2566.2	511.777	511.744	511.843	0.099	94	1	4	1	5	3			552.5	1571.3	535.1	1569.9	538.1	1572.8	535.7	1588.7	535.3	1627.8	4		493	1496	1642	94.60053	1	shirts	511.7659
OY	1	BOYS	523.1	902.3	2683.1	89.3	62.0	441.0	512.987	512.923	513.114	0.191	61	3	4	2	1	0			488.6	805.9	525.3	920.1	536.4	1152.4	511.2	1453.0	444.2	1771.1	5		492	802	2544	61.0021	1	boys	512.963
AE	1	AND	691.7	2149.5	2919.1	180.6	141.2	427.1	513.317	513.244	513.463	0.219	3	4	4	2	0	3			1248.7	3000.1			699.4	2387.9	623.9	2463.7	655.1	2345.4	4		694	2133	2779	3.44203	1	and	513.3686
ER	1	GIRLS	514.6	1338.5	1749.7	132.2	153.2	232.6	513.676	513.633	513.763	0.13	94	5	4	2	6	3			471.1	1387.1	515.9	1334.4	513.1	1313.2	507.0	1322.9	530.4	1285.9	6		493	1280	1671	94.60053	1	girls	513.6958
AE	1	MATTER	681.4	1689.3	2586.0	72.9	136.3	171.4	514.347	514.323	514.394	0.071	3	1	4	1	2	1			676.9	1687.1	681.6	1688.4	679.9	1673.8	674.4	1653.2	650.7	1629.9	5		691	1690	2567	3.14121	1	matter	514.3359
EH	1	SEX	635.0	1500.9	2462.0	183.5	143.4	644.9	514.8	514.763	514.873	0.11	2	1	6	1	3	3			581.2	1293.2	636.6	1500.0	661.7	1466.9	680.8	1486.2	698.6	1538.9	6		594	1493	2477	2.16133	1	sex	514.8037
EY	1	HATE	513.8	1980.6	2601.8	265.6	349.8	257.6	515.655	515.643	515.753	0.11	21	1	4	1	0	0			455.3	2078.9	440.3	2138.2	445.9	2125.5	445.7	2072.1	423.0	1882.2	5		423	2130	2647	21.141	1	hate	515.6764
ER	1	SHIRTS	490.3	1460.9	1867.1	139.7	328.7	430.1	516.149	516.102	516.242	0.14	94	1	4	1	5	3			469.4	1544.1	490.1	1452.7	480.1	1401.3	474.7	1415.9	491.4	1556.1	5		486	1414	1781	94.60053	1	shirts	516.1523
AE	1	SACKS	604.9	1748.1	2678.8	47.9	157.2	1045.6	517.126	517.072	517.233	0.161	3	1	6	1	3	3			586.7	1727.6	605.8	1749.5	617.2	1734.9	646.9	1744.9	660.0	1802.1	4		593	1716	2450	3.1613	1	sacks	517.1142
AE	1	CAN'T	635.9	2136.8	2744.5	171.3	109.0	138.2	518.148	518.115	518.215	0.1	33	4	4	2	6	3			615.2	2162.9	638.7	2133.0	649.1	2115.9	650.4	2106.1	647.2	2091.2	5		604	2122	2814	3.44203	1	can't	518.1742
IY	1	EVEN	433.9	2563.4	3805.2	253.0	172.2	312.0	518.308	518.275	518.374	0.099	11	3	2	2	0	1			455.3	2578.6	430.5	2559.1	398.0	2513.1	346.6	2403.6	607.2	2500.6	3		523	2338	2789	11.32201	1	even	518.2843
AY	1	TIE	909.6	1684.6	2664.7	663.2	304.9	76.2	518.628	518.634	518.824	0.19	41	0	0	0	3	0		m	755.3	1442.2	739.8	1324.1	739.8	1413.8	693.9	1648.1	611.2	1674.3	6		732	1288	2450	41.0003	1	tie	518.7088
AA	1	BOTTOM	665.9	1169.8	2692.0	72.8	111.3	452.7	519.314	519.264	519.414	0.15	5	1	4	1	1	1			639.7	1159.1	668.4	1171.0	692.9	1219.1	697.3	1265.0	674.2	1274.4	5		681	1224	2708	5.14111	1	bottom	519.3524
ER	1	GIRLFRIEND	499.8	1242.2	1689.6	87.9	186.8	186.7	520.117	520.084	520.184	0.1	94	5	4	2	6	4			473.8	1297.5	503.8	1233.9	539.0	1196.8	561.1	1173.8	536.3	1097.5	6		568	1301	1797	94.60051	1	girlfriend	520.1331
AE	1	JAN	586.4	1928.2	2649.6	120.3	200.8	520.1	520.63	520.583	520.723	0.14	33	4	4	2	5	0			562.4	1935.5	588.7	1926.6	604.1	1892.2	618.7	1857.4	631.5	1854.8	4		569	1968	2733	3.4425	1	Jan	520.6117
EH	1	DETENTION	681.6	1707.5	2990.8	257.0	288.5	1222.9	521.273	521.253	521.313	0.06	2	4	4	2	3	4			672.3	1706.4	683.5	1706.6	691.8	1696.6	690.1	1673.3	684.9	1663.3	4		704	1664	3053	2.44234	1	(de)tention	521.2986
EY	1	STAY	509.1	1778.5	2648.6	75.3	188.1	217.5	522.629	522.614	522.824	0.21	22	0	0	0	3	0			505.3	1863.3	496.6	1942.2	478.4	1961.8	445.7	2029.7	368.5	2096.3	4		508	1876	2681	22.0003	1	stay	522.6526
IH	1	SIX	588.4	1589.4	2485.2	114.8	106.6	516.8	523.257	523.224	523.324	0.1	1	1	6	1	3	3			570.3	1573.8	591.9	1590.2	606.5	1616.2	607.4	1668.5	597.1	1714.1	5		539	1577	2481	1.16133	1	six	523.2467
AA	1	SOCKS	695.9	1298.0	2898.3	65.7	142.6	1247.8	524.74	524.687	524.846	0.159	5	1	6	1	3	3			676.5	1378.0	699.0	1295.2	716.9	1297.9	719.1	1329.5	718.2	1420.0	4		694	1265	2202	5.1613	1	socks	524.7494
AA	2	FLIPFLOPS	677.0	1168.8	2366.4	114.5	193.3	310.4	525.975	525.939	526.048	0.109	5	1	1	1	8	3			661.3	1147.8	678.4	1171.0	678.1	1175.9	661.2	1177.8	655.7	1159.4	6		666	1141	2510	5.1118	1	(flip)flops	525.9681
AA	1	MONITOR	730.6	1329.1	3025.0	75.9	202.6	1062.4	527.152	527.102	527.251	0.149	5	4	4	2	2	2			727.9	1254.4	730.4	1335.0	722.1	1368.1	704.3	1373.0	685.0	1385.3	4		719	1345	2683	5.44222	1	monitor	527.1715
AO	1	STALKS	658.0	1135.8	2413.6	84.5	104.3	542.6	527.651	527.601	527.751	0.15	53	1	6	1	3	3			625.7	1197.8	659.5	1131.8	658.4	1103.9	649.4	1114.9	647.7	1192.6	5		663	1108	2247	53.1613	1	stalks	527.6764
IY	1	SEE	376.8	2008.7	2536.7	159.6	162.5	419.4	528.288	528.251	528.361	0.11	12	0	0	0	3	0			391.7	1954.3	375.8	2013.7	380.4	2086.7	393.3	2110.7	370.3	1998.4	5		360	2154	2630	12.0003	1	see	528.3335
AW	1	OUT	662.9	1380.3	2251.1	80.8	133.3	480.4	528.842	528.792	528.952	0.16	42	1	4	1	0	0			606.8	1455.4	676.1	1366.7	691.2	1309.7	664.1	1231.0	625.7	1233.7	5		686	1304	2458	42.141	1	out	528.8843
AO	2	UNIFORM	492.1	814.0	2165.4	138.6	81.5	163.7	529.405	529.372	529.472	0.1	64	6	4	2	1	3			464.4	794.6	500.3	820.1	555.0	882.3	584.4	953.8	622.1	1019.9	6		640	866	2250	54.6001	1	(uni)form	529.4251
AA	1	JOHN	727.2	1393.5	2540.2	78.6	201.3	1219.4	530.85	530.81	530.93	0.12	5	4	4	2	5	0			706.0	1459.4	729.2	1386.4	740.7	1358.9	735.5	1414.1	725.3	1649.9	5		730	1306	2026	5.4425	1	John	530.8684
EH	1	SUSPENDED	656.5	1341.6	2473.4	98.8	192.4	656.7	531.44	531.41	531.5	0.09	2	4	4	2	1	4			609.4	1384.8	660.8	1344.0	692.8	1372.5	704.2	1453.7	708.5	1536.9	5		691	1361	2550	2.44213	1	(su)spended	531.4579
EH	1	SAID	620.9	1509.8	2572.7	89.4	100.7	347.5	532.451	532.421	532.511	0.09	2	1	4	2	3	0			597.8	1523.7	622.4	1509.1	616.7	1502.0	575.9	1483.8	507.0	1449.4	5		607	1493	2629	2.1423	1	said	532.4549
AH	1	SUCKS	610.2	1188.9	2556.1	60.9	198.4	463.8	533.354	533.301	533.461	0.16	6	1	6	1	3	3			593.8	1246.7	609.7	1171.7	618.6	1134.8	617.5	1234.3	519.2	1425.4	5		646	1257	2570	6.1613	1	sucks	533.3951
IY	1	SEE	392.2	2057.0	2704.4	200.0	127.6	188.2	534.381	534.344	534.454	0.11	12	0	0	0	3	0			395.2	1937.1	392.2	2060.3	376.7	2091.1	371.3	2116.6	361.8	1730.2	5		360	2088	2648	12.0003	1	see	534.4011
AO	1	WRONG	688.0	1072.4	2175.3	81.3	116.6	667.6	534.856	534.823	534.923	0.1	53	4	6	2	7	0			683.0	1088.7	688.8	1071.3	692.5	1071.3	693.4	1082.9	641.5	979.9	6		674	1049	2200	53.46273	1	wrong	534.8735
AA	1	FATHER	663.4	1078.8	2427.1	63.4	59.4	518.0	536.524	536.477	536.618	0.141	43	3	3	2	1	1			648.3	1066.0	664.1	1079.6	668.5	1097.6	653.3	1116.0	626.2	1147.0	5		675	1095	2562	43.33111	1	father	536.5412
EH	1	SAYS	559.7	1432.8	2518.0	122.9	153.8	215.6	536.894	536.877	536.927	0.05	2	3	4	2	3	0			559.7	1447.4	559.7	1432.8	561.5	1423.6	565.0	1426.3	564.0	1434.9	5		557	1405	2511	2.3413	1	says	536.9089
IY	1	MEAN	453.4	2294.9	2548.6	195.8	563.1	424.7	538.342	538.302	538.421	0.119	11	4	4	2	2	0			456.2	2249.3	451.9	2289.8	448.5	2260.5	457.3	2207.7	464.4	2152.5	4		469	2361	2693	11.4422	1	mean	538.3548
IH	1	SICK	514.0	1538.5	2506.4	105.6	212.9	337.7	539.191	539.174	539.224	0.05	1	1	6	1	3	0			512.0	1522.1	514.0	1538.5	514.7	1571.7	514.9	1604.9	511.1	1635.2	5		502	1512	2558	1.1613	1	sick	539.1877
UW	1	SCHOOL	393.4	979.1	2299.2	111.3	82.3	412.4	539.748	539.724	539.795	0.071	72	5	4	2	6	0			390.8	1037.6	393.2	974.8	392.4	942.0	422.7	996.5	485.7	1134.8	5		404	986	2509	72.5426	1	school	539.7494
AA	1	COT	795.5	1431.7	2604.0	161.7	184.1	443.2	560.389	560.319	560.529	0.21	5	1	4	1	6	0			815.5	1464.1	791.3	1429.8	751.4	1420.2	731.6	1468.2	685.3	1588.4	4		765	1385	2399	5.141	1	cot	560.3897
AO	1	CAUGHT	683.1	1095.5	2448.3	79.9	70.1	291.2	561.35	561.307	561.437	0.13	53	1	4	1	6	0			677.1	1107.7	684.8	1094.8	694.9	1091.3	687.1	1101.1	656.3	1098.0	5		690	1085	2470	53.141	1	caught	561.3659
AW	1	PRONOUNCED	716.6	1369.0	2970.9	135.2	268.4	2579.5	565.101	565.077	565.177	0.1	42	4	4	2	4	3			714.1	1392.6	722.2	1322.0	725.7	1281.9	721.7	1246.0	702.4	1204.7	4		705	1238	2269	42.44243	1	(pro)nounced	565.1277
AA	1	DON	766.1	1357.6	3043.2	102.0	322.5	1659.7	571.731	571.651	571.89	0.239	5	4	4	2	3	0			754.8	1560.4	766.3	1354.4	775.3	1377.2	793.8	1443.5	761.7	1434.2	4		777	1382	3148	5.4423	1	Don	571.7361
AO	1	DAWN	708.1	1137.2	2047.7	116.1	83.2	2367.2	572.343	572.27	572.49	0.22	53	4	4	2	3	0			697.0	1208.4	705.7	1126.1	703.9	1100.5	711.2	1131.3	730.5	1145.9	5		715	1107	2670	53.4423	1	dawn	572.36
AA	1	FATHER	699.9	1186.7	2784.3	100.6	134.7	551.2	579.741	579.684	579.855	0.171	43	3	3	2	1	1			677.9	1178.5	700.9	1187.0	708.0	1204.6	681.3	1211.9	616.2	1204.5	4		688	1169	2589	43.33111	1	father	579.7572
AA	1	BOTHER	738.1	1150.8	2407.0	48.7	133.9	217.8	580.428	580.374	580.535	0.161	5	3	3	2	1	1			740.3	1189.4	737.0	1148.2	727.7	1150.8	685.7	1167.0	601.6	1159.6	6		734	1135	2527	5.33111	1	bother	580.436
AH	1	SOMEWHAT	692.7	1304.7	3134.8	119.3	250.9	1212.6	582.344	582.324	582.384	0.06	6	4	1	2	3	1			690.5	1385.2	693.0	1294.2	694.8	1215.5	697.3	1166.4	686.0	1119.4	4		687	1242	3250	6.41232	1	somewhat	582.347
IH	1	NEARER	472.4	2458.1	3561.0	190.7	241.6	132.2	586.36	586.307	586.466	0.159	14	6	4	2	4	1			442.6	2545.1	474.0	2427.2	457.3	2103.5	462.9	1928.9	454.2	1819.3	4		437	2531	3601	14.60041	1	nearer	586.3413
IH	1	MIRROR	526.4	1982.2	3762.4	159.1	101.4	399.7	587.263	587.236	587.316	0.08	14	6	4	2	2	1			521.3	1991.2	526.7	1978.8	530.5	1929.4	534.9	1885.6	538.8	1843.5	3		524	1971	3724	1.60021	1	mirror	587.2653
EH	1	VERY	514.0	1637.4	2090.0	87.3	175.9	295.1	589.37	589.347	589.417	0.07	2	6	4	2	1	1			509.4	1620.0	514.6	1638.9	520.1	1645.2	524.7	1644.1	522.2	1632.2	5		514	1641	2109	2.60011	1	very	589.3738
EY	1	SAY	549.1	1598.4	2471.5	114.4	140.9	572.2	590.323	590.288	590.387	0.099	22	0	0	0	3	0			538.8	1547.5	549.1	1598.4	548.9	1636.3	543.9	1685.5	531.7	1736.6	5		525	1472	2419	22.0003	1	say	590.287
UW	1	FOOL	394.6	822.4	2205.3	141.5	179.6	845.0	592.351	592.294	592.464	0.17	72	5	4	2	1	0			376.5	794.4	395.6	823.2	408.6	838.1	432.2	860.7	478.5	905.6	6		462	899	2758	72.5421	1	fool	592.4224
AH	1	SOMEWHAT	682.2	1308.6	2857.0	143.2	152.3	524.4	596.29	596.27	596.33	0.06	6	4	1	2	3	1			658.3	1312.9	684.7	1306.6	706.3	1277.9	723.7	1236.0	729.9	1203.2	4		686	1255	2645	6.41232	1	somewhat	596.3005
IY	1	SEE	383.1	2092.0	3807.8	231.1	266.6	678.0	597.044	597.02	597.091	0.071	12	0	0	0	3	0			490.6	2127.5	381.7	2100.8	369.4	2159.9	367.4	2194.6	378.2	2179.4	4		355	2190	2199	12.0003	1	see	597.0685
EY	1	SAYING	605.3	2063.4	4004.1	137.4	312.2	271.7	597.61	597.571	597.65	0.079	21	0	0	0	3	1			581.9	1876.2	598.1	1926.6	605.3	2063.4	602.2	2211.9	593.7	2260.4	3		534	1692	2429	21.4423	1	saying	597.5823
ER	1	SLURRED	529.5	1410.5	1823.0	75.3	147.8	264.9	598.378	598.341	598.451	0.11	94	1	4	2	8	0			534.3	1370.0	529.0	1414.9	515.6	1491.9	507.6	1532.7	493.1	1522.1	5		514	1487	1757	94.6008	1	slurred	598.3954
IH	1	BIT	577.9	1506.9	2619.6	82.3	96.5	605.1	599.031	599.001	599.091	0.09	1	1	4	1	1	0			575.2	1492.7	577.9	1507.1	581.6	1504.9	567.3	1492.2	546.2	1469.9	4		572	1494	2565	1.1411	1	bit	599.0255
AA	1	FARM	645.3	1033.3	2298.8	35.7	64.6	164.0	616.33	616.293	616.403	0.11	44	6	4	2	1	3			626.4	1049.8	647.4	1032.6	687.4	1052.7	711.4	1121.1	717.0	1217.9	5		717	1158	2139	44.6001	1	farm	616.3711
AH	1	DUSK	610.7	1391.2	3123.1	58.1	151.0	1062.6	617.023	616.973	617.122	0.149	6	3	4	1	3	3			575.1	1453.1	614.6	1384.0	644.5	1304.2	648.8	1279.1	650.0	1290.6	4		641	1273	2440	6.34133	1	dusk	617.0552
AY	1	SIGHT	625.3	1456.9	2520.8	58.7	106.5	374.1	617.832	617.792	618.003	0.211	47	1	4	1	3	0			625.2	1467.6	560.4	1721.8	478.5	2043.8	421.2	2195.0	414.6	2180.3	5		619	1385	2346	47.1413	1	sight	617.8197
AA	1	SOCKS	730.3	1268.1	2737.2	76.9	198.6	935.3	618.756	618.703	618.863	0.16	5	1	6	1	3	3			702.2	1346.6	734.2	1263.7	751.2	1269.8	764.3	1304.0	765.9	1337.2	4		732	1220	2426	5.1613	1	socks	618.7878
EH	1	ELEMENTARY	655.7	1675.9	2427.8	102.9	161.1	1113.5	619.949	619.932	619.982	0.05	2	4	4	2	2	4			653.6	1650.3	655.7	1675.9	657.9	1709.0	654.4	1728.9	648.1	1740.1	5		649	1704	2361	2.44225	1	(ele)mentary	619.9498
AY	1	HIGHSCHOOL	760.1	1301.3	2348.2	112.7	275.1	644.8	620.891	620.881	620.991	0.11	47	3	4	1	0	4			730.5	1304.4	701.7	1387.4	654.3	1510.5	594.6	1683.1	531.2	1770.8	5		677	1453	2267	47.34201	1	highschool	620.9306
UW	2	HIGHSCHOOL	408.9	1006.6	2226.8	92.8	114.0	582.7	621.169	621.152	621.202	0.05	72	5	4	2	6	0			403.7	1016.2	408.9	1006.6	413.9	981.0	412.0	953.1	410.1	934.2	6		405	946	2416	72.5426	1	(high)school	621.1847
OW	1	BOAT	535.6	1109.1	2100.5	73.2	74.5	1677.1	621.869	621.851	622.012	0.161	62	1	4	1	1	0			546.5	1106.9	536.9	1079.4	526.1	1011.4	499.2	964.7	449.5	965.4	6		559	1131	2463	62.1411	1	boat	621.8762
AY	1	SLIDER	681.0	1268.2	2413.7	59.5	123.1	527.0	622.949	622.907	623.027	0.12	41	1	4	2	8	1			673.0	1200.0	681.0	1268.2	668.8	1405.4	637.8	1584.6	608.6	1704.0	5		681	1292	2396	41.14281	1	slider	622.9552
IH	1	SIX	518.5	1778.2	2576.2	91.8	128.8	1722.9	623.824	623.797	623.878	0.081	1	1	6	1	3	3			507.3	1758.6	518.9	1779.2	524.1	1799.2	522.9	1822.0	520.5	1857.8	4		517	1762	2328	1.16133	1	six	623.8305
AY	1	TIGER	781.8	1449.3	2446.2	146.9	271.1	867.0	624.737	624.73	624.87	0.14	41	1	6	2	3	1			747.8	1397.0	727.7	1467.0	676.2	1577.7	624.0	1732.0	558.3	1885.3	5		730	1413	2385	41.25231	1	tiger	624.7743
ER	1	BURN	609.2	1274.7	1718.6	112.4	167.3	167.4	625.713	625.64	625.86	0.22	94	4	4	2	1	0			575.9	1244.0	608.7	1277.1	596.6	1306.8	595.6	1360.5	584.2	1396.9	5		604	1341	1703	94.6001	1	burn	625.7551
OW	1	GO	526.0	1278.0	2169.9	50.7	93.4	282.8	627.656	627.627	627.867	0.24	63	0	0	0	6	0			557.1	1205.7	539.9	1078.1	512.4	969.1	478.7	877.9	439.2	825.1	5		574	1220	2350	62.0006	1	go	627.6769
AO	1	STALKS	645.4	1139.5	2304.1	38.3	76.9	219.4	628.799	628.726	628.945	0.219	53	1	6	1	3	3			598.3	1148.0	648.7	1123.3	650.8	1050.4	652.1	1048.9	663.8	1084.0	6		666	1079	2544	53.1613	1	stalks	628.8362
AY	1	WIDE	712.0	1284.2	2350.9	46.5	92.5	386.0	629.854	629.776	629.986	0.21	41	1	4	2	9	0		m	689.4	1110.1	711.3	1259.7	676.0	952.5	626.9	1055.3	520.4	1017.4	6		705	1353	2488	41.1429	1	wide	629.8657
IH	2	INVENTORY	630.4	1944.0	2828.0	256.7	220.7	672.2	630.515	630.485	630.575	0.09	1	4	4	2	0	5			681.0	1874.2	632.1	1948.6	640.3	1929.4	624.9	1922.4	589.5	1899.7	5		610	1951	2836	1.44205	1	inventory	630.5417
AO	1	INVENTORY	544.3	1122.4	2187.0	195.9	161.0	275.5	630.901	630.864	630.974	0.11	64	6	4	2	3	1			506.7	1182.4	545.9	1118.2	557.9	1048.7	550.7	994.7	544.0	1023.0	6		579	1031	2121	54.60031	1	(inven)tory	630.9384
ER	1	FIRM	542.1	1266.6	1610.0	114.7	144.0	398.4	632.091	632.024	632.225	0.201	94	4	1	2	1	0			521.4	1232.5	542.3	1271.3	557.0	1315.5	573.0	1372.9	617.4	1335.9	6		574	1371	1679	94.6001	1	firm	632.1201
AY	1	SPIDER	621.1	1258.1	2337.9	56.8	75.2	317.4	633.299	633.235	633.394	0.159	41	1	4	2	1	1		m	511.0	1099.2	617.0	1204.5	599.6	1018.1	554.4	933.3	484.0	944.1	6		626	1255	2536	41.14211	1	spider	633.2956
EH	1	DESK	638.6	1573.4	2565.4	43.7	151.1	708.4	634.291	634.244	634.384	0.14	2	3	4	1	3	3			607.2	1623.3	642.2	1567.6	658.5	1529.8	647.8	1528.7	635.2	1522.8	5		652	1492	2467	2.34133	1	desk	634.3116
EH	1	RUDIMENTARY	699.3	1677.3	2733.7	134.4	241.4	1532.0	635.508	635.491	635.542	0.051	2	4	4	2	2	5			695.5	1660.8	699.6	1681.1	681.3	1676.4	668.7	1466.3	650.7	1312.1	5		682	1650	3088	2.44225	1	(rudi)mentary	635.5006
AY	1	WHITE	613.8	1238.3	2253.4	42.4	68.8	304.7	636.67	636.672	636.821	0.149	47	1	4	1	9	0		m	539.6	947.3	475.8	949.9	414.9	1074.8	383.3	1052.4	363.2	1086.2	6		593	1088	2463	47.1419	1	white	636.6526
EY	1	CRAYON	514.6	2019.5	2471.0	95.9	225.0	770.3	637.761	637.707	637.816	0.109	21	0	0	0	8	1			495.5	2043.9	489.4	2066.9	514.6	2019.5	609.9	1971.4	672.0	1871.0	5		516	1635	2140	21.4428	1	crayon	637.6983
OW	1	HOME	706.2	1050.0	2410.7	213.0	187.6	464.0	638.784	638.777	638.946	0.169	62	4	1	2	0	0			628.4	980.9	602.2	922.8	593.1	891.6	569.9	818.0	629.0	780.8	5		614	935	2530	62.412	1	home	638.8332
EH	1	SEX	633.1	1538.6	2691.0	31.8	184.5	149.5	639.838	639.791	639.931	0.14	2	1	6	1	3	3			600.3	1569.2	636.1	1534.0	657.8	1511.7	657.5	1535.3	652.3	1594.8	5		647	1423	2664	2.16133	1	sex	639.8546
AY	1	TIED	780.6	1402.8	2323.1	136.6	240.5	483.5	640.692	640.68	640.93	0.25	41	1	4	2	3	0			746.9	1333.3	745.1	1355.0	735.3	1458.7	650.8	1724.9	537.9	1958.6	5		748	1350	2389	41.0023	1	tied	640.7578
AE	1	BAG	597.2	2278.7	3618.0	69.2	407.1	575.5	641.903	641.826	642.056	0.23	3	1	6	2	1	0			597.7	2134.6	596.1	2290.9	625.2	2227.3	651.1	2083.5	659.8	1980.4	3		595	1768	2608	3.1621	1	bag	641.936
OW	1	NO	591.1	1444.0	2136.6	89.4	347.9	1159.3	642.91	642.886	643.146	0.26	63	0	0	0	4	0			601.1	1288.9	584.6	1125.9	504.6	959.2	509.6	1067.7	523.4	794.7	5		608	1362	2387	62.0004	1	no	642.9276
AY	1	RIDING	667.8	1389.6	2017.3	40.6	130.2	217.1	644.013	643.993	644.122	0.129	41	1	4	2	7	1		m	665.3	1410.7	624.4	1167.9	581.9	972.2	534.3	955.3	493.2	969.7	6		642	1448	2007	41.1427	1	riding	644.0309
AE	1	SACKS	606.7	1764.2	2759.9	79.9	190.6	597.9	645.012	644.962	645.113	0.151	3	1	6	1	3	3			593.1	1753.7	607.0	1765.6	619.2	1774.4	626.4	1785.9	637.0	1824.2	4		603	1712	2540	3.1613	1	sacks	645.0198
EH	2	SEDIMENTARY	617.5	1619.3	2718.6	83.4	94.4	109.2	646.062	646.042	646.102	0.06	2	1	4	2	3	2			617.7	1634.8	617.4	1616.6	611.9	1588.3	589.2	1554.0	522.1	1508.1	5		611	1616	2733	2.14232	1	sedimentary	646.0628
EH	1	SEDIMENTARY	639.4	1739.2	2772.9	120.3	153.3	632.0	646.288	646.271	646.321	0.05	2	4	4	2	2	5			638.3	1731.7	639.4	1739.2	640.8	1744.9	640.5	1751.4	639.3	1761.7	5		620	1738	2924	2.44225	1	(sedi)mentary	646.2926
AY	1	MINOR	727.5	1279.5	2125.0	63.0	156.9	647.3	647.742	647.696	647.846	0.15	41	4	4	2	2	1			719.9	1227.9	726.6	1303.7	720.4	1478.6	706.9	1742.9	680.4	1863.6	5		737	1300	2385	41.44221	1	minor	647.7386
AA	1	MA	757.1	1345.8	3092.0	54.7	186.7	704.7	650.566	650.523	650.653	0.13	43	0	0	0	2	0			764.4	1321.3	757.1	1349.6	761.9	1384.8	769.4	1406.5	770.9	1445.2	4		755	1341	3122	43.0002	1	ma	650.5682
AA	1	PA	742.1	1265.8	2716.8	86.0	197.6	380.6	650.965	650.872	651.152	0.28	43	0	0	0	1	0			716.2	1231.6	744.8	1267.0	740.8	1270.4	733.0	1278.4	762.7	1345.8	4		723	1233	2565	43.0001	1	pa	650.9522
AY	1	TIDE	724.5	1463.6	2564.0	69.7	195.6	536.2	653.31	653.286	653.556	0.27	41	1	4	2	3	0			715.6	1348.3	721.7	1375.1	708.3	1482.1	629.5	1701.4	528.4	1845.2	5		721	1327	1339	41.1423	1	tide	653.3573
AY	1	WHINER	709.9	1289.3	2192.9	59.9	156.7	841.0	654.644	654.615	654.736	0.121	41	4	4	2	9	1			709.2	1253.0	705.7	1390.8	687.9	1498.9	665.9	1525.1	640.2	1593.9	5		724	1310	2310	41.44291	1	whiner	654.6418
AA	1	BARN	636.1	1080.2	2048.2	61.9	82.3	352.4	656.32	656.283	656.394	0.111	44	6	4	2	1	3			620.6	1062.6	637.9	1082.8	644.7	1105.5	654.0	1138.8	683.5	1178.2	6		681	1195	1846	44.6001	1	barn	656.3843
AO	1	HORSE	528.7	882.0	2165.0	120.4	82.1	519.2	657.457	657.413	657.544	0.131	64	6	4	2	0	3			567.8	819.7	528.9	886.4	532.7	918.3	530.0	953.9	525.0	1034.6	5		522	916	1917	54.6	1	horse	657.4795
AY	1	SIDE	721.0	1420.4	3107.6	69.0	181.3	1203.2	658.556	658.484	658.723	0.239	41	1	4	2	3	0			712.4	1407.4	717.5	1423.2	700.7	1480.8	637.6	1624.8	549.0	1823.5	4		715	1390	2481	41.1423	1	side	658.5631
AH	1	SUCKS	652.7	1224.1	2273.2	37.5	78.1	315.0	659.691	659.648	659.777	0.129	6	1	6	1	3	3			615.5	1158.2	655.7	1220.4	669.1	1226.7	666.8	1211.7	689.3	1205.9	6		658	1205	2186	6.1613	1	sucks	659.7034
EY	1	VAGUE	534.9	1769.4	2663.9	281.9	326.8	686.9	661.861	661.848	662.068	0.22	21	1	6	2	1	0			483.1	1837.9	473.3	1936.3	455.2	1640.7	409.7	1652.6	387.7	1334.6	5		470	1867	2635	21.16211	1	vague	661.9119
AY	1	MINER	740.6	1471.7	2501.9	95.1	194.4	1210.1	662.961	662.928	663.058	0.13	41	4	4	2	2	1			738.7	1417.8	737.2	1587.3	730.7	1753.8	706.0	1861.3	664.8	1907.9	5		731	1408	2451	41.44221	1	miner	662.9549
EH	1	MARY	604.5	1941.9	2327.4	96.2	162.7	329.7	664.057	664.017	664.138	0.121	2	6	4	2	2	1			613.8	1935.3	603.7	1941.0	601.7	1911.4	587.6	1835.2	552.0	1717.1	6		554	2064	2233	24.60021	1	Mary	664.0466
AE	1	GRAHAM	698.8	1900.4	3800.2	128.1	131.5	1457.5	665.145	665.118	665.198	0.08	33	4	1	2	8	0			705.3	1855.6	697.5	1901.8	684.1	1912.0	670.7	1927.3	656.3	1931.4	3		668	1909	2043	3.00081	1	graham	665.158
AE	1	CRACKER	600.1	1807.6	2608.1	162.7	209.1	1508.0	665.465	665.438	665.518	0.08	3	1	6	1	8	1			588.7	1775.1	600.8	1808.6	614.5	1827.4	618.6	1876.2	686.6	1941.6	4		575	1648	2167	3.16181	1	cracker	665.4672
AA	1	PROBABLY	723.7	1408.1	3173.9	95.7	256.2	1592.6	674.408	674.391	674.441	0.05	5	1	1	2	8	2			724.0	1428.3	723.7	1408.1	713.0	1388.0	690.9	1346.2	668.2	1299.6	4		663	1477	1867	5.11282	1	probably	674.3672
AA	1	NOT	751.2	1486.9	3271.3	125.7	402.1	982.1	674.827	674.78	674.92	0.14	5	1	4	1	4	0			734.2	1604.2	753.3	1471.5	775.1	1386.7	764.2	1424.3	731.8	1467.2	4		782	1377	3241	5.1414	1	not	674.8512
IH	1	DIFFERENCE	552.2	1601.7	2538.5	61.7	181.6	283.0	675.651	675.631	675.69	0.059	1	3	2	1	3	2			544.5	1622.9	552.5	1598.9	553.0	1577.0	552.9	1555.1	545.2	1532.9	5		544	1533	2453	1.32132	1	difference	675.6563
EY	1	SAME	645.6	1953.3	2501.6	99.6	143.2	422.6	679.831	679.802	679.881	0.079	21	4	1	2	3	0			637.4	1888.9	645.6	1948.4	639.7	2000.3	634.3	2050.8	625.9	2091.3	5		626	1977	2590	21.4123	1	same	679.8299
UW	1	TOO	459.4	1869.0	2431.5	141.6	254.5	236.2	680.098	680.091	680.271	0.18	73	0	0	0	3	0			455.7	1764.3	465.7	1480.4	474.4	1263.2	468.6	1117.4	450.3	1030.3	5		448	1739	2311	73.0003	1	too	680.1292
AO	1	MORE	611.1	904.6	2181.1	98.0	100.3	156.9	682.189	682.162	682.242	0.08	64	6	4	2	2	0			589.4	854.6	612.2	909.4	620.4	970.9	618.0	1019.2	612.4	1059.7	6		647	986	2173	64.6002	1	more	682.2025
AY	1	LIKE	616.1	1247.2	2526.2	83.8	160.8	576.0	682.399	682.412	682.492	0.08	47	1	6	1	7	0			604.1	1479.3	584.8	1591.0	562.8	1704.8	533.5	1833.6	487.4	1969.1	4		605	1273	2329	47.1617	1	like	682.408
AO	1	SMALL	683.2	972.4	3088.2	126.0	90.6	751.3	683.22	683.19	683.28	0.09	53	5	4	2	2	0			687.6	977.2	682.8	972.2	676.8	972.7	671.2	981.6	652.5	996.6	4		656	962	2552	53.542	1	small	683.2293
IH	1	PICKING	493.1	1783.2	2292.4	109.2	243.6	356.1	695.504	695.48	695.551	0.071	1	1	6	1	1	1			479.6	1759.6	492.6	1785.7	486.7	1833.1	465.3	1909.9	434.6	2019.7	5		501	1812	2273	1.1611	1	picking	695.5105
AH	1	UP	686.2	1291.2	2365.8	63.1	116.0	292.6	695.724	695.701	695.77	0.069	6	1	1	1	0	0			683.1	1321.1	686.3	1287.7	684.5	1255.3	670.6	1229.1	633.7	1117.4	6		681	1322	2394	6.111	1	up	695.716
AE	1	ACCENTS	616.0	1698.1	2589.2	62.0	142.5	142.2	696.31	696.26	696.41	0.15	3	1	6	1	0	4			603.0	1725.2	616.8	1699.1	627.6	1721.3	631.9	1738.0	621.9	1779.2	5		575	1704	2522	3.16104	1	accents	696.2893
EY	1	SAYINGS	587.9	1996.1	3525.5	236.8	403.3	1665.8	697.335	697.31	697.471	0.161	21	0	0	0	3	1			582.3	2057.6	564.0	2151.9	518.1	2287.3	482.9	2296.4	487.8	2341.7	3		558	1767	2620	21.46233	1	sayings	697.3404
