v	N	f1_man_mean	f1_auto_mean	f1_diff	f2_man_mean	f2_auto_mean	f2_diff	f1_man_sd	f1_auto_sd	f2_man_sd	f2_auto_sd	f1_rmse	f2_rmse	f1_diff_mean	f1_diff_sd	f2_diff_mean	f2_diff_sd	f1_abs_diff_mean	f1_abs_diff_sd	f2_abs_diff_mean	f2_abs_diff_sd	f1_p	f1_t	f2_p	f2_t	f1_p_paired	f1_t_paired	f2_p_paired	f2_t_paired	f1_r	f2_r
all	358	595.3743	589.0441	6.330168	1446.709	1472.07	25.36061	123.4529	123.08	342.2801	332.5104	33.67266	107.0765	6.330168	33.11858	-25.36061	104.1755	19.95084	27.16382	57.62877	90.37213	NA	NA	NA	NA	NA	NA	NA	NA	0.9639115	0.9527417
AY	36	735.4722	739.6889	4.216667	1380.333	1398.956	18.62222	68.43453	77.15221	142.6971	132.1373	49.0189	117.6182	-4.216667	49.52996	-18.62222	117.7821	30.55556	38.874	66.08889	98.6751	0.8069351	-0.245322	0.5674676	-0.5745215	0.6126968	-0.5108019	0.3493059	-0.9486448	0.7748792	0.6350926
EY	14	496.5	501.7429	5.242857	1854.429	1850.207	4.221429	54.77331	57.22455	164.3035	136.6489	11.5281	122.6037	-5.242857	10.65448	4.221429	127.1564	9.142857	7.286839	69.29286	104.9624	0.8063564	-0.2476472	0.9416648	0.07391197	0.08852134	-1.841194	0.9030427	0.1242182	0.98285	0.656956
IY	24	399.5417	393.0583	6.483333	1911.667	1934.517	22.85	42.24049	38.74078	141.8078	94.073	19.51941	79.50486	6.483333	18.80723	-22.85	77.78835	13.66667	14.23638	48.94167	64.00329	0.5821786	0.5541524	0.5144338	-0.6578073	0.1047708	1.688804	0.1636062	-1.439055	0.895668	0.8586081
AA	42	746.9048	741.45	5.454762	1326.167	1346.143	19.97619	62.83964	58.35213	115.6167	147.4002	26.45414	65.70108	5.454762	26.19943	-19.97619	63.34931	17.75	19.85305	48.05238	45.34938	0.6812488	0.4122349	0.4915852	-0.6910678	0.184645	1.3493	0.04745433	-2.043598	0.9091486	0.9118955
AH	19	636.8421	622.0579	14.78421	1247.684	1267.484	19.8	46.46536	33.48095	134.5206	132.7419	31.70687	68.24938	14.78421	28.81773	-19.8	67.10391	22.78421	22.65429	51.33684	46.20463	0.2686813	1.125221	0.6506471	-0.4566773	0.03823769	2.236224	0.2146867	-1.286158	0.7872775	0.874002
AE	38	638.0526	635.0211	3.031579	1774.316	1775.892	1.576316	57.11674	54.61239	141.6282	137.5423	21.17359	57.73467	3.031579	21.23674	-1.576316	58.48786	13.62632	16.42386	34.25526	47.09824	0.8137125	0.2364832	0.9608774	-0.04921914	0.38455	0.8799802	0.8689528	-0.1661381	0.9287132	0.9126243
AO	35	581.1714	561.7457	19.42571	932.5714	941.0629	8.491429	73.5065	74.72777	148.0358	164.3361	34.46498	57.03114	19.42571	28.88449	-8.491429	57.21879	26.48286	22.37859	39.36	41.8741	0.2767795	1.096384	0.8210144	-0.2271262	0.000344148	3.978747	0.3861261	-0.8779628	0.9241921	0.9381714
ER	15	466	469.5667	3.566667	1324.067	1328.567	4.5	45.89429	43.10873	110.1236	115.5421	15.35641	40.57854	-3.566667	15.46072	-4.5	41.74371	13.14	8.226247	28.7	29.69358	0.8279482	-0.2193844	0.9138325	-0.1091899	0.3867085	-0.8934669	0.6826375	-0.4175102	0.9415514	0.9326788
UW	11	390.6364	409.6727	19.03636	1095.636	1245.709	150.0727	55.53967	81.86185	312.3355	434.3231	93.07133	348.6248	-19.03636	95.5504	-150.0727	330.029	41.16364	87.54776	168.6	320.0385	0.5315429	-0.6382302	0.3643665	-0.9304025	0.523692	-0.6607662	0.1624401	-1.508155	0.07215734	0.6533909
OW	30	553.3	538.49	14.81	1146.133	1268.547	122.4133	66.37207	51.50047	181.0229	223.1632	39.96225	169.9562	14.81	37.75117	-122.4133	119.9141	25.05667	31.66329	124.3	117.8893	0.3385091	0.965581	0.0232719	-2.333326	0.04013589	2.148747	4.912402e-06	-5.591379	0.8238856	0.8440057
EH	40	618.975	611.9075	7.0675	1591.125	1611.303	20.1775	62.98941	62.08425	140.0264	130.8509	23.23406	69.46235	7.0675	22.41502	-20.1775	67.31394	16.5575	16.50706	45.4025	53.23997	0.6147048	0.505398	0.5074664	-0.665872	0.05316119	1.994145	0.06541413	-1.895799	0.9358657	0.8786476
IH	33	479.2727	471.1788	8.093939	1841.182	1814.403	26.77879	37.06183	34.75023	132.8325	123.5924	16.42335	59.49178	8.093939	14.51193	26.77879	53.94777	12.00909	11.37674	37.77879	46.66944	0.3635433	0.9151865	0.3996955	0.8478537	0.003064286	3.203994	0.007558866	2.851507	0.9203154	0.9139621
AW	15	702	687.94	14.06	1358.267	1417.333	59.06667	37.51	45.45674	118.7599	162.0778	37.07962	109.3356	14.06	35.5148	-59.06667	95.23692	27.11333	26.18134	77.26667	80.07229	0.3636775	0.9239721	0.2654168	-1.138523	0.1474901	1.53328	0.03074772	-2.402054	0.6486532	0.8131365
UH	3	501.6667	491.1333	10.53333	1142	1140.8	1.2	20.59935	23.0808	116.6062	138.0137	11.42658	17.54328	10.53333	5.424328	1.2	21.43572	10.53333	5.424328	15.93333	8.991292	NA	NA	NA	NA	NA	NA	NA	NA	0.9755329	0.9999625
OY	3	524.6667	505.6667	19	806	856.2	50.2	38.73414	50.81283	126.2418	190.8532	31.96467	72.82532	19	31.4819	-50.2	64.61602	21.6	28.85775	50.2	64.61602	NA	NA	NA	NA	NA	NA	NA	NA	0.7852812	0.9999874
AY_N	9	725.7778	718.5444	7.233333	1429.889	1443.344	13.45556	56.0798	49.92127	178.6879	171.072	19.98258	33.5978	7.233333	19.7574	-13.45556	32.65318	16.1	12.55408	25.83333	22.78448	0.7763241	0.2890232	0.8724244	-0.1631793	0.3040167	1.098322	0.2514382	-1.236225	0.937057	0.9835087
EY_E	13	487.6923	493.1692	5.476923	1873.615	1874.238	0.6230769	45.5364	49.3222	153.8243	107.0989	11.94771	125.8593	-5.476923	11.05201	-0.6230769	130.9969	9.676923	7.293622	69.45385	109.2465	0.7711718	-0.2941718	0.990548	-0.01198564	0.09924256	-1.786763	0.9865992	-0.01714953	0.975998	0.5454487
IY_E	18	387.3333	385.5278	1.805556	1964.222	1960.306	3.916667	36.58994	33.80182	60.27735	68.35922	12.45434	32.4479	1.805556	12.68002	3.916667	33.14448	8.95	8.911806	25.68333	20.405	0.878698	0.15378	0.8564268	0.1823257	0.5537376	0.6041255	0.6225543	0.5013507	0.9381434	0.8746224
AA_L	3	741.3333	757	15.66667	1275.667	1348.467	72.8	35.79572	29.35864	47.03545	48.21134	18.5226	75.44428	-15.66667	12.1022	-72.8	24.24871	15.66667	12.1022	72.8	24.24871	NA	NA	NA	NA	NA	NA	NA	NA	0.9500304	0.8706548
AH_E	14	634.6429	623.2857	11.35714	1264.357	1293.179	28.82143	47.19942	38.63165	127.9168	108.4958	22.14852	64.78233	11.35714	19.73286	-28.82143	60.20801	18.37143	12.83825	49.02143	43.95024	0.492408	0.6967076	0.5260486	-0.6429295	0.05063243	2.153491	0.09657258	-1.791122	0.9133541	0.8829901
AE_E	29	654.3103	651.0103	3.3	1720	1730.39	10.38966	44.49727	39.76342	86.5584	95.75268	23.35604	58.64455	3.3	23.531	-10.38966	58.7385	14.7069	18.46535	33.81034	48.76521	0.7669748	0.2977958	0.6663616	-0.4334615	0.4564241	0.7552185	0.3489807	-0.952527	0.8498617	0.7969597
AO_R	16	514.125	493.4438	20.68125	845.4375	860.35	14.9125	40.36975	40.80569	143.741	180.1965	32.47028	55.99189	20.68125	25.85303	-14.9125	55.73948	26.25625	19.7296	39.6125	40.86976	0.1598898	1.441189	0.7976589	-0.2587804	0.005966061	3.199819	0.3014672	-1.070157	0.7971885	0.9656801
ER_R	15	466	469.5667	3.566667	1324.067	1328.567	4.5	45.89429	43.10873	110.1236	115.5421	15.35641	40.57854	-3.566667	15.46072	-4.5	41.74371	13.14	8.226247	28.7	29.69358	0.8279482	-0.2193844	0.9138325	-0.1091899	0.3867085	-0.8934669	0.6826375	-0.4175102	0.9415514	0.9326788
UW_L	4	374	357	17	768.25	826.8	58.55	25.72936	48.38891	96.0256	54.21009	36.92987	76.72281	17	37.85613	-58.55	57.25135	22.15	34.12121	58.55	57.25135	NA	NA	NA	NA	NA	NA	NA	NA	0.6306748	0.8531205
AY_E	23	730.3478	744.113	13.76522	1367.957	1399.957	32	75.03067	88.45352	137.638	117.5157	54.69514	138.6022	-13.76522	54.12434	-32	137.8884	32.44348	45.02349	78.67826	116.671	0.5722247	-0.5691508	0.401156	-0.8479704	0.2354922	-1.219704	0.2777321	-1.112977	0.7928744	0.4247683
AH_N	5	643	618.62	24.38	1201	1195.54	5.46	49.10193	13.19155	156.7004	179.5948	49.46391	77.13244	24.38	48.11826	5.46	86.02036	35.14	38.92073	57.82	57.07738	0.3368954	1.072228	0.960426	0.05122334	0.3205426	1.132945	0.8939964	0.1419307	0.2081498	0.877848
OW_N	5	586.8	577.68	9.12	1120.8	1286.54	165.74	65.41177	65.16837	229.4574	270.5532	33.64693	224.3414	9.12	36.21018	-165.74	169.0389	30.6	15.64273	168.62	165.4401	0.8307341	0.2208599	0.3274898	-1.044687	0.6033818	0.5631825	0.09343829	-2.19243	0.8462133	0.7834643
EH_R	8	555.625	566.775	11.15	1676.375	1695.4	19.025	46.67192	63.81114	84.19185	81.71812	23.16042	52.27217	-11.15	21.70142	-19.025	52.04865	13.825	19.86452	36.3	40.20931	0.6965228	-0.3989104	0.653544	-0.4586315	0.1894751	-1.453221	0.3355935	-1.033856	0.9702507	0.8035652
IH_E	20	484.45	475.095	9.355	1788	1760.315	27.685	39.23542	35.90218	88.62933	91.1342	18.15785	53.88339	9.355	15.96679	27.685	47.42818	13.065	12.93763	36.455	40.71018	0.4363951	0.7866644	0.336252	0.9739368	0.01684105	2.620241	0.01719551	2.610496	0.9134526	0.861142
OW_E	24	549.375	532.7792	16.59583	1163	1269.842	106.8417	65.70144	45.68271	168.4084	222.1578	41.95668	149.5532	16.59583	39.36374	-106.8417	106.8978	24.92917	34.47342	108.6	105.0327	0.3155848	1.015998	0.06725631	-1.877554	0.05033073	2.06542	6.031641e-05	-4.896405	0.8086315	0.8858941
AE_N	8	591	589.9625	1.0375	1992.625	1963.787	28.8375	66.39062	67.36947	71.91649	97.87306	11.67867	57.89463	1.0375	12.43566	28.8375	53.66763	10.0125	6.426827	38.8125	45.92389	0.9756878	0.03102487	0.5137487	0.6715682	0.8202084	0.2359741	0.172359	1.519813	0.9828194	0.8432612
AW_N	9	710.2222	688.5778	21.64444	1342.889	1403.578	60.68889	45.74871	54.64791	77.38773	154.8553	44.26807	120.3405	21.64444	40.95824	-60.68889	110.2203	34.28889	29.69724	91.02222	83.49479	0.3761793	0.9110959	0.3140637	-1.051706	0.151546	1.585354	0.1371701	-1.651843	0.6803328	0.7435183
IH_R	8	458.875	458.7125	0.1625	1887.875	1894.688	6.8125	34.74576	37.09626	146.2419	135.0328	8.886718	18.45701	0.1625	9.498712	-6.8125	18.33813	7.0375	5.801216	15.6875	10.3958	0.9929131	0.009042791	0.9242631	-0.09680356	0.962759	0.04838755	0.3282922	-1.050743	0.9671432	0.9946666
AA_E	28	761.5714	755.75	5.821429	1358.25	1380.546	22.29643	65.591	58.42076	112.1453	149.4788	27.5608	72.17751	5.821429	27.43332	-22.29643	69.90706	18.05714	21.20364	51.06786	51.94251	0.7271958	0.3507002	0.530679	-0.631356	0.2713778	1.122872	0.1029908	-1.687692	0.9085077	0.8958081
UH_E	3	501.6667	491.1333	10.53333	1142	1140.8	1.2	20.59935	23.0808	116.6062	138.0137	11.42658	17.54328	10.53333	5.424328	1.2	21.43572	10.53333	5.424328	15.93333	8.991292	NA	NA	NA	NA	NA	NA	NA	NA	0.9755329	0.9999625
EH_L	2	658	604.5	53.5	1268.5	1417.8	149.3	5.656854	13.57645	10.6066	125.1579	53.79229	177.5007	53.5	7.919596	-149.3	135.7645	53.5	7.919596	149.3	135.7645	NA	NA	NA	NA	NA	NA	NA	NA	NA	NA
EH_E	21	631.619	620.9286	10.69048	1561.81	1582.481	20.67143	67.08985	68.25502	101.1408	113.0384	20.33815	55.1988	10.69048	17.72913	-20.67143	52.44596	15.54762	13.43531	39.16667	39.85628	0.611554	0.5118749	0.5358733	-0.6245237	0.01199151	2.763245	0.08595847	-1.806209	0.9658278	0.8858972
EH_N	9	637.1111	632.6222	4.488889	1655.444	1646.8	8.644444	31.56123	28.47208	153.6124	153.9249	17.72619	70.03466	4.488889	18.18863	8.644444	73.71494	13.13333	12.62735	44.95556	56.95904	0.7555214	0.3168171	0.9065581	0.1192547	0.4802265	0.7403894	0.7340709	0.3518057	0.821234	0.8850952
IY_L	4	426	410.4	15.6	1635.5	1784.125	148.625	38.49675	53.09633	103.3134	40.63762	33.51753	180.3485	15.6	34.25522	-148.625	117.9615	26.55	23.62266	160.925	94.01221	NA	NA	NA	NA	NA	NA	NA	NA	0.7651039	-0.1893375
IH_N	5	491.2	475.46	15.74	1979.2	1902.3	76.9	20.48658	26.8215	155.2537	116.8953	18.30317	105.8322	15.74	10.4438	76.9	81.29308	15.74	10.4438	78.42	79.45727	0.3295494	1.042822	0.4039764	0.8848061	0.02804348	3.370009	0.101888	2.115231	0.9372665	0.858467
UW_E	5	369.2	424.72	55.52	1301.6	1582.38	280.78	49.86181	97.29264	244.3743	381.7759	134.0069	512.4864	-55.52	136.3606	-280.78	479.3289	71.04	127.0392	321.34	446.3504	0.299691	-1.135568	0.2097203	-1.385081	0.4140974	-0.9104278	0.2604114	-1.309838	-0.6845912	-0.1301474
AW_E	6	689.6667	686.9833	2.683333	1381.333	1437.967	56.63333	16.93123	31.71154	169.8372	185.2947	22.31035	90.34897	2.683333	24.26235	-56.63333	77.115	16.35	16.62874	56.63333	77.115	0.8596843	0.1828397	0.5932238	-0.5519022	0.7972918	0.2709052	0.131943	-1.798908	0.655249	0.9093136
AA_R	7	695.2857	684.8857	10.4	1199	1203.071	4.071429	40.99071	25.00369	62.17985	104.735	28.71635	46.99448	10.4	28.91159	-4.071429	50.56899	19.25714	23.00919	38.95714	28.38943	0.5793528	0.5730692	0.9313161	-0.08843843	0.3779854	0.9517226	0.8383679	-0.2130157	0.7169067	0.9427032
AY_L	4	786.75	761.825	24.925	1340	1293.325	46.675	31.28764	57.26141	52.74467	59.93999	59.3783	107.2656	24.925	62.23104	46.675	111.5189	52.225	32.6258	84.275	76.62577	NA	NA	NA	NA	NA	NA	NA	NA	0.1074706	-0.9586649
AE_R	1	543	531.8	11.2	1603	1592.3	10.7	NA	NA	NA	NA	11.2	10.7	11.2	NA	10.7	NA	11.2	NA	10.7	NA	NA	NA	NA	NA	NA	NA	NA	NA	NA	NA
AO_L	11	621.9091	605.3182	16.59091	953.4545	953.3636	0.09090909	41.78147	45.84113	76.99398	98.60896	41.61513	60.92045	16.59091	40.0277	0.09090909	63.89384	30.93636	29.19309	37.2	50.5985	0.3856286	0.8871555	0.9981024	0.002410025	0.1992449	1.374693	0.9963277	0.004718942	0.5860367	0.7619155
AO_E	6	665.6667	643.6	22.06667	1082.833	1099.417	16.58333	18.6619	11.43573	115.861	94.67319	28.67705	60.60653	22.06667	20.06297	-16.58333	63.85745	22.06667	20.06297	49.11667	38.89532	0.03773621	2.469592	0.791753	-0.2714886	0.04308575	2.694122	0.5526754	-0.6361154	0.1792772	0.834585
IY_N	2	456.5	426.15	30.35	1991	2003.2	12.2	43.13351	47.16402	36.76955	85.27708	30.48352	36.40508	30.35	4.030509	-12.2	48.50753	30.35	4.030509	34.3	17.25341	NA	NA	NA	NA	NA	NA	NA	NA	NA	NA
AA_N	4	738.75	728.675	10.075	1362	1353.95	8.05	51.84834	64.49209	93.19871	115.9915	18.18042	26.90288	10.075	17.47462	8.05	29.64147	14.525	12.62547	24.3	13.33042	NA	NA	NA	NA	NA	NA	NA	NA	0.9782436	0.9833904
OY_E	2	503.5	478	25.5	734.5	748	13.5	17.67767	23.90021	34.64823	51.05311	38.91799	17.79916	25.5	41.57788	-13.5	16.40488	29.4	36.06245	13.5	16.40488	NA	NA	NA	NA	NA	NA	NA	NA	NA	NA
UW_N	2	477.5	477.4	0.1	1235.5	1241.85	6.35	20.5061	26.87006	170.4127	160.7254	4.501111	9.340503	0.1	6.363961	-6.35	9.687363	4.5	0.1414214	6.85	8.980256	NA	NA	NA	NA	NA	NA	NA	NA	NA	NA
OW_L	1	480	479.6	0.4	868	1147.5	279.5	NA	NA	NA	NA	0.4	279.5	0.4	NA	-279.5	NA	0.4	NA	279.5	NA	NA	NA	NA	NA	NA	NA	NA	NA	NA	NA
OY_N	1	567	561	6	949	1072.6	123.6	NA	NA	NA	NA	6	123.6	6	NA	-123.6	NA	6	NA	123.6	NA	NA	NA	NA	NA	NA	NA	NA	NA	NA	NA
AO_N	2	640	622.95	17.05	1064	1044.05	19.95	11.31371	0.4949747	111.7229	107.4095	18.98486	20.1818	17.05	11.80868	19.95	4.313351	17.05	11.80868	19.95	4.313351	NA	NA	NA	NA	NA	NA	NA	NA	NA	NA
EY_N	1	611	613.2	2.2	1605	1537.8	67.2	NA	NA	NA	NA	2.2	67.2	-2.2	NA	67.2	NA	2.2	NA	67.2	NA	NA	NA	NA	NA	NA	NA	NA	NA	NA	NA
