v	N	f1_man_mean	f1_auto_mean	f1_diff	f2_man_mean	f2_auto_mean	f2_diff	f1_man_sd	f1_auto_sd	f2_man_sd	f2_auto_sd	f1_rmse	f2_rmse	f1_diff_mean	f1_diff_sd	f2_diff_mean	f2_diff_sd	f1_abs_diff_mean	f1_abs_diff_sd	f2_abs_diff_mean	f2_abs_diff_sd	f1_p	f1_t	f2_p	f2_t	f1_p_paired	f1_t_paired	f2_p_paired	f2_t_paired	f1_r	f2_r
all	498	682.8815	672.9904	9.891165	1754.809	1780.859	26.0496	182.125	175.1793	539.3798	528.6131	48.92375	150.1171	9.891165	47.96163	-26.0496	147.9883	33.58554	35.61027	89.21586	120.8512	NA	NA	NA	NA	NA	NA	NA	NA	0.964706	0.9617979
AY	58	842.7241	854.8276	12.10345	1695.172	1694.353	0.8189655	93.73307	95.20067	161.3687	155.7657	40.78739	85.96174	-12.10345	39.29038	0.8189655	86.70858	26.55517	31.22897	58.27759	63.74323	0.4916302	-0.6899466	0.9778633	0.02780888	0.02247497	-2.346048	0.9429084	0.07193124	0.913622	0.8510688
AO	44	714.8864	700.4568	14.42955	1055.773	1074.68	18.90682	174.9044	172.8155	197.7173	243.6181	59.54924	143.0758	14.42955	58.4425	-18.90682	143.4606	41.39318	43.30517	78.82045	120.7874	0.698035	0.3892751	0.6903965	-0.3997189	0.1087702	1.63776	0.3868645	-0.8742025	0.9435727	0.8082311
UW	16	431.3125	435.25	3.9375	1119.562	1353.344	233.7812	53.40627	59.79953	204.2289	291.9463	26.84697	340.3574	-3.9375	27.4276	-233.7812	255.4776	19.3625	19.20704	237.4187	251.8741	0.8456053	-0.1964425	0.01413778	-2.624622	0.5743171	-0.5742391	0.002320339	-3.660301	0.8886235	0.5171861
IH	39	538.0769	524.2692	13.80769	2097.436	2125.726	28.28974	59.1712	48.56159	241.1501	249.8518	35.7597	179.296	13.80769	33.41763	-28.28974	179.3646	27.62308	23.00638	110.1462	143.3233	0.2636399	1.126483	0.6123863	-0.508774	0.01385875	2.580345	0.3308672	-0.9849737	0.8252666	0.7336516
OY	4	720.25	657.625	62.625	1060.75	1105.375	44.625	142.0901	118.1514	72.79366	238.7531	92.75482	156.3046	62.625	79.00689	-44.625	172.9729	62.625	79.00689	110.725	127.3896	NA	NA	NA	NA	NA	NA	NA	NA	0.8311597	0.9316127
EH	59	771.0339	748.4254	22.60847	1828.847	1829.642	0.7949153	138.1148	116.226	242.1418	208.9461	55.14312	126.7528	22.60847	50.72706	-0.7949153	127.8383	40.40169	37.8517	65.01186	109.7445	0.3380881	0.9620416	0.984802	-0.01909096	0.00114066	3.423399	0.9620697	-0.04776237	0.9347729	0.8493843
OW	44	640.9318	635.2364	5.695455	1054.659	1146.086	91.42727	85.25568	79.30942	148.2123	205.4775	58.83849	176.4661	5.695455	59.23923	-91.42727	152.6799	34.18636	48.44163	127.7273	123.1699	0.7463888	0.3244507	0.01907362	-2.393733	0.527023	0.6377425	0.0002669955	-3.972101	0.7431126	0.6711162
AE	55	549.5636	540.5236	9.04	2451.655	2500.264	48.60909	65.38767	44.71619	204.0676	189.7309	43.68613	126.2174	9.04	43.1345	-48.60909	117.5553	28.48364	33.42871	80.98	97.70689	0.3994854	0.8463305	0.1985246	-1.293755	0.1259631	1.554265	0.00337919	-3.066598	0.7549024	0.8241939
ER	14	552.2143	519.8286	32.38571	1325.286	1304.05	21.23571	71.15982	52.88698	172.0257	197.5778	73.7556	81.70334	32.38571	68.76647	21.23571	81.87359	55.35714	50.57869	64.96429	51.41915	0.184373	1.366739	0.7641193	0.3033014	0.1015262	1.762141	0.3495178	0.970481	0.4161001	0.9109937
EY	42	532.7143	551.3667	18.65238	2333.619	2313.705	19.91429	66.71245	64.79027	288.5332	272.7547	48.61745	166.4275	-18.65238	45.44128	19.91429	167.2347	34.2381	34.9352	122.7381	113.7612	0.1972981	-1.299849	0.7459754	0.3250477	0.01109529	-2.660164	0.4447022	0.7717259	0.7615613	0.8238952
AA	48	911.625	879.925	31.7	1696.271	1668.11	28.16042	83.75969	83.36315	115.349	155.7082	50.95336	144.8913	31.7	40.31393	28.16042	143.6324	41.9875	29.17232	64.01875	131.3566	0.06623027	1.85848	0.3168244	1.006821	1.823936e-06	5.447845	0.1808417	1.358336	0.8836332	0.4710307
IY	29	435.1379	425.369	9.768966	2541	2553.586	12.58621	57.35773	45.264	202.3307	191.4873	32.7635	105.9257	9.768966	31.82678	-12.58621	107.0369	21.27241	25.35957	66.91034	83.57088	0.474685	0.719993	0.8086619	-0.2433037	0.1095157	1.652932	0.5317232	-0.6332281	0.8330884	0.8536625
AH	24	844.0417	836.8417	7.2	1347.333	1376.829	29.49583	66.79852	60.90467	168.3037	181.0421	37.46616	70.62571	7.2	37.55863	-29.49583	65.55173	27.15833	26.36476	46.0875	54.66673	0.6982036	0.3902019	0.5617077	-0.5845709	0.3574198	0.9391358	0.03777465	-2.204358	0.8309	0.9321504
AW	17	906.8235	882.9412	23.88235	1578.706	1670.871	92.16471	84.58371	75.52513	193.9506	196.5201	44.86895	207.9413	23.88235	39.15398	-92.16471	192.1376	36.34118	27.1261	148.3882	150.156	0.391737	0.8683749	0.1782925	-1.376278	0.02297324	2.514929	0.06544181	-1.977775	0.886433	0.5158067
UH	5	580.4	554.1	26.3	1033.4	1087.1	53.7	57.42212	34.79411	90.18481	133.32	39.62416	99.34199	26.3	33.13578	-53.7	93.44209	31.42	26.99207	85.58	56.40139	0.4118801	0.8758952	0.479867	-0.7460129	0.1505985	1.774776	0.2681404	-1.28504	0.8533615	0.7142756
AY_N	11	841.2727	849.2818	8.009091	1878	1880.627	2.627273	55.20161	35.00605	175.9579	142.6864	48.42906	113.1663	-8.009091	50.09342	-2.627273	118.6579	35.80909	34.19636	65.53636	96.76138	0.6895569	-0.4063791	0.9697152	-0.0384641	0.6074963	-0.5302722	0.9429078	-0.07343532	0.456246	0.7416499
AO_R	23	561.087	546.3174	14.76957	898.3043	899.6696	1.365217	57.68166	59.81522	94.36074	141.3303	47.19057	108.1255	14.76957	45.82706	-1.365217	110.5468	33.18696	34.30362	76.36522	78.26767	0.3986086	0.8524103	0.9694662	-0.03852837	0.1364551	1.545645	0.953306	-0.05922696	0.6963158	0.6245337
UW_E	14	431.8571	438.2786	6.421429	1120.071	1349.814	229.7429	56.97889	63.06335	217.931	284.6564	28.18727	334.8629	-6.421429	28.48214	-229.7429	252.8179	20.20714	20.39364	232.7	249.8883	0.7796712	-0.2826959	0.02450618	-2.397813	0.414161	-0.8435736	0.00474094	-3.400152	0.8922695	0.520721
AO_L	7	854.8571	852	2.857143	1131.571	1176.714	45.14286	61.85313	68.92247	64.301	87.81398	61.7227	103.8768	2.857143	66.59667	-45.14286	101.0508	44.91429	45.72889	71.2	81.69727	0.9363042	0.08162734	0.2959253	-1.097372	0.9133302	0.1135085	0.2819423	-1.181948	0.4856828	0.1447481
AY_E	46	845.1957	858.5522	13.35652	1650.761	1649.457	1.304348	101.1566	104.4773	126.0716	125.1425	39.20129	79.04933	-13.35652	37.26298	1.304348	79.91195	24.9087	30.6049	57.45217	54.89587	0.5349105	-0.6229254	0.9603911	0.04980126	0.01910188	-2.431055	0.9123439	0.1107033	0.9348302	0.7976457
IH_E	22	524.8636	512.7727	12.09091	2044.955	2103.632	58.67727	56.27424	46.56547	198.295	259.827	37.45903	152.3223	12.09091	36.28837	-58.67727	143.8749	29.06364	24.1884	96.45	120.6705	0.4420024	0.7764217	0.4048651	-0.8420399	0.1330451	1.562798	0.06949265	-1.912918	0.766721	0.8358598
OY_N	3	782.3333	708.7333	73.6	1072	1140.767	68.76667	84.60693	72.57591	84.78797	279.2653	105.7225	179.7699	73.6	92.95391	-68.76667	203.4269	73.6	92.95391	138.3667	140.5625	NA	NA	NA	NA	NA	NA	NA	NA	0.308217	0.924803
EH_E	34	818.7647	789.7735	28.99118	1777.029	1760.153	16.87647	86.5238	74.26657	144.6575	126.5324	52.34012	84.32616	28.99118	44.23286	16.87647	83.86261	39.21471	35.18679	55.2	64.7071	0.143069	1.482525	0.6103699	0.5120292	0.0005564157	3.821733	0.2490283	1.173418	0.8594495	0.8168578
OW_N	12	698.9167	665.9167	33	1068.333	1134.175	65.84167	105.5096	78.18753	188.2268	250.3452	79.48274	189.1115	33	75.52367	-65.84167	185.1624	48.98333	65.37839	139.475	133.3888	0.3942168	0.8704944	0.474756	-0.7282029	0.1583081	1.513636	0.2437087	-1.231796	0.6995385	0.6771506
EH_N	14	813.9286	782.6929	31.23571	1786.357	1764.014	22.34286	84.09652	75.42358	84.30677	111.0999	51.95797	49.7486	31.23571	43.08797	22.34286	46.12698	38.93571	35.7028	37.41429	34.02637	0.3104925	1.034604	0.5544516	0.5994237	0.01776752	2.712435	0.09307859	1.812374	0.8595781	0.9247407
AE_N	17	585.7647	545.0824	40.68235	2599.118	2646.318	47.2	69.57058	38.01656	152.9146	160.1342	59.63401	102.4717	40.68235	44.94423	-47.2	93.75309	43.05882	42.5269	72.31765	74.83324	0.04459471	2.115761	0.3860059	-0.8789293	0.001814964	3.732128	0.05439492	-2.075778	0.8063531	0.8215876
ER_R	14	552.2143	519.8286	32.38571	1325.286	1304.05	21.23571	71.15982	52.88698	172.0257	197.5778	73.7556	81.70334	32.38571	68.76647	21.23571	81.87359	55.35714	50.57869	64.96429	51.41915	0.184373	1.366739	0.7641193	0.3033014	0.1015262	1.762141	0.3495178	0.970481	0.4161001	0.9109937
EY_E	32	517.75	540.8469	23.09687	2314.344	2271.916	42.42812	66.84213	63.76194	307.6822	282.3166	48.31986	171.4216	-23.09688	43.12136	42.42813	168.7455	33.47187	35.40647	122.5531	121.7765	0.1622642	-1.414379	0.5675442	0.5747668	0.004901352	-3.029952	0.1649189	1.422317	0.7829692	0.8397973
AA_R	6	861.3333	829.85	31.48333	1608.5	1556.7	51.8	105.7122	92.16977	92.69034	137.8317	64.95084	77.12369	31.48333	62.23258	51.8	62.59224	60.31667	26.39344	57.8	55.9345	0.5947034	0.5498579	0.4650152	0.7639006	0.270268	1.239192	0.09846888	2.027145	0.8106682	0.9264207
AE_E	38	533.3684	538.4842	5.115789	2385.684	2434.924	49.23947	57.23183	47.74355	190.2756	165.1142	34.22474	135.4998	-5.115789	34.29448	-49.23947	127.9311	21.96316	26.60024	84.85526	107.0579	0.6734731	-0.4231216	0.2321801	-1.20484	0.3637591	-0.9195602	0.02297185	-2.372625	0.8012619	0.7496074
AA_E	33	921.0606	886.0939	34.96667	1699.879	1669.155	30.72424	84.94812	85.74639	104.5573	160.3418	50.02087	169.4354	34.96667	36.32356	30.72424	169.21	41.60909	28.19321	71.42727	156.0263	0.1009649	1.664186	0.3605309	0.922041	4.249339e-06	5.52997	0.3047337	1.043067	0.9094752	0.2388828
EY_N	9	576.5556	579.4889	2.933333	2442	2475.844	33.84444	39.37039	59.6227	170.4311	184.4066	51.89656	139.8535	-2.933333	54.95662	-33.84444	143.9279	38.77778	36.58182	112.9556	87.46449	0.9037439	-0.1231656	0.6913419	-0.4043499	0.8767509	-0.1601263	0.5005544	-0.7054459	0.4440426	0.6735471
IY_E	23	419.1304	416.8783	2.252174	2546.696	2546.726	0.03043478	44.81711	45.21398	171.18	184.5202	21.32688	89.09467	2.252174	21.68426	-0.03043478	91.09704	15.14783	15.35003	61.88261	65.53738	0.8660538	0.1696618	0.9995399	-0.000579909	0.6233527	0.4981054	0.998736	-0.001602248	0.8840162	0.8714514
EY_L	1	617	634.9	17.9	1975	2191.7	216.7	NA	NA	NA	NA	17.9	216.7	-17.9	NA	-216.7	NA	17.9	NA	216.7	NA	NA	NA	NA	NA	NA	NA	NA	NA	NA	NA
EH_R	9	511.2222	537.4556	26.23333	2220.111	2221.178	1.066667	73.29526	75.73857	182.2536	161.8777	34.48786	76.86644	-26.23333	23.7461	-1.066667	81.52132	30.34444	17.38405	56.8	54.93164	0.4660873	-0.7467007	0.9896906	-0.01312747	0.01063105	-3.314228	0.9696502	-0.03925354	0.9497496	0.8944074
AA_N	6	910.8333	874.5333	36.3	1814	1795.717	18.28333	65.85565	65.62974	107.9963	86.34085	51.18304	56.99297	36.3	39.52741	18.28333	59.13292	40.13333	34.79688	42.55	41.53595	0.3614416	0.956355	0.7530044	0.3238996	0.07432452	2.249489	0.4829787	0.7573589	0.8192581	0.8376457
OW_E	31	617.3548	622.1968	4.841935	1041.387	1141.626	100.2387	66.15212	78.60369	127.2755	186.6103	49.67456	172.7683	-4.841935	50.25523	-100.2387	143.0423	29.40968	40.69464	123.2581	123.0645	0.7939315	-0.2624086	0.01673504	-2.470789	0.5956126	-0.5364369	0.000499948	-3.901681	0.7720541	0.6433719
AH_N	6	902.5	901.8	0.7	1296.667	1305.517	8.85	29.01551	42.39443	104.1204	101.2032	27.12342	30.31883	0.7	29.70232	-8.85	31.76619	22.8	16.09373	24.51667	19.53964	0.9741158	0.03337632	0.8842896	-0.149297	0.9562016	0.05772757	0.5252974	-0.6824231	0.7141555	0.9525221
UW_N	2	427.5	414.05	13.45	1116	1378.05	262.05	23.33452	30.19346	90.50967	472.9837	14.29773	376.5812	13.45	6.858936	-262.05	382.4741	13.45	6.858936	270.45	370.5947	NA	NA	NA	NA	NA	NA	NA	NA	NA	NA
IH_N	8	596.125	557.85	38.275	2230.875	2137.738	93.1375	43.87462	42.01884	96.58666	225.8479	44.27056	206.1607	38.275	23.78251	93.1375	196.6219	38.275	23.78251	114.2625	183.4474	0.09647923	1.782025	0.3100617	1.072458	0.00262982	4.552002	0.2221718	1.339793	0.8475331	0.4968409
AO_E	13	903	874.3154	28.68462	1285.615	1323.331	37.71538	73.87828	47.03001	112.6644	199.8093	72.64029	206.8532	28.68462	69.46189	-37.71538	211.6907	49.68462	55.15483	92.88462	192.3731	0.2512425	1.180941	0.5603138	-0.5928259	0.1623101	1.488929	0.5327108	-0.6423748	0.4093927	0.1733358
AW_E	9	934	899.8556	34.14444	1509.889	1638.411	128.5222	36.27327	34.87883	116.4962	165.6302	37.96819	199.5143	34.14444	17.61272	-128.5222	161.8611	34.14444	17.61272	157.8778	129.3856	0.05873078	2.035566	0.07713615	-1.904068	0.0003979041	5.815874	0.04440101	-2.382084	0.8781731	0.3836617
AW_R	2	898	887.45	10.55	1476.5	1525.8	49.3	1.414214	18.45549	38.89087	33.0926	16.01577	70.86113	10.55	17.04127	-49.3	71.98347	12.05	14.91995	50.9	69.72073	NA	NA	NA	NA	NA	NA	NA	NA	NA	NA
IH_R	8	517	523.8	6.8	2200.5	2202.075	1.575	51.67481	52.97476	263.7515	264.6109	19.01973	115.3011	-6.8	18.98902	-1.575	123.2506	13.875	13.90722	89.35	77.90786	0.7987302	-0.259895	0.9906548	-0.01192362	0.3448476	-1.012865	0.9721766	-0.03614402	0.9344478	0.8911761
AA_L	3	910	923	13	1596.667	1624.233	27.56667	39.58535	51.42947	85.6524	57.30143	18.44794	41.36774	-13	16.03091	-27.56667	37.77636	13.2	15.78385	37.9	20.30566	NA	NA	NA	NA	NA	NA	NA	NA	0.9713371	0.9365042
IY_N	4	530	470.525	59.475	2685.25	2668.725	16.525	44.21161	21.84023	222.8144	238.4418	71.02832	24.13685	59.475	44.83669	16.525	20.31459	59.475	44.83669	21.675	12.26278	NA	NA	NA	NA	NA	NA	NA	NA	0.2181736	0.9984145
AY_R	1	745	744.5	0.5	1727	1710.6	16.4	NA	NA	NA	NA	0.5	16.4	0.5	NA	16.4	NA	0.5	NA	16.4	NA	NA	NA	NA	NA	NA	NA	NA	NA	NA	NA
AH_E	18	824.5556	815.1889	9.366667	1364.222	1400.6	36.37778	64.66131	50.04269	184.1929	197.3292	40.32854	79.65076	9.366667	40.36293	-36.37778	72.9126	28.61111	29.24573	53.27778	60.9257	0.6302621	0.4860255	0.5712661	-0.5717558	0.3386502	0.984552	0.04933176	-2.116751	0.7812828	0.9292412
EH_L	2	828.5	755	73.5	1246.5	1708.45	461.95	84.14571	80.04449	423.557	14.07142	137.4098	556.019	73.5	164.1902	-461.95	437.6284	116.1	103.9447	461.95	437.6284	NA	NA	NA	NA	NA	NA	NA	NA	NA	NA
UH_E	5	580.4	554.1	26.3	1033.4	1087.1	53.7	57.42212	34.79411	90.18481	133.32	39.62416	99.34199	26.3	33.13578	-53.7	93.44209	31.42	26.99207	85.58	56.40139	0.4118801	0.8758952	0.479867	-0.7460129	0.1505985	1.774776	0.2681404	-1.28504	0.8533615	0.7142756
IH_L	1	533	512.3	20.7	1360	1904.9	544.9	NA	NA	NA	NA	20.7	544.9	20.7	NA	-544.9	NA	20.7	NA	544.9	NA	NA	NA	NA	NA	NA	NA	NA	NA	NA	NA
AW_N	6	869	856.0667	12.93333	1716	1767.917	51.91667	133.0834	121.8547	251.0673	240.5324	58.78991	247.2438	12.93333	62.82339	-51.91667	264.8037	47.73333	37.5944	166.65	200.0718	0.8641642	0.175568	0.7221827	-0.3657515	0.6355007	0.5042718	0.6513307	-0.4802401	0.8821998	0.4203493
IY_L	2	429.5	432.7	3.2	2187	2402.2	215.2	10.6066	32.24407	134.3503	84.42855	15.63106	265.0342	-3.2	21.63747	-215.2	218.7788	15.3	4.525483	215.2	218.7788	NA	NA	NA	NA	NA	NA	NA	NA	NA	NA
OW_L	1	676	671.3	4.7	1302	1427.3	125.3	NA	NA	NA	NA	4.7	125.3	4.7	NA	-125.3	NA	4.7	NA	125.3	NA	NA	NA	NA	NA	NA	NA	NA	NA	NA	NA
OY_E	1	534	504.3	29.7	1027	999.2	27.8	NA	NA	NA	NA	29.7	27.8	29.7	NA	27.8	NA	29.7	NA	27.8	NA	NA	NA	NA	NA	NA	NA	NA	NA	NA	NA
AO_N	1	827	924.7	97.7	1159	1153.2	5.8	NA	NA	NA	NA	97.7	5.8	-97.7	NA	5.8	NA	97.7	NA	5.8	NA	NA	NA	NA	NA	NA	NA	NA	NA	NA	NA
