v	N	f1_man_mean	f1_auto_mean	f1_diff	f2_man_mean	f2_auto_mean	f2_diff	f1_man_sd	f1_auto_sd	f2_man_sd	f2_auto_sd	f1_rmse	f2_rmse	f1_diff_mean	f1_diff_sd	f2_diff_mean	f2_diff_sd	f1_abs_diff_mean	f1_abs_diff_sd	f2_abs_diff_mean	f2_abs_diff_sd	f1_p	f1_t	f2_p	f2_t	f1_p_paired	f1_t_paired	f2_p_paired	f2_t_paired	f1_r	f2_r
all	389	803.8869	783.5643	20.32262	1829.247	1820.423	8.823907	154.966	142.0749	425.0347	424.4489	51.97352	99.72798	20.32262	47.89714	8.823907	99.46477	35.64447	37.87355	69.44087	71.67175	NA	NA	NA	NA	NA	NA	NA	NA	0.9516742	0.9725815
AY	41	892.6098	898.3341	5.72439	1838.585	1793.049	45.53659	116.0452	105.0335	158.3764	133.8194	52.61902	100.7576	-5.72439	52.95652	45.53659	90.99711	35.30488	39.50171	77.28293	65.45172	0.8154489	-0.2341807	0.1636276	1.406258	0.4928402	-0.6921524	0.002659413	3.204238	0.8899329	0.818876
EY	24	631.25	642.3375	11.0875	2441	2420.317	20.68333	83.42987	86.68309	293.3309	337.4504	29.02612	93.49426	-11.0875	27.40199	20.68333	93.13876	16.3375	24.50771	68.6	64.88961	0.653769	-0.4514789	0.8217409	0.2266223	0.05952322	-1.982244	0.2879012	1.087917	0.9488185	0.9660134
IH	22	661.9545	663.8136	1.859091	2204.682	2206.673	1.990909	74.69205	75.85799	230.1019	203.1084	19.39786	84.72256	-1.859091	19.76294	-1.990909	86.69236	13.07727	14.66411	60.4	60.80983	0.9351081	-0.08190927	0.9758741	-0.03042549	0.6635593	-0.4412252	0.9152431	-0.1077164	0.9656534	0.9273904
AE	43	808.9535	803.6093	5.344186	2200.535	2183.979	16.55581	74.14046	81.12846	244.2516	230.0187	42.07703	65.83625	5.344186	42.2302	16.55581	64.47474	29.6	30.25904	41.70465	51.54535	0.7506268	0.318865	0.747065	0.3235775	0.4113232	0.8298367	0.09963615	1.683818	0.8558116	0.9648073
AW	15	967.9333	890.9533	76.98	1644.333	1675.167	30.83333	87.50467	83.3331	109.94	163.2046	85.92086	78.83061	76.98	39.50326	-30.83333	75.09687	76.98	39.50326	68.87333	39.6961	0.02000803	2.467318	0.5495227	-0.6068538	2.679936e-06	7.547283	0.1341172	-1.590173	0.8941924	0.9219065
OW	31	758.129	723.2677	34.86129	1342.194	1427.655	85.46129	118.3691	93.72383	182.1024	231.9347	57.30679	124.0627	34.86129	46.23546	-85.46129	91.41945	44.9	36.19844	95.86774	80.04764	0.2037865	1.285585	0.1121508	-1.613627	0.0002209716	4.198065	1.306101e-05	-5.204892	0.9310291	0.9304588
AA	48	974.4583	931.4271	43.03125	1675.104	1640.015	35.08958	78.66329	60.33104	128.4153	156.7953	72.72361	100.8906	43.03125	59.24664	35.08958	95.59299	48.71458	54.56783	74.20625	69.07798	0.003434849	3.007306	0.233456	1.199523	7.548787e-06	5.032003	0.01433645	2.543155	0.665592	0.793081
ER	14	672.8571	677.9143	5.057143	1784.643	1742.679	41.96429	74.18258	78.97978	138.2916	151.01	22.4289	105.2854	-5.057143	22.67621	41.96429	100.206	17.58571	14.44666	74.43571	77.2711	0.8627283	-0.1746302	0.4501532	0.7668119	0.4190993	-0.8344472	0.1411406	1.566932	0.9580813	0.7634609
EH	48	846.0208	810.4021	35.61875	1916.958	1884.844	32.11458	92.76199	84.91146	166.6159	164.7058	58.97501	114.3551	35.61875	47.50121	32.11458	110.9145	41.73542	42.10876	76.28542	86.09321	0.05270636	1.962313	0.3447066	0.9496878	4.336304e-06	5.195109	0.05062913	2.006016	0.8606794	0.7759253
IY	22	576.1364	565.5091	10.62727	2557.818	2588.214	30.39545	101.6756	102.0853	204.4008	256.866	38.32491	129.5108	10.62727	37.68853	-30.39545	128.8561	24.98182	29.74781	72.43182	109.8889	0.7310995	0.3459604	0.6664041	-0.4343017	0.2001966	1.322586	0.2810641	-1.106407	0.9315841	0.868092
AO	34	830.1765	804.5206	25.65588	1286.382	1278.8	7.582353	119.9539	119.2726	154.2815	157.787	38.87346	59.40802	25.65588	29.64401	7.582353	59.80825	31.25588	23.46069	44.81176	39.58934	0.3797109	0.8843627	0.8418262	0.2003462	1.608536e-05	5.04649	0.4649906	0.7392347	0.9693056	0.9267829
AH	28	887.5	853.6143	33.88571	1582.929	1557.111	25.81786	78.16436	60.15607	141.8337	151.7864	55.35615	81.04815	33.88571	44.57607	25.81786	78.23581	43.12857	35.33879	63.18929	51.68482	0.07498986	1.817919	0.5135848	0.6576261	0.0004170079	4.022479	0.09214661	1.746199	0.8231916	0.8601434
UW	12	551.8333	535.8417	15.99167	1525.917	1530.933	5.016667	87.1486	88.21883	476.7922	521.7087	33.23413	122.3566	15.99167	30.42919	-5.016667	127.6899	24.35833	23.61461	83.88333	93.03802	0.6594394	0.4467271	0.9806066	-0.02458858	0.09596874	1.820514	0.8942032	-0.1360973	0.9398561	0.9712816
OY	4	573.75	595.15	21.4	998	1181	183	9.429563	27.84211	51.97435	157.1535	34.33089	218.0734	-21.4	30.99785	-183	136.9526	25.65	26.34862	183	136.9526	NA	NA	NA	NA	NA	NA	NA	NA	-0.1842901	0.5290515
UH	3	708.3333	669.5333	38.8	1391.333	1331.433	59.9	19.73153	27.54312	119.2574	150.0547	39.9387	68.09006	38.8	11.59698	59.9	39.65312	38.8	11.59698	59.9	39.65312	NA	NA	NA	NA	NA	NA	NA	NA	0.9324071	0.9825679
AY_N	10	943.1	929.04	14.06	1918.1	1838.78	79.32	98.2304	65.54085	173.1354	174.4597	84.5681	126.5135	14.06	87.90197	79.32	103.8911	60.56	62.22049	99.74	82.04071	0.7115799	0.3765121	0.3210045	1.020518	0.6251463	0.5058092	0.0389685	2.414374	0.4829107	0.8213617
EY_E	20	613.65	621.855	8.205	2462.6	2437.69	24.91	73.91053	73.25621	276.2204	312.0737	29.07541	94.09052	-8.205	28.61831	24.91	93.09032	14.505	25.85352	66.6	68.19065	0.7263293	-0.35261	0.7907024	0.2673032	0.2152032	-1.282182	0.2461441	1.196697	0.9244072	0.9571911
IH_E	13	673.3077	672.7462	0.5615385	2081.154	2083.531	2.376923	57.67348	54.87979	117.843	113.0294	11.16495	54.67795	0.5615385	11.60614	-2.376923	56.85681	8.469231	7.57225	43.7	34.20507	0.9799215	0.02543164	0.9585774	-0.05248502	0.8644228	0.1744469	0.8826915	-0.1507316	0.9799536	0.8795198
AE_E	31	822.129	821.9677	0.1612903	2100.355	2089.435	10.91935	75.76927	83.68217	168.2533	163.4543	28.16449	44.76752	0.1612903	28.62958	10.91935	44.13307	20.5871	19.53775	29.91935	33.85156	0.9936795	0.007955026	0.7963887	0.2591743	0.9751846	0.03136708	0.1785271	1.37757	0.9403017	0.9650077
AW_E	12	958.8333	889.5333	69.3	1641.75	1675.7	33.95	87.47242	84.53459	102.6761	155.4473	78.424	79.19521	69.3	38.34532	-33.95	74.73064	69.3	38.34532	67.05	44.01875	0.06114903	1.973465	0.5353499	-0.6312866	6.16853e-05	6.260535	0.143851	-1.573735	0.9011601	0.9122887
OW_N	4	788.5	738.375	50.125	1289.25	1417.8	128.55	69.07243	12.16097	168.9425	275.6358	80.02098	159.4392	50.125	72.02631	-128.55	108.9083	67.625	49.39928	128.55	108.9083	NA	NA	NA	NA	NA	NA	NA	NA	-0.1600619	0.9948723
AA_E	26	994.8462	947.1577	47.68846	1707.231	1675.427	31.80385	74.05333	57.17291	107.0653	118.9467	76.61883	109.7506	47.68846	61.15641	31.80385	107.1216	48.22692	60.71568	73.68846	82.94457	0.01244785	2.599145	0.3158352	1.013329	0.0005267861	3.976106	0.1425995	1.513872	0.5919597	0.5550132
ER_R	14	672.8571	677.9143	5.057143	1784.643	1742.679	41.96429	74.18258	78.97978	138.2916	151.01	22.4289	105.2854	-5.057143	22.67621	41.96429	100.206	17.58571	14.44666	74.43571	77.2711	0.8627283	-0.1746302	0.4501532	0.7668119	0.4190993	-0.8344472	0.1411406	1.566932	0.9580813	0.7634609
EH_E	30	863.2667	810.82	52.44667	1844.933	1821.53	23.40333	79.24251	78.53663	89.99997	120.0763	68.28539	79.78931	52.44667	44.47675	23.40333	77.58389	53.16	43.59187	62.95667	49.85627	0.01260458	2.574777	0.3967724	0.8542214	4.562427e-07	6.458706	0.1092788	1.652216	0.8411101	0.7633599
AY_E	31	876.3226	888.429	12.10645	1812.935	1778.297	34.63871	118.0538	114.0396	147.1869	117.5755	36.80883	90.90566	-12.10645	35.33555	34.63871	85.43691	27.15806	25.25682	70.03871	58.9098	0.6827847	-0.4106624	0.3102543	1.023769	0.0660573	-1.907593	0.0314251	2.25734	0.9542262	0.8144348
IY_E	15	547.1333	539.9333	7.2	2584.733	2648.933	64.2	88.46861	76.99622	153.2726	223.1164	31.14838	147.6978	7.2	31.36846	-64.2	137.6836	17.98667	26.32288	78.82667	129.2879	0.8138282	0.237764	0.3671714	-0.9185598	0.3890408	0.8889657	0.09247121	-1.805919	0.9374343	0.7941578
AO_L	12	903.9167	881.5167	22.4	1338.75	1342.267	3.516667	39.93736	44.13607	87.90297	103.2002	36.36381	58.0756	22.4	29.91929	-3.516667	60.54667	30.23333	21.10421	40.91667	43.04672	0.2059698	1.303629	0.9292295	-0.08986324	0.02498154	2.593507	0.8442131	-0.2012017	0.7510792	0.810844
EY_N	3	709.3333	731.9667	22.63333	2433.667	2445.033	11.36667	94.73296	96.31502	419.369	539.9231	26.77044	102.7691	-22.63333	17.50952	-11.36667	125.0937	22.63333	17.50952	94.03333	50.78212	NA	NA	NA	NA	NA	NA	NA	NA	0.9833366	0.9975375
AH_E	23	877.087	847.1522	29.93478	1607.217	1581.635	25.58261	80.40517	64.34932	141.4233	153.3348	53.82487	87.03386	29.93478	45.73818	25.58261	85.05873	41.18696	35.43065	68.66087	54.68642	0.1706475	1.394016	0.5594441	0.588171	0.004771566	3.138782	0.1632723	1.442414	0.8227499	0.8364523
EY_L	1	749	783.1	34.1	2031	1998.7	32.3	NA	NA	NA	NA	34.1	32.3	-34.1	NA	32.3	NA	34.1	NA	32.3	NA	NA	NA	NA	NA	NA	NA	NA	NA	NA	NA
AO_R	13	695.4615	671.3385	24.12308	1155.538	1150	5.538462	73.83948	75.28245	135.3733	157.9169	42.04929	65.65815	24.12308	35.8479	5.538462	68.0956	31.53846	28.94692	54.43077	38.21833	0.4176015	0.8248168	0.9243314	0.09600616	0.03194899	2.426279	0.7743388	0.2932525	0.8845987	0.9034323
IY_L	3	591.3333	547.0667	44.26667	2338.333	2325.9	12.43333	95.19629	94.11941	333.0005	369.2708	51.93759	33.75307	44.26667	33.27106	12.43333	38.43206	44.26667	33.27106	25.43333	27.17763	NA	NA	NA	NA	NA	NA	NA	NA	0.938291	0.9993434
UW_E	7	541.2857	534.3	6.985714	1743.714	1757.471	13.75714	70.26548	62.3922	446.3958	449.0153	26.49029	124.7266	6.985714	27.59997	-13.75714	133.8981	21.32857	16.96955	76.3	106.5717	0.8474086	0.1966885	0.9551036	-0.05748677	0.527992	0.6696553	0.7948617	-0.2718334	0.9201908	0.9552934
AE_N	12	774.9167	756.1833	18.73333	2459.333	2428.217	31.11667	59.81252	51.27189	221.8842	197.1905	65.5363	101.7561	18.73333	65.59436	31.11667	101.1896	52.88333	40.42987	72.15	74.94496	0.4191352	0.8237354	0.7200257	0.3631237	0.3437668	0.9893254	0.3095908	1.065241	0.3103863	0.8899566
IH_N	2	751.5	739.75	11.75	2141	2183.6	42.6	140.7142	125.7943	33.94113	42.56783	15.7913	43.03452	11.75	14.91995	-42.6	8.626703	11.75	14.91995	42.6	8.626703	NA	NA	NA	NA	NA	NA	NA	NA	NA	NA
OW_E	26	758.8077	722.6385	36.16923	1361.538	1445.204	83.66538	123.7685	102.0227	179.2739	219.4285	52.83088	119.91	36.16923	39.27091	-83.66538	87.59937	40.81538	34.2084	92.98077	77.21595	0.2558871	1.149818	0.138713	-1.505591	8.186679e-05	4.69629	5.218173e-05	-4.870028	0.9576578	0.9229589
AA_N	11	985	935.7455	49.25455	1690.727	1650.436	40.29091	88.31195	46.71322	158.7363	215.8552	87.93642	93.70835	49.25455	76.40343	40.29091	88.7338	70.36364	55.31682	78.30909	53.97995	0.1225702	1.635132	0.6238863	0.4987344	0.05822029	2.138109	0.1629935	1.505963	0.5022186	0.932712
EH_R	8	719.625	731	11.375	2159.75	2063.988	95.7625	85.00578	84.05517	227.6945	164.3846	31.88711	153.9569	-11.375	31.846	95.7625	128.8732	20.225	26.35444	106.6125	118.7386	0.7917563	-0.2691295	0.35276	0.9644785	0.3460009	-1.010279	0.07368221	2.101735	0.9290945	0.8316814
IY_N	4	673.5	675.25	1.75	2621.5	2557.25	64.25	112.7963	140.3926	227.3697	223.8784	49.16228	97.94095	-1.75	56.73174	64.25	85.35703	36.75	37.70707	83.7	58.72807	NA	NA	NA	NA	NA	NA	NA	NA	0.9224246	0.9285542
AH_N	5	935.4	883.34	52.06	1471.2	1444.3	26.9	46.81132	17.53149	82.3966	82.66964	61.91412	44.05435	52.06	37.46856	26.9	39.00603	52.06	37.46856	38.02	24.88136	0.0662904	2.328821	0.6202503	0.5153395	0.035981	3.106863	0.1979169	1.542075	0.6669899	0.8883248
OY_E	4	573.75	595.15	21.4	998	1181	183	9.429563	27.84211	51.97435	157.1535	34.33089	218.0734	-21.4	30.99785	-183	136.9526	25.65	26.34862	183	136.9526	NA	NA	NA	NA	NA	NA	NA	NA	-0.1842901	0.5290515
AA_L	7	928.8571	913.5571	15.3	1618.286	1612.7	5.585714	56.30994	67.2389	100.4369	136.6154	24.12879	67.87624	15.3	20.15258	5.585714	73.06605	17.44286	18.00749	58.5	37.18095	0.6529052	0.4615558	0.9321109	0.08715627	0.09132199	2.008675	0.8463965	0.202261	0.962141	0.853156
AA_R	4	892.75	848.575	44.175	1522.75	1428.975	93.775	33.80705	36.85054	101.6772	47.20744	54.97911	107.8998	44.175	37.79368	93.775	61.62907	47.075	32.79526	93.775	61.62907	NA	NA	NA	NA	NA	NA	NA	NA	0.4304502	0.9134163
AO_E	7	921.5714	890.4429	31.12857	1417	1388.7	28.3	28.59404	29.02418	120.2664	83.29744	36.77148	57.20516	31.12857	21.14267	28.3	53.69789	31.12857	21.14267	42.15714	41.76609	0.06612754	2.021396	0.6192047	0.5118039	0.008026796	3.895367	0.2126492	1.394371	0.7308004	0.9242973
EH_N	9	889.7778	868.3778	21.4	1955.778	1954.544	1.233333	31.19206	49.57973	78.28119	166.2344	44.37377	164.391	21.4	41.23051	1.233333	174.3581	23.55556	39.88656	95.32222	142.0575	0.292272	1.096021	0.984283	0.02013673	0.1580608	1.557099	0.9835893	0.0212207	0.559698	0.1291426
UW_L	3	533.6667	501.1333	32.53333	995.3333	918.2333	77.1	53.98457	15.77033	72.39015	55.80299	45.82161	86.82647	32.53333	39.51966	77.1	48.9044	32.53333	39.51966	77.1	48.9044	NA	NA	NA	NA	NA	NA	NA	NA	0.9404034	0.7380294
OW_L	1	619	679.2	60.2	1051	1010.8	40.2	NA	NA	NA	NA	60.2	40.2	-60.2	NA	40.2	NA	60.2	NA	40.2	NA	NA	NA	NA	NA	NA	NA	NA	NA	NA	NA
UH_E	3	708.3333	669.5333	38.8	1391.333	1331.433	59.9	19.73153	27.54312	119.2574	150.0547	39.9387	68.09006	38.8	11.59698	59.9	39.65312	38.8	11.59698	59.9	39.65312	NA	NA	NA	NA	NA	NA	NA	NA	0.9324071	0.9825679
IH_R	7	615.2857	625.5286	10.24286	2452.286	2441.957	10.32857	63.87935	87.60448	226.7361	144.6179	29.66198	128.3657	-10.24286	30.06775	10.32857	138.2013	22.01429	21.47257	96.5	91.43172	0.8072417	-0.249952	0.9210358	0.101613	0.4021569	-0.9012997	0.8497835	0.1977321	0.9695157	0.8115863
EH_L	1	946	911.3	34.7	1786	1723.8	62.2	NA	NA	NA	NA	34.7	62.2	34.7	NA	62.2	NA	34.7	NA	62.2	NA	NA	NA	NA	NA	NA	NA	NA	NA	NA	NA
UW_N	2	616	593.3	22.7	1559.5	1657.1	97.6	195.1615	226.9813	340.1184	510.6725	31.96154	155.1455	22.7	31.81981	-97.6	170.5542	22.7	31.81981	120.6	138.0272	NA	NA	NA	NA	NA	NA	NA	NA	NA	NA
AW_N	3	1004.333	896.6333	107.7	1654.667	1673.033	18.36667	95.03859	96.16035	162.5556	231.3882	110.9535	77.355	107.7	32.66619	-18.36667	92.03094	107.7	32.66619	76.16667	16.54247	NA	NA	NA	NA	NA	NA	NA	NA	0.9416879	0.9503931
AO_N	2	943.5	907.5	36	1365.5	1350.55	14.95	40.30509	18.66762	79.90307	68.66007	39.11636	16.93237	36	21.63747	14.95	11.243	36	21.63747	14.95	11.243	NA	NA	NA	NA	NA	NA	NA	NA	NA	NA
