ChristieL, 20, F, w, 12, Utica, 2006

vowel	stress	word	F1	F2	F3	B1	B2	B3	t	beg	end	dur	cd	fm	fp	fv	ps	fs	style	glide	F1@20%	F2@20%	F1@35%	F2@35%	F1@50%	F2@50%	F1@65%	F2@65%	F1@80%	F2@80%	nFormants
AY	1	NINETEEN	800.0	1986.1	3205.4	120.9	473.0	732.4	4.618	4.598	4.669	0.071	41	4	4	2	4	4			793.8	1882.0	796.1	2079.2	772.1	2216.4	737.0	2355.9	688.0	2498.3	4	
IY	1	NINETEEN	469.8	2620.0	3621.0	437.8	250.7	2255.7	4.809	4.789	4.849	0.06	11	4	4	2	3	0			801.3	2520.1	454.2	2631.7	490.8	2684.5	506.0	2683.1	519.8	2689.0	4	
IY	0	EIGHTY	528.5	2462.9	2826.3	151.4	511.0	143.8	5.098	5.068	5.158	0.09	12	0	0	0	3	0			536.9	2389.2	528.9	2481.4	545.0	2560.7	532.7	2595.5	514.2	2641.6	5	
EY	1	EIGHT	554.0	2677.7	3184.7	93.4	248.5	2863.4	5.193	5.158	5.228	0.07	21	1	4	1	0	0			492.6	2699.9	515.4	2686.7	554.0	2677.7	583.8	2674.9	591.9	2669.3	4	
EH	1	YES	648.6	2147.0	3021.3	57.5	248.0	1931.3	13.63	13.583	13.724	0.141	2	3	4	1	9	0			540.7	2217.0	657.5	2143.8	707.4	2084.0	724.0	1813.9	757.8	1880.2	4	
EH	1	WEST	719.2	1677.7	2876.8	51.8	690.8	1227.6	16.308	16.291	16.341	0.05	2	3	4	1	9	3			719.0	1547.1	719.2	1677.7	717.4	1763.8	710.3	1768.7	699.6	1784.4	5	
AH	0	UTICA	643.8	1304.7	2556.3	66.8	654.6	1197.7	16.69	16.67	16.73	0.06	6	0	0	0	6	0			633.5	1363.2	644.2	1296.8	643.7	1323.0	640.0	1416.2	641.8	1468.2	5	
AE	1	YEAH	660.1	2202.3	3120.1	27.9	174.2	272.0	20.011	19.955	20.124	0.169	3	0	0	0	9	0			600.1	2343.4	663.9	2177.1	682.7	2049.8	717.3	1914.6	833.0	1793.5	5	
IH	1	LIVED	570.0	1675.9	3094.4	29.6	539.1	601.6	25.623	25.593	25.683	0.09	1	3	2	2	7	3			568.9	1772.0	570.4	1664.4	574.0	1426.7	577.3	1354.5	566.0	1354.0	4	
IY	1	EAST	396.1	2715.9	4263.8	101.7	124.7	729.8	25.989	25.942	26.082	0.14	11	3	4	1	0	3			409.0	2803.7	390.4	2710.4	353.6	2680.7	354.6	2671.4	369.3	2560.4	3	
AH	0	UTICA	592.9	1865.2	2671.3	41.7	1227.4	244.0	26.349	26.332	26.382	0.05	6	1	6	1	3	1			593.7	1873.2	592.9	1865.2	583.9	1804.2	564.1	1705.4	547.1	1655.4	4	
AH	0	UTICA	740.8	1435.4	3098.3	261.6	221.4	419.0	26.559	26.462	26.753	0.291	6	0	0	0	6	0			627.7	1409.3	722.0	1414.9	740.7	1397.7	740.7	1318.7	717.6	1338.7	4	
AY	1	I	868.7	1617.2	2995.5	158.1	718.0	937.9	27.022	26.942	27.102	0.16	41	0	0	0	0	0		s	844.3	1679.3	857.0	1566.3	868.7	1617.2	836.2	1809.2	743.8	1683.6	4	
AH	1	WAS	652.2	1419.0	2967.6	81.3	1107.8	1448.3	27.262	27.202	27.382	0.18	6	3	4	2	9	0			651.7	1393.5	652.7	1484.8	597.9	1500.0	600.4	1624.4	572.7	1656.4	5	
EY	1	EIGHT	699.4	2514.7	3373.5	347.2	700.5	1165.0	28.664	28.635	28.796	0.161	21	1	4	1	0	0			614.0	2459.5	530.6	2424.0	522.7	2479.1	533.0	2351.9	516.7	2246.1	4	
AY	1	NINE	883.1	1653.5	2360.7	193.8	175.8	1398.1	28.985	28.946	29.165	0.219	41	4	4	2	4	0			861.5	1022.7	835.6	865.8	735.7	939.2	622.5	797.3	471.6	896.2	6	
AY	1	I	769.4	1594.9	1986.2	190.6	575.5	610.5	30.269	30.246	30.325	0.079	41	0	0	0	0	0		m	748.4	1644.2	759.9	1584.7	769.3	1593.3	757.2	1539.6	716.0	1440.9	6	
AY	1	LIVED	649.8	1712.4	2898.9	75.4	541.0	1524.0	30.464	30.406	30.615	0.209	41	3	2	2	7	3		s	641.1	1657.3	648.7	1740.4	648.8	1892.4	643.0	1727.8	639.8	1693.6	5	
AE	1	AND	822.0	1657.6	2408.9	476.9	667.0	1212.3	31.069	31.045	31.116	0.071	3	4	4	2	0	3			869.0	1516.9	812.7	1673.3	740.5	1842.3	662.9	1822.2	635.8	1667.4	5	
AH	0	IT	641.3	1575.5	2048.5	172.3	1663.5	349.6	31.345	31.325	31.386	0.061	6	1	4	1	0	0			629.1	1590.1	643.1	1565.0	657.6	1731.9	653.4	1523.8	629.5	1157.1	6	
IY	1	EAST	523.1	2981.6	3754.3	318.7	133.5	752.4	32.237	32.207	32.296	0.089	11	3	4	1	0	3			621.5	3165.3	525.0	2979.6	513.5	2940.7	494.4	2937.7	472.1	2940.7	3	
EH	1	WEST	729.4	1644.0	3422.8	144.1	343.1	679.8	32.723	32.706	32.757	0.051	2	3	4	1	9	3			748.9	1599.8	724.1	1653.1	685.8	1689.4	645.0	1726.2	619.0	1752.4	4	
AH	1	COLUMBUS	673.1	1071.8	2330.8	231.9	220.9	333.4	35.955	35.935	35.995	0.06	6	4	1	2	7	4			666.3	1049.8	672.8	1074.5	666.9	1079.1	656.9	1065.7	646.5	1042.8	6	
AE	1	ACADEMY	668.5	2115.6	3043.7	44.2	202.2	178.7	39.075	39.048	39.129	0.081	3	1	4	2	6	2			663.5	2152.3	668.7	2112.5	666.2	2087.1	650.7	2056.0	620.6	1996.6	5	
IH	1	HERE	559.7	2360.3	2928.3	88.4	229.4	210.1	44.418	44.394	44.465	0.071	14	6	4	2	0	0			524.7	2368.3	564.9	2356.3	624.3	2334.9	657.1	2347.4	660.7	2280.1	5	
AA	1	MOM	874.2	1431.4	3462.1	145.9	105.8	485.3	46.827	46.797	46.887	0.09	5	4	1	2	2	0			906.3	1404.4	873.0	1433.4	855.7	1444.7	848.6	1420.6	853.8	1288.6	4	
AO	1	BORN	560.8	1018.7	3168.1	90.1	339.4	249.6	47.159	47.136	47.206	0.07	64	6	4	2	1	3			563.3	977.3	561.7	1025.1	582.3	1047.3	669.8	1081.3	737.1	1157.5	4	
AH	0	FLORIDA	755.1	1355.0	3047.6	116.6	719.3	213.8	47.73	47.697	47.796	0.099	6	0	0	0	3	0			720.8	1385.6	760.1	1333.3	777.4	1132.1	747.8	1017.9	670.5	1133.1	5	
AE	1	AND	807.3	1954.5	3073.3	277.2	717.2	275.6	48.264	48.247	48.297	0.05	3	4	4	2	0	3			778.4	1869.0	807.3	1954.5	800.8	2033.2	788.0	2049.4	749.7	2109.9	5	
AY	1	I	910.6	1899.2	3093.4	61.2	524.3	313.9	48.369	48.347	48.427	0.08	41	0	0	0	0	0		m	909.3	1868.8	903.5	1731.3	903.3	1692.4	896.4	1678.9	863.8	1638.7	4	
AY	1	MY	906.1	1953.3	3704.3	133.1	446.3	633.6	48.828	48.797	48.896	0.099	41	0	0	0	2	0		m	884.7	1810.9	902.6	1980.9	818.4	2033.9	703.1	2060.7	645.5	2275.1	4	
AE	1	DAD	652.8	2089.2	2820.5	45.9	218.9	270.2	48.973	48.936	49.047	0.111	3	1	4	2	3	0			502.8	1665.6	653.9	2076.4	655.3	2000.5	646.6	1961.3	634.9	1873.6	6	
OW	1	NO	825.5	1364.6	2536.9	313.6	264.4	394.9	52.588	52.558	52.708	0.15	63	0	0	0	4	0			825.5	1364.6	853.6	1270.9	850.6	1227.9	866.0	1776.6	691.7	1307.7	6	
OW	1	NO	818.5	1501.0	3265.6	181.0	336.6	709.6	57.501	57.476	57.575	0.099	63	0	0	0	4	0			821.3	1547.5	824.5	1431.6	855.3	1339.4	878.4	1554.6	886.2	2145.3	4	
AY	1	I	682.5	1393.1	2544.0	229.2	385.7	328.5	58.048	58.009	58.089	0.08	41	0	0	0	0	0		m	609.3	1478.6	639.8	1428.6	685.6	1393.9	696.9	1580.2	620.6	1819.4	5	
AA	1	DROPPED	699.8	1604.1	2625.4	53.8	488.9	269.0	58.239	58.209	58.299	0.09	5	1	1	1	8	3			687.4	1796.0	700.4	1592.6	702.2	1449.5	672.5	1225.8	635.6	1320.1	6	
AW	1	OUT	683.0	1758.4	2985.4	39.8	295.2	326.8	58.425	58.398	58.508	0.11	42	1	4	1	0	0			679.7	1771.2	694.0	1682.1	711.4	1328.1	701.3	1101.5	675.1	1155.4	5	
AY	1	HIGH	992.9	1584.3	2883.9	170.2	346.1	298.8	62.623	62.627	62.727	0.1	41	0	0	0	0	0			958.6	1517.6	885.7	1725.3	835.5	1923.7	734.0	1967.5	637.2	1966.2	5	
UW	1	SCHOOL	528.5	862.5	2539.4	117.3	111.9	2145.2	62.907	62.887	62.947	0.06	72	5	4	2	6	0			519.2	854.6	530.3	864.2	542.8	875.8	551.7	898.4	558.7	935.5	6	
AY	1	I	840.4	1094.1	2933.3	126.7	166.5	153.7	63.02	62.976	63.107	0.131	41	0	0	0	0	0		m	797.4	1131.2	839.5	1088.6	798.9	1064.8	740.8	1069.8	677.8	1029.6	5	
IH	1	IN	561.7	2047.4	3020.6	96.9	730.6	523.1	63.286	63.266	63.326	0.06	1	4	4	2	0	0			526.5	1950.8	566.5	2063.1	611.7	2208.8	655.1	2289.8	681.4	2281.8	5	
OW	1	ONLY	697.5	1132.1	2954.3	115.3	166.0	401.2	64.121	64.114	64.164	0.05	62	4	4	2	0	1			697.5	1132.1	694.4	1102.8	686.7	1034.6	687.5	1015.3	689.1	1047.5	6	
AY	1	LIKE	684.3	1689.4	3297.0	85.5	237.6	642.4	64.292	64.294	64.384	0.09	47	1	6	1	7	0			671.5	1722.9	662.3	1935.2	648.4	2131.4	593.1	2283.3	484.1	1997.3	5	
UW	1	TWO	556.9	1569.3	2213.6	294.1	514.3	983.3	64.53	64.513	64.563	0.05	73	0	0	0	3	0			599.8	1646.7	556.9	1569.3	485.9	1489.3	481.4	1485.4	497.3	1551.8	6	
IH	1	YEARS	512.4	2628.1	3560.9	232.7	168.9	691.0	64.65	64.613	64.723	0.11	14	6	4	2	9	3			504.2	2643.7	516.1	2625.0	572.7	2564.0	628.2	2465.6	635.5	2488.6	3	
AH	0	THIS	556.1	1670.3	2875.3	130.2	421.9	300.8	64.87	64.853	64.903	0.05	6	3	4	1	3	0			551.8	1651.9	556.6	1674.5	553.0	1716.7	546.9	1837.4	546.8	1904.8	5	
AY	1	MY	840.4	1770.3	2986.6	140.9	510.9	756.5	65.101	65.084	65.173	0.089	41	0	0	0	2	0		m	808.8	1711.2	618.8	1232.3	544.1	804.7	616.7	759.0	500.8	744.5	6	
AA	1	NOT	927.4	1841.8	3256.4	66.8	190.4	254.5	72.186	72.159	72.239	0.08	5	1	4	1	4	0			858.1	1794.2	931.0	1848.1	934.2	1938.8	886.6	2022.9	807.9	2116.4	4	
EH	1	YET	662.8	2300.3	3125.5	42.8	294.7	195.5	72.341	72.298	72.428	0.13	2	1	4	1	9	0			596.0	2407.1	643.5	2169.8	690.7	1755.4	796.1	2080.4	805.3	1396.9	5	
AY	1	MY	846.7	1482.6	3219.0	126.6	285.6	635.8	95.429	95.403	95.463	0.06	41	0	0	0	2	0		s	818.4	1405.4	846.6	1475.3	834.0	1546.9	781.0	1632.4	693.1	1706.0	4	
AE	1	FAMILY	571.2	2206.1	3006.3	85.6	304.5	137.3	95.596	95.563	95.662	0.099	39	4	1	2	1	1			550.3	2262.3	576.8	2195.0	661.7	2159.9	733.7	2069.3	729.5	1768.1	5	
AW	1	OUT	704.6	1492.3	3063.0	62.1	335.5	709.9	95.965	95.942	96.042	0.1	42	1	4	1	0	0			695.9	1527.6	745.3	1337.0	762.2	1183.4	728.1	1212.9	670.4	1316.5	5	
EH	1	THERE	687.4	2023.8	3444.2	50.3	1272.2	1307.3	96.145	96.122	96.192	0.07	24	6	4	2	3	0			684.6	2021.6	688.2	2045.5	701.2	2226.0	702.2	2223.3	706.6	1984.9	4	
AY	1	I	976.0	1572.6	2950.5	137.7	403.4	366.4	99.639	99.598	99.708	0.11	41	0	0	0	0	0		s	789.0	1699.3	974.5	1603.5	962.3	1592.7	942.1	1702.7	893.9	1559.2	5	
OW	1	DON'T	768.9	1332.2	1658.7	117.6	219.7	1378.7	99.757	99.748	99.808	0.06	62	4	4	2	3	0			768.9	1332.2	772.8	1261.2	770.2	1190.3	771.7	1141.0	768.9	1097.5	6	
OW	1	GO	614.9	1098.6	3175.9	126.9	239.9	466.5	99.908	99.888	99.977	0.089	63	0	0	0	6	0			614.9	1098.6	661.0	1133.5	661.6	1141.5	646.8	1144.4	605.9	1140.1	5	
AY	1	MY	893.2	1630.9	2997.1	107.1	114.7	187.0	100.158	100.147	100.218	0.071	41	0	0	0	2	0		s	890.4	1656.0	840.9	1731.7	751.3	1806.8	633.9	1861.2	548.5	1873.2	5	
AE	1	GRANDMOTHER	681.1	1903.2	2515.5	117.6	420.5	413.8	100.335	100.308	100.388	0.08	39	4	1	2	8	2			625.0	1891.9	686.2	1901.1	744.9	1848.5	787.2	1760.2	792.5	1588.3	5	
ER	0	GRANDMOTHER	610.9	1482.0	2879.5	87.1	411.1	519.4	100.574	100.557	100.607	0.05	94	0	0	0	3	0			624.5	1498.0	610.9	1482.0	573.1	1447.6	532.8	1405.9	499.3	1364.5	5	
OW	1	GOES	564.3	1101.4	2631.1	104.6	144.4	909.3	100.667	100.648	100.757	0.109	62	3	4	2	6	0			577.2	1094.8	617.0	1098.5	608.6	1094.2	601.0	1158.2	567.9	1249.0	5	
EH	1	THERE	659.9	1865.2	3023.8	70.6	255.2	295.5	100.897	100.857	100.977	0.12	24	6	4	2	3	0			647.8	1828.8	660.8	1871.1	672.3	1872.0	692.3	1824.6	717.4	1735.8	4	
AA	1	LOT	828.3	1126.0	1903.1	123.7	316.6	970.7	101.104	101.067	101.178	0.111	5	1	4	1	7	0			817.8	1082.3	830.7	1135.8	857.5	1224.6	815.3	1282.6	871.6	1455.6	6	
AY	1	I	926.3	1690.2	3533.3	133.7	413.1	672.3	104.294	104.26	104.37	0.11	41	0	0	0	0	0		m	959.7	1842.4	914.0	1650.8	866.1	1562.0	799.6	1436.1	767.0	2066.6	4	
AY	1	MY	828.7	1743.8	2991.1	116.7	351.5	725.7	106.31	106.307	106.377	0.07	41	0	0	0	2	0		m	771.8	1715.2	683.6	1297.3	564.3	806.5	519.1	1021.7	395.2	1354.9	6	
ER	1	CHURCH	644.6	1968.6	3663.6	221.6	298.2	717.0	106.526	106.506	106.566	0.06	94	2	5	1	5	0			671.5	1990.3	639.5	1968.1	587.9	1968.6	505.0	1896.8	452.5	1989.3	4	
ER	0	FOR	682.4	1449.8	2287.0	39.8	419.0	202.4	109.502	109.482	109.542	0.06	94	0	0	0	8	0			680.8	1423.1	682.5	1451.2	683.0	1461.4	683.0	1488.7	678.8	1554.4	5	
UW	1	YOUTH	454.6	2023.4	2950.5	157.3	980.5	1040.3	109.689	109.672	109.722	0.05	82	3	3	1	9	0			457.7	2018.2	454.6	2023.4	538.3	2296.1	755.4	2689.9	926.1	3033.5	4	
EY	1	ABLAZE	604.0	1657.2	3048.1	91.8	176.1	159.9	109.944	109.931	110.051	0.12	21	3	4	2	8	0			581.6	1733.3	569.7	1852.0	571.5	2071.0	571.7	2313.2	557.8	2296.9	5	
OW	1	NO	851.6	1642.0	2684.9	188.7	235.4	1060.6	114.101	114.091	114.151	0.06	63	0	0	0	4	0			851.6	1642.0	857.0	1590.5	856.2	1548.3	858.1	1511.0	867.0	1481.2	6	
AY	1	MY	820.1	1729.7	2450.2	188.5	285.6	1795.3	118.096	118.082	118.133	0.051	41	0	0	0	2	0		s	807.4	1582.9	815.9	1768.4	811.0	1850.9	675.8	1595.7	563.7	1373.4	6	
AY	1	LIVE	849.7	1794.5	3306.0	454.8	712.8	560.5	118.796	118.772	118.822	0.05	41	3	2	2	7	0		m	558.5	1232.2	590.6	1183.6	614.7	1184.1	622.8	1205.7	620.5	1219.6	5	
AW	1	OUT	704.2	1133.3	2785.4	89.0	323.6	549.3	118.904	118.872	119.002	0.13	42	1	4	1	0	0			666.7	1120.7	744.4	1108.9	788.7	1162.5	794.4	1241.1	747.3	1200.7	5	
EH	1	THERE	700.7	2034.9	3303.5	73.9	797.9	856.9	119.136	119.113	119.182	0.069	24	6	4	2	3	0			708.6	1894.3	699.9	2048.8	696.5	2202.2	700.9	2237.1	701.3	2245.4	4	
OW	1	NO	831.6	1900.6	3416.2	126.3	428.6	732.0	123.387	123.379	123.459	0.08	63	0	0	0	4	0			821.6	1895.5	805.8	1633.6	789.0	1612.9	769.3	1616.3	755.8	1521.8	5	
AY	1	I	936.2	1334.3	2906.9	98.0	211.9	925.9	127.973	127.903	128.043	0.14	41	0	0	0	0	0		m	921.4	1381.2	936.1	1337.5	928.0	1305.1	916.7	1319.2	858.6	1232.6	5	
EH	1	THERE	720.4	1544.4	3010.3	78.4	704.1	377.5	128.369	128.352	128.403	0.051	24	6	4	2	3	0			731.9	1605.5	717.3	1529.3	695.3	1453.7	674.4	1413.8	661.6	1399.5	5	
AW	1	HOUR	1014.7	1367.0	3212.8	109.1	277.4	346.0	128.804	128.792	128.992	0.2	42	0	0	0	0	1			1015.5	1375.9	977.4	1311.7	839.3	1181.7	696.0	1028.8	680.8	864.2	4	
ER	0	HOUR	660.9	1460.0	3379.7	69.3	153.8	761.5	129.035	128.992	129.122	0.13	94	0	0	0	0	0			676.1	1422.1	658.2	1460.8	648.6	1466.1	644.3	1586.0	625.2	1665.2	4	
IY	0	ONLY	648.5	1731.4	2997.4	143.4	394.9	522.9	139.019	138.999	139.059	0.06	12	0	0	0	7	0			662.6	1758.1	647.4	1724.5	632.8	1939.3	708.8	2247.0	845.6	2594.2	4	
EY	1	PLACE	671.4	1704.9	2747.6	15.9	141.1	789.4	139.14	139.128	139.188	0.06	21	3	4	1	8	0			671.4	1704.9	662.6	1751.5	651.3	1826.7	636.0	1940.5	592.0	1873.1	6	
AY	1	I'VE	661.7	1933.1	3465.9	232.9	496.3	794.8	139.26	139.268	139.398	0.13	41	3	2	2	0	0		s	634.0	1896.7	649.6	1968.2	633.0	2058.7	584.8	1930.0	550.5	1912.7	4	
IH	1	REALLY	551.5	1960.4	2999.3	38.6	219.0	419.8	139.518	139.498	139.558	0.06	1	5	4	2	7	1			551.7	1940.8	551.3	1957.5	549.6	1911.6	543.5	1800.2	522.9	1671.8	4	
IY	0	REALLY	525.6	2346.9	3016.8	79.6	246.4	507.8	139.645	139.608	139.718	0.11	12	0	0	0	7	0			531.8	2255.5	524.9	2355.5	521.4	2296.3	527.6	1897.3	551.8	1446.6	4	
IY	0	REALLY	544.4	2585.0	3849.6	180.6	499.3	356.1	139.846	139.829	139.879	0.05	12	0	0	0	7	0			543.0	2591.4	544.4	2585.0	547.1	2580.9	539.8	2607.6	497.6	2561.1	3	
AY	1	OUTSIDE	939.1	1596.9	2857.2	63.8	906.1	335.6	140.327	140.288	140.379	0.091	41	1	4	2	3	0		m	924.0	1382.9	938.5	1610.6	922.1	1597.1	870.7	1557.2	762.1	1511.3	5	
AO	1	YORK	637.1	1195.5	2503.3	60.9	289.4	260.2	140.642	140.619	140.688	0.069	64	6	4	2	9	3			583.4	1211.1	642.2	1191.8	674.0	1135.4	686.0	1083.9	691.5	1064.8	5	
AH	1	WAS	652.0	1102.7	2760.9	20.0	703.7	485.0	140.986	140.909	141.139	0.23	6	3	4	2	9	0			650.9	1016.3	652.2	1139.3	651.5	1429.9	648.0	1705.4	636.7	1822.1	5	
AH	0	A	774.1	1564.7	2974.0	193.9	449.0	326.6	150.462	150.442	150.502	0.06	6	0	0	0	0	0			778.4	1682.8	775.7	1548.3	771.5	1398.0	706.0	1340.2	636.6	1319.4	5	
AA	1	LOT	861.3	1494.5	3034.4	96.6	183.3	256.4	150.55	150.533	150.583	0.05	5	1	4	1	7	0			825.0	1495.0	861.3	1494.5	907.6	1527.5	931.9	1562.0	943.9	1580.0	5	
IY	1	PEOPLE	482.1	2113.8	2770.5	219.1	167.2	314.6	150.729	150.702	150.783	0.081	11	1	1	1	1	1			493.9	2146.9	483.3	2108.5	512.8	1927.7	544.1	1616.9	538.1	1302.0	5	
OW	1	GO	578.3	879.5	2506.9	140.9	227.7	31.4	150.924	150.902	150.992	0.09	63	0	0	0	6	0			576.7	879.8	613.8	861.6	615.2	924.6	607.3	1054.9	635.8	1184.5	5	
AW	1	DOWN	832.9	1531.0	2770.6	92.9	217.9	301.6	151.049	151.022	151.142	0.12	42	4	4	2	3	0			824.1	1553.7	868.7	1502.1	879.0	1472.8	849.9	1461.0	807.2	1477.9	4	
IH	1	CITY	536.8	2095.6	3074.1	59.2	206.4	271.7	151.49	151.473	151.523	0.05	1	1	4	1	3	1			537.4	2080.8	536.8	2095.6	532.6	2112.0	527.0	2116.0	513.4	2102.6	4	
IY	0	CITY	470.8	2515.3	3186.5	87.0	440.9	543.5	151.612	151.562	151.713	0.151	12	0	0	0	3	0			467.1	2537.1	475.2	2508.8	459.0	2541.5	521.8	2491.9	727.5	2280.5	4	
IY	0	CITY	486.6	2425.3	2948.5	58.5	182.6	135.4	153.085	153.048	153.158	0.11	12	0	0	0	3	0			488.3	2395.7	486.5	2430.0	476.2	2421.9	454.6	2444.3	569.0	2336.2	5	
AY	1	I	837.2	1915.2	3055.5	66.9	289.9	525.4	159.285	159.255	159.365	0.11	41	0	0	0	0	0			835.2	1856.1	837.2	1918.8	826.1	1961.4	828.0	2039.4	817.5	2160.3	4	
OW	1	KNOW	750.3	1355.7	2644.3	113.3	258.0	239.1	159.462	159.454	159.524	0.07	63	0	0	0	4	0			750.1	1343.7	749.3	1289.9	746.1	1177.3	734.3	1061.6	704.6	943.5	6	
AH	1	OF	645.3	893.4	2564.6	146.2	156.4	414.5	159.554	159.524	159.615	0.091	6	3	2	2	0	0			675.2	847.8	645.5	899.0	653.5	937.1	658.9	959.2	653.8	975.2	5	
AA	1	LOT	867.0	1420.3	2585.2	22.0	256.3	334.0	169.427	169.407	169.467	0.06	5	1	4	1	7	0			856.6	1421.8	867.8	1420.0	874.2	1417.4	876.5	1417.9	878.7	1421.6	6	
AY	1	LIKE	756.1	1567.6	3237.5	95.4	340.6	205.3	169.696	169.677	169.806	0.129	47	1	6	1	7	0			754.4	1630.6	716.0	2004.3	624.1	2197.5	532.4	2351.6	505.2	2471.7	4	
EH	1	CONNECTION	847.8	1912.0	3071.2	87.6	183.6	179.4	171.273	171.256	171.306	0.05	2	1	6	1	4	4			844.6	1900.9	847.8	1912.0	842.4	1937.0	820.3	1973.1	791.8	2003.3	4	
AY	1	LIKE	672.2	1879.6	3223.0	57.4	316.9	234.4	171.751	171.725	171.855	0.13	47	1	6	1	7	0			672.2	1879.6	660.2	2005.1	647.0	2138.2	616.4	2286.0	525.1	2294.5	5	
UW	1	JEWELRY	494.6	2048.3	4005.8	98.8	372.1	449.5	172.295	172.275	172.335	0.06	82	5	4	2	5	2			496.9	2027.2	494.4	2051.7	492.3	2066.0	492.3	2043.9	493.0	2017.3	3	
ER	0	JEWELRY	502.8	1765.2	4177.2	125.8	1027.4	889.4	172.399	172.365	172.466	0.101	94	0	0	0	7	1			504.0	1845.6	502.8	1763.5	504.0	1897.2	499.1	1916.5	485.9	2025.0	3	
IY	0	JEWELRY	493.8	2427.5	2916.6	172.5	294.7	725.6	172.539	172.466	172.686	0.22	12	0	0	0	7	0			459.6	2412.9	501.8	2429.7	465.3	2485.0	458.3	2562.2	519.6	2638.9	4	
AH	1	STUFF	679.3	1153.1	2483.7	70.4	551.9	97.7	173.662	173.625	173.736	0.111	6	3	2	1	3	0			652.5	1260.3	681.4	1127.8	693.7	1024.7	677.5	1062.8	641.7	1367.0	5	
AY	1	LIKE	629.1	1785.4	3023.5	35.4	335.9	927.3	173.836	173.826	173.916	0.09	47	1	6	1	7	0			624.1	1890.1	607.1	2008.9	581.3	2090.5	523.5	2176.9	457.8	2150.0	5	
AY	1	BUY	947.4	1773.8	3297.4	83.4	314.4	619.8	174.784	174.745	174.885	0.14	41	0	0	0	1	0			945.6	1795.9	943.4	1812.0	910.4	1942.9	812.5	2099.1	675.2	2265.6	4	
UW	1	USED	352.7	1010.1	2343.7	151.2	309.1	463.4	175.281	175.254	175.334	0.08	82	3	4	2	9	3			363.3	1088.6	352.0	1003.9	350.1	954.8	364.1	931.6	397.2	921.7	6	
EH	1	THERE	587.9	1924.7	3083.9	75.3	416.4	999.5	175.745	175.715	175.804	0.089	24	6	4	2	3	0			541.9	1838.2	591.6	1933.8	643.5	2076.0	658.6	2060.4	647.1	1916.1	4	
AA	1	NOT	882.6	1647.7	2930.4	119.6	315.0	1274.1	182.171	182.128	182.258	0.13	5	1	4	1	4	0			858.3	1554.2	888.2	1652.6	894.2	1671.9	820.6	1604.0	691.8	1543.0	5	
IH	1	REALLY	650.6	1981.1	2679.1	103.8	378.2	813.9	182.348	182.318	182.407	0.089	1	5	4	2	7	1			647.2	1940.1	650.7	1980.2	652.0	1933.0	654.1	1835.6	653.6	1739.2	4	
IY	0	REALLY	596.0	2318.6	3938.4	189.7	553.2	704.4	182.51	182.477	182.577	0.1	12	0	0	0	7	0			621.4	2408.2	594.6	2317.5	605.3	2339.7	682.7	2370.5	782.6	2599.5	3	
AA	1	NOT	767.8	1562.7	3174.3	115.6	349.9	812.9	185.845	185.822	185.892	0.07	5	1	4	1	4	0			702.7	1539.2	779.1	1565.3	844.3	1549.5	897.3	1583.6	886.6	1592.3	5	
IY	0	REALLY	534.1	2049.7	3274.5	36.3	268.0	162.7	186.181	186.141	186.261	0.12	12	0	0	0	7	0			542.4	1836.7	533.6	2072.3	531.7	2234.4	528.0	2325.4	526.6	2098.3	5	
AW	1	OUT	804.5	1849.2	3088.8	44.8	375.5	204.9	186.292	186.261	186.411	0.15	42	1	4	1	0	0			801.8	1863.4	863.3	1586.8	866.9	1476.8	835.9	1308.2	730.5	1158.9	4	
AH	0	IN	680.4	1318.9	2348.1	483.0	987.1	665.4	186.458	186.441	186.492	0.051	6	4	4	2	0	0			670.1	1431.3	683.2	1289.1	685.2	1101.2	651.8	923.4	623.1	962.0	6	
AH	0	UTICA	534.6	1670.3	3311.6	184.8	418.3	778.1	186.718	186.701	186.751	0.05	6	1	6	1	3	1			527.3	1696.3	534.6	1670.3	534.5	1655.2	519.8	1698.6	510.9	1748.1	4	
AH	0	UTICA	616.8	1068.6	2473.9	146.5	608.4	599.6	186.841	186.821	186.882	0.061	6	0	0	0	6	0			579.7	1211.9	620.4	1055.8	639.5	1049.3	637.7	1163.2	630.3	1197.7	5	
IH	1	REALLY	610.3	1797.9	3120.9	103.4	222.8	740.6	186.968	186.951	187.001	0.05	1	5	4	2	7	1			603.6	1804.1	610.3	1797.9	614.8	1756.5	605.5	1714.6	596.1	1680.1	5	
IY	0	REALLY	522.5	2048.5	3178.5	112.7	165.4	221.3	187.085	187.051	187.152	0.101	12	0	0	0	7	0			561.6	1939.3	520.2	2053.1	520.8	2088.0	707.8	2139.0	932.6	2189.4	5	
AE	1	YEAH	602.7	2200.6	3346.6	91.7	136.4	2054.9	192.018	191.938	192.179	0.241	3	0	0	0	9	0			566.4	2239.4	608.0	2191.5	649.5	2064.6	710.8	2011.4	806.2	1942.7	4	
AA	1	LOT	833.7	1459.0	2727.6	106.7	440.5	809.4	192.638	192.588	192.738	0.15	5	1	4	1	7	0			786.0	1415.3	834.1	1463.1	778.5	1552.3	675.2	1628.4	641.1	1717.7	5	
AH	1	DRUGS	665.7	1126.2	2597.8	87.3	427.0	365.4	192.999	192.969	193.058	0.089	6	1	6	2	8	3			671.9	1142.6	664.6	1125.5	632.5	1178.0	548.0	1267.8	442.4	1304.0	5	
IH	1	HERE	580.2	2566.4	3911.1	170.2	437.7	1443.0	193.242	193.209	193.308	0.099	14	6	4	2	0	0			553.4	2624.6	583.3	2543.7	601.2	2491.1	608.6	2560.2	621.9	2540.8	3	
AE	1	YEAH	713.5	2080.9	3003.4	111.7	146.8	159.4	194.804	194.761	194.891	0.13	3	0	0	0	9	0			667.0	2132.5	724.3	2074.1	812.0	1964.5	926.6	1825.0	961.3	1779.1	5	
AA	1	NOT	740.6	1519.0	2381.5	94.1	440.0	399.5	199.612	199.595	199.645	0.05	5	1	4	1	4	0			759.5	1560.1	740.6	1519.0	698.3	1454.4	640.3	1425.2	600.8	1428.1	5	
IY	0	REALLY	551.1	1952.0	3230.1	115.5	199.7	278.0	199.858	199.825	199.924	0.099	12	0	0	0	7	0			576.8	1824.1	547.8	1967.9	531.6	2065.4	688.2	2112.4	786.6	2146.5	5	
AE	1	YEAH	700.3	2160.7	2998.2	95.6	334.5	433.7	208.877	208.843	208.944	0.101	3	0	0	0	9	0			657.5	2344.5	702.4	2155.1	721.6	2174.5	732.3	1981.9	753.6	1591.1	4	
OW	1	ONLY	691.8	1087.9	2965.4	110.9	135.7	217.3	209.209	209.184	209.284	0.1	62	4	4	2	0	1			680.0	1088.6	702.4	1082.2	709.6	1071.2	713.9	1079.7	708.7	1093.7	6	
IY	0	ONLY	617.8	1984.7	3092.6	125.8	367.8	901.2	209.37	209.353	209.403	0.05	12	0	0	0	7	0			631.0	1893.8	617.8	1984.7	578.0	2155.4	522.4	2217.3	472.7	2157.4	5	
IH	1	GET	496.6	2467.7	3353.6	256.7	229.0	603.3	209.45	209.423	209.503	0.08	1	1	4	1	6	0			470.5	2525.0	499.8	2462.3	547.4	2397.0	587.8	2297.6	590.5	2153.8	4	
AA	1	JOBS	829.7	1485.2	1644.3	89.2	349.9	2147.5	209.656	209.603	209.763	0.16	5	1	1	2	5	3			753.6	1258.7	841.2	1475.5	925.0	1479.3	914.8	1418.5	832.5	1348.0	6	
AY	1	LIKE	701.6	1781.2	3287.8	79.7	245.3	222.8	209.967	209.953	210.074	0.121	47	1	6	1	7	0			693.9	1897.9	675.3	2039.3	638.8	2172.5	592.6	2292.2	534.3	2439.7	5	
AO	1	WALMART	718.3	909.2	2288.5	75.1	509.9	448.2	210.921	210.855	211.054	0.199	53	5	4	2	9	4			556.3	823.3	723.5	925.7	726.5	1031.6	749.7	1002.5	839.1	976.9	6	
AE	1	AND	853.4	1749.5	2449.6	133.1	345.7	1274.8	211.344	211.284	211.464	0.18	3	4	4	2	0	3			874.4	1714.4	849.8	1753.4	783.9	1787.1	748.1	1922.6	738.8	1952.2	4	
AA	1	DOLLAR	987.6	1681.1	2919.5	63.2	165.8	636.7	212.578	212.541	212.651	0.11	5	5	4	2	3	1			902.5	1674.5	994.6	1674.3	1039.8	1587.9	1045.3	1527.8	998.6	1507.1	4	
ER	0	DOLLAR	618.5	1513.1	3232.3	128.1	263.8	476.5	212.791	212.771	212.83	0.059	94	0	0	0	7	0			632.0	1464.8	616.8	1516.8	605.7	1552.7	580.5	1394.8	575.2	1430.2	5	
AO	1	STORES	531.8	1087.9	2620.8	103.2	171.8	534.6	213.047	213.01	213.12	0.11	64	6	4	2	3	3			538.4	1139.7	531.5	1087.5	527.7	1088.2	522.3	1065.2	529.8	1101.6	5	
AH	1	STUFF	677.0	1231.8	2641.4	121.9	347.9	316.5	213.53	213.5	213.591	0.091	6	3	2	1	3	0			668.1	1294.6	679.9	1221.9	712.5	1188.0	760.8	1115.1	800.8	954.1	5	
AE	1	YEAH	637.0	2048.2	3096.4	66.2	139.4	699.8	215.037	214.944	215.223	0.279	3	0	0	0	9	0			564.1	2092.6	646.9	2044.4	749.2	1989.7	797.7	1717.6	845.3	1811.8	4	
AA	1	LOT	812.6	1580.5	3036.0	81.9	227.1	239.5	215.314	215.294	215.353	0.059	5	1	4	1	7	0			801.9	1698.5	813.6	1570.6	819.6	1536.8	819.1	1533.7	803.0	1530.5	4	
AE	1	FAST	727.7	2175.1	2917.0	63.0	210.2	193.6	215.53	215.493	215.603	0.11	33	3	4	1	1	3			675.1	2054.9	730.6	2184.3	731.8	2188.7	724.1	2122.2	717.0	2008.8	5	
UW	1	FOOD	474.7	992.4	2020.5	82.4	114.1	141.7	215.78	215.753	215.834	0.081	72	1	4	2	1	0			479.1	985.1	474.4	993.2	470.9	997.9	470.4	986.9	460.8	941.4	6	
EY	1	PLACES	555.8	1775.9	3111.8	106.3	508.5	227.0	215.975	215.963	216.034	0.071	21	3	4	1	8	1			548.5	1785.7	509.4	1898.4	479.4	2042.9	456.4	2155.6	441.7	2160.0	4	
AH	0	PLACES	503.0	1916.1	2590.9	89.8	680.2	408.0	216.117	216.094	216.163	0.069	6	3	4	2	3	0			488.9	1896.9	504.0	1918.9	515.0	1949.0	518.6	1918.2	523.3	1910.4	5	
AE	1	YEAH	705.4	2127.3	3001.4	98.1	623.4	184.9	220.595	220.552	220.682	0.13	3	0	0	0	9	0			593.1	1637.4	719.8	2203.5	745.7	1926.3	756.8	1709.0	782.5	1663.7	5	
IY	1	LEAVING	523.3	2376.8	3202.4	124.6	311.9	123.4	220.888	220.861	220.941	0.08	11	3	2	2	7	1			522.1	2248.5	523.5	2383.4	524.4	2405.8	515.4	2411.0	495.9	2240.2	5	
AH	0	FLORIDA	747.3	1586.7	2775.2	150.9	665.3	644.5	223.384	223.364	223.424	0.06	6	0	0	0	3	0			717.2	1594.8	750.9	1586.2	767.2	1576.3	744.4	1521.5	797.7	1465.3	5	
AY	1	MY	878.0	1748.3	3032.4	123.3	580.1	264.9	230.215	230.207	230.257	0.05	41	0	0	0	2	0		m	877.2	1774.0	863.2	1773.3	808.2	1698.6	723.1	1547.2	670.7	1452.0	5	
AH	1	BROTHER	695.4	1533.5	2543.2	65.0	361.7	210.6	230.398	230.368	230.458	0.09	6	3	3	2	8	1			660.7	1451.4	697.5	1540.5	717.2	1621.7	713.3	1607.6	671.2	1483.2	5	
ER	0	BROTHER	624.0	1888.3	3014.9	127.3	261.0	270.3	230.528	230.498	230.587	0.089	94	0	0	0	3	0			635.8	1952.6	623.5	1885.9	624.4	1861.6	621.8	1866.1	563.8	1865.6	5	
EH	1	THERE	515.0	1892.8	3175.4	87.9	384.6	1538.2	230.787	230.767	230.827	0.06	24	6	4	2	3	0			488.4	1883.6	518.3	1892.2	547.2	1884.4	571.9	1858.2	591.3	1822.5	5	
OW	1	GO	663.4	1260.4	2524.3	228.4	361.7	1428.5	239.448	239.434	239.574	0.14	63	0	0	0	6	0			553.3	993.6	567.3	1003.1	501.5	1191.2	473.4	1273.7	494.3	1224.9	6	
AH	0	TO	573.9	1936.1	3048.7	146.0	449.7	548.2	239.634	239.614	239.674	0.06	6	0	0	0	3	0			598.7	1886.7	570.4	1935.0	547.2	1821.8	595.3	1706.2	650.4	1677.2	5	
AH	1	CLUBS	731.5	1165.3	1894.6	46.5	265.4	2652.0	240.234	240.214	240.273	0.059	6	1	1	2	8	3			736.1	1153.1	730.7	1157.4	712.2	1085.4	676.2	1019.9	614.8	1013.0	6	
AA	1	BARS	724.0	1187.1	2454.4	77.5	297.3	290.3	240.58	240.543	240.653	0.11	44	6	4	2	1	3			697.0	1206.5	727.1	1185.8	747.8	1207.4	790.2	1616.3	768.7	1785.2	5	
AY	1	LIKE	615.9	1827.7	3197.1	127.4	205.8	447.0	272.501	272.451	272.571	0.12	47	1	6	1	7	0			566.4	1471.1	607.4	1654.4	605.7	1943.1	533.0	2181.2	462.6	2458.8	4	
IH	1	IN	474.2	2251.8	2751.7	73.1	195.9	309.2	272.638	272.621	272.671	0.05	1	4	4	2	0	0			477.8	2279.2	474.2	2251.8	480.6	2183.9	477.7	2125.8	466.5	2079.4	5	
EY	1	JAIL	662.6	2222.7	2759.1	154.0	124.6	336.6	273.009	272.961	273.08	0.119	21	5	4	2	5	0			651.1	2197.2	659.0	2220.7	643.2	2234.1	620.8	2265.0	615.1	2298.7	5	
AY	1	LIKE	648.9	1520.8	2786.1	27.5	843.6	992.9	273.315	273.3	273.36	0.06	47	1	6	1	7	0			648.4	1442.5	647.0	1670.7	635.5	1929.1	604.6	2062.1	554.3	2173.9	5	
AA	1	CARDBOARD	979.0	1488.9	2577.7	71.8	372.8	627.4	274.712	274.669	274.799	0.13	44	6	4	2	6	4			997.8	1511.0	970.5	1479.5	861.6	1493.6	788.1	1515.7	743.7	1376.8	6	
AO	2	CARDBOARD	492.5	910.5	2545.9	49.4	14.7	111.1	274.995	274.958	275.068	0.11	64	6	4	2	1	3			487.0	913.3	493.2	910.5	501.8	915.7	519.5	929.7	574.9	1020.5	5	
EH	1	BED	754.3	2000.2	3161.3	57.5	261.7	617.7	277.391	277.357	277.458	0.101	2	1	4	2	1	0			699.8	1909.6	755.8	2002.8	770.1	2011.7	773.9	2014.2	741.0	1983.0	4	
AH	0	A	515.0	1615.0	3077.9	48.6	900.2	253.9	277.598	277.568	277.657	0.089	6	0	0	0	0	0			515.3	1594.6	515.7	1611.9	521.5	1587.5	492.7	1605.3	395.5	1638.6	4	
EH	1	BED	646.4	1651.7	3070.1	56.9	387.9	553.0	277.771	277.738	277.837	0.099	2	1	4	2	1	0			629.4	1646.8	649.4	1661.2	675.9	1727.3	696.0	1722.2	709.8	1697.3	4	
AE	1	YEAH	673.3	2183.0	2977.1	78.3	131.2	291.9	278.322	278.289	278.389	0.1	3	0	0	0	9	0			598.6	2254.0	681.0	2175.7	704.3	1858.4	705.9	1452.6	704.8	1545.8	5	
AA	1	NOT	921.6	1774.6	2931.8	73.2	236.6	561.7	278.499	278.469	278.559	0.09	5	1	4	1	4	0			897.4	1812.3	921.8	1764.1	922.6	1707.4	930.3	1668.6	902.0	1687.8	5	
ER	0	COMFORTABLE	628.4	1045.3	2504.0	196.1	149.8	203.0	278.725	278.708	278.758	0.05	94	1	4	1	1	2			657.0	1032.1	628.4	1045.3	561.8	1083.0	505.1	1123.3	456.6	1147.7	6	
EH	1	BED	793.4	1786.8	2955.1	96.4	250.0	538.3	279.721	279.694	279.774	0.08	2	1	4	2	1	0			698.6	1765.7	798.5	1786.2	835.8	1801.4	841.8	1799.3	812.5	1789.3	5	
AH	0	IS	608.8	1849.3	2080.7	36.1	495.8	806.4	279.827	279.804	279.874	0.07	6	3	4	2	0	0			618.5	1846.2	608.0	1849.8	602.6	1828.0	597.2	1726.7	590.1	1671.5	5	
AH	0	A	576.3	1660.9	3068.4	99.7	277.8	300.5	279.941	279.924	279.974	0.05	6	0	0	0	0	0			568.7	1659.3	576.3	1660.9	585.5	1648.4	572.4	1569.9	531.1	1462.6	5	
EH	1	BED	831.4	1926.5	3319.6	132.1	329.7	780.4	280.104	280.054	280.203	0.149	2	1	4	2	1	0			772.5	1774.4	837.2	1937.8	859.5	2028.6	826.6	2008.6	709.3	1751.3	4	
OW	1	DON'T	834.1	1104.2	1709.1	429.0	325.4	991.3	291.791	291.753	291.904	0.151	62	4	4	2	3	0			853.7	1063.4	816.7	1190.3	882.5	1234.2	861.4	1079.3	694.8	998.9	6	
OW	1	KNOW	760.1	1133.0	3331.6	592.1	224.1	275.3	291.99	291.974	292.104	0.13	63	0	0	0	4	0			758.0	1160.0	740.3	1069.5	863.0	1325.7	957.0	1633.4	934.1	2590.4	4	
AY	1	I	1007.4	1820.0	3202.6	117.4	268.1	1351.9	293.275	293.241	293.31	0.069	41	0	0	0	0	0		m	1095.3	2020.9	1022.2	1767.6	1007.4	1820.0	986.5	1856.9	976.0	1871.6	5	
EH	1	NEVER	848.4	1814.8	3149.5	262.7	383.8	227.9	293.401	293.381	293.441	0.06	2	3	2	2	4	1			861.7	1847.8	846.2	1780.9	812.5	1629.3	760.2	1451.3	685.4	1346.7	5	
AA	1	GOT	810.4	1857.1	2671.9	66.8	283.0	1255.8	293.577	293.551	293.63	0.079	5	1	4	1	6	0			732.5	1860.6	824.7	1843.2	903.9	1794.6	964.1	1754.9	980.7	1732.2	5	
AO	1	CAUGHT	921.3	1116.3	2898.1	75.8	248.0	287.8	293.827	293.771	293.94	0.169	53	1	4	1	6	0			877.6	1154.6	921.8	1119.7	871.3	1160.8	889.4	1113.4	873.4	1134.8	6	
AO	1	CAUGHT	851.9	1156.8	2635.4	75.0	124.2	197.9	297.116	297.069	297.21	0.141	53	1	4	1	6	0			788.1	1111.0	853.8	1160.5	873.1	1206.6	898.9	1312.5	905.2	1428.8	6	
IY	0	SOMEBODY	500.8	2372.9	3022.4	162.4	172.4	550.9	297.826	297.799	297.879	0.08	12	0	0	0	3	0			508.1	2341.7	500.4	2373.2	505.1	2361.8	517.1	2240.1	523.1	2030.1	4	
AY	1	LIKE	706.6	1642.4	3123.5	83.9	159.3	278.6	297.955	297.919	298.07	0.151	47	1	6	1	7	0			703.5	1587.1	697.9	1772.0	645.8	2048.5	542.2	2334.4	471.4	2494.4	4	
AE	1	CATCHES	900.3	1894.0	2813.8	54.9	241.9	514.5	298.522	298.495	298.575	0.08	3	2	5	1	6	1			875.6	1863.9	901.3	1892.0	869.3	1841.6	799.4	1802.4	738.1	1777.1	5	
AH	0	CATCHES	508.6	2062.7	2859.1	51.5	237.1	292.1	298.692	298.675	298.725	0.05	6	3	4	2	5	0			510.2	2067.0	508.6	2062.7	504.1	2054.7	496.4	2043.7	487.3	2035.0	5	
UW	1	YOU	494.7	1967.3	2519.9	91.7	543.9	350.2	298.845	298.825	298.884	0.059	82	0	0	0	9	0			475.4	2007.7	497.3	1958.8	520.3	1901.0	548.1	1762.7	569.3	1767.6	5	
AY	1	I	904.9	1380.8	3503.9	244.9	182.8	344.4	298.999	298.924	299.075	0.151	41	0	0	0	0	0		m	869.1	1392.2	822.0	1336.3	904.9	1380.8	949.4	1447.0	909.4	1327.7	4	
OW	1	KNOW	671.8	1031.9	1991.1	361.7	285.2	993.7	299.26	299.244	299.354	0.11	63	0	0	0	4	0			700.6	1056.6	713.4	1036.7	637.0	987.3	488.8	959.1	375.9	1066.9	6	
AE	1	YEAH	855.5	2175.7		149.8	378.4		302.892	302.839	302.999	0.16	3	0	0	0	9	0			754.9	2263.1	865.5	2174.6	940.7	2275.9	961.5	2452.2	1097.2	2558.7	3	
AY	1	FIND	804.9	1842.2	2819.8	84.2	267.3	264.8	303.887	303.846	303.937	0.091	41	4	4	2	1	3		s	756.5	1475.1	794.0	1727.3	802.8	1874.6	772.4	1921.8	733.3	1999.0	5	
AW	1	OUT	851.0	1807.6	2746.9	75.7	278.5	243.1	304.043	304.017	304.227	0.21	42	1	4	1	0	0			899.7	1678.3	883.7	1300.5	795.2	1228.8	740.0	1172.0	701.8	1129.5	5	
IH	1	IS	603.2	2037.4	3043.0	130.5	348.3	177.7	304.299	304.266	304.366	0.1	1	3	4	2	0	0			583.7	1980.3	604.1	2040.6	617.3	1999.9	625.9	1906.4	627.7	1877.1	5	
EH	1	TELL	812.1	1889.9	3117.0	91.4	532.3	132.2	306.001	305.981	306.042	0.061	2	5	4	2	3	0			747.5	1826.0	819.5	1904.3	861.2	2018.9	873.6	1944.6	867.1	1701.4	4	
AA	1	ON	751.3	1177.5	2431.4	200.6	135.9	453.2	306.099	306.082	306.132	0.05	53	4	4	2	0	0			751.1	1150.6	751.3	1177.5	750.8	1244.6	730.1	1301.7	682.3	1335.3	6	
AH	1	SOMEBODY	619.3	1510.7	3198.2	189.9	635.4	251.5	306.219	306.202	306.252	0.05	6	4	1	2	3	5			657.2	1707.7	619.3	1510.7	627.3	1406.0	640.8	1350.3	637.8	1266.7	4	
OW	1	GO	644.8	1035.1	2876.1	133.3	109.3	312.2	306.623	306.611	306.661	0.05	63	0	0	0	6	0			644.8	1035.1	649.7	1008.6	650.9	972.7	646.1	964.4	635.3	962.4	6	
AE	1	BACK	725.7	2055.6	3013.7	83.4	374.6	426.4	306.734	306.711	306.781	0.07	3	1	6	1	1	0			727.1	1935.8	725.1	2063.0	719.9	2095.3	711.7	2079.1	695.5	2131.5	4	
AE	1	THAT	691.6	1921.2	2989.5	58.1	244.2	303.2	307.151	307.121	307.212	0.091	3	1	4	1	3	0			677.5	1887.7	693.7	1922.3	703.9	1898.4	703.7	1874.7	663.9	1892.0	4	
ER	1	PERSON	592.2	1706.7	2416.9	51.7	629.0	476.7	307.318	307.301	307.351	0.05	94	3	4	1	1	1			595.7	1678.7	592.2	1706.7	584.7	1728.6	575.7	1714.5	563.7	1719.7	5	
AH	0	PERSON	613.5	1578.9	2971.2	46.8	516.1	471.0	307.452	307.432	307.492	0.06	6	4	4	2	3	0			606.1	1604.4	614.6	1573.7	623.5	1548.0	640.6	1511.0	648.6	1526.2	5	
AE	1	MAT	819.5	2149.8	3129.3	119.4	194.2	659.8	327.472	327.422	327.571	0.149	3	1	4	1	2	0			800.2	2138.3	822.7	2148.3	861.4	2172.5	883.2	2256.2	833.6	2257.0	4	
AH	0	IS	594.4	2150.2	3171.2	164.0	578.3	274.3	327.658	327.641	327.691	0.05	6	3	4	2	0	0			602.8	2201.9	594.4	2150.2	587.8	2052.7	576.0	1975.1	569.5	1875.6	5	
AY	1	LIKE	680.2	1719.4	3733.8	55.9	642.6	990.3	327.836	327.811	327.921	0.11	47	1	6	1	7	0			679.7	1649.8	673.6	2027.0	642.2	2251.5	605.7	2422.4	539.5	2519.0	4	
AO	1	SMALLER	840.2	1124.0	2553.6	51.6	342.5	397.7	329.218	329.195	329.265	0.07	53	5	4	2	2	1			784.4	1168.4	844.5	1120.1	862.8	1084.7	862.7	1080.4	855.3	1086.4	6	
AH	1	RUG	755.7	1153.3	3216.2	261.1	830.2	321.6	329.727	329.684	329.814	0.13	6	1	6	2	7	0			728.1	941.6	769.6	1187.3	740.3	1046.8	746.2	1080.3	623.1	868.5	5	
AE	1	YEAH	661.0	2227.3	3142.3	66.0	252.4	441.4	344.645	344.578	344.778	0.2	3	0	0	0	9	0			546.4	2399.7	668.7	2209.9	704.6	2026.4	737.9	1895.6	757.8	1810.9	4	
AY	1	I	835.0	1737.4	2995.5	91.1	294.1	1133.1	345.833	345.797	345.887	0.09	41	0	0	0	0	0		s	922.5	1728.1	864.3	1745.4	802.6	1753.2	777.2	1791.5	754.0	1837.1	5	
IH	1	THINK	514.8	1972.0	2929.4	55.8	260.0	298.7	345.947	345.917	346.007	0.09	1	4	6	2	3	3			525.6	1897.3	512.6	1989.4	502.9	2086.8	491.0	2152.8	476.3	2231.0	4	
EY	1	THEY	583.7	2231.2	2965.0	108.8	132.4	158.7	346.123	346.107	346.177	0.07	22	0	0	0	3	0			583.0	2226.3	578.3	2240.6	549.6	2248.0	511.8	2258.2	477.1	2276.0	5	
UW	1	DO	496.5	1975.8	2802.8	62.6	330.8	258.1	346.263	346.256	346.356	0.1	73	0	0	0	3	0			510.1	1903.1	519.6	1599.6	514.7	1252.9	510.4	1107.2	569.7	1061.9	5	
AE	1	HAVE	726.4	2216.9	3370.2	34.1	690.7	679.2	349.728	349.691	349.801	0.11	3	3	2	2	0	0			718.0	2342.6	726.7	2207.9	729.8	2138.4	727.4	2097.8	707.1	1889.3	4	
AY	1	LIKE	721.1	1424.5	3161.8	179.7	266.7	191.3	349.868	349.881	349.951	0.07	47	1	6	1	7	0			679.6	1886.8	624.4	2099.2	576.3	2286.0	524.6	2476.7	428.2	2272.5	4	
IH	1	DIFFERENT	582.5	1997.0	2875.0	85.6	213.3	183.0	350.057	350.04	350.09	0.05	1	3	2	1	3	1			568.6	2010.7	582.5	1997.0	602.0	1981.6	608.2	1942.2	606.9	1823.9	5	
AY	1	LIKE	774.6	1842.3	3241.6	137.3	253.1	338.6	352.152	352.163	352.243	0.08	47	1	6	1	7	0			657.7	2086.3	592.0	2229.0	537.4	2334.3	496.3	2438.6	448.1	2255.1	5	
OW	1	DON'T	882.3	1469.2	2664.4	80.5	229.0	628.5	352.905	352.898	352.988	0.09	62	4	4	2	3	0			879.3	1431.9	849.6	1280.8	773.0	1144.6	729.8	1114.0	717.9	1095.7	6	
OW	1	O	718.1	1039.8	2932.4	34.4	114.9	429.3	353.215	353.208	353.457	0.249	63	0	0	0	0	0			649.5	936.0	492.5	1301.6	482.5	762.8	465.1	740.6	451.2	904.3	5	
IY	1	D	481.5	2752.6	3040.2	129.2	173.7	562.4	353.621	353.527	353.808	0.281	12	0	0	0	3	0			499.5	2683.9	483.0	2755.5	490.4	2703.8	519.7	2781.6	500.3	2745.8	5	
AY	1	I	869.6	1553.9	2078.8	240.9	320.6	1301.6	354.429	354.419	354.488	0.069	41	0	0	0	0	0		m	865.7	1526.9	863.7	1469.3	867.0	1455.2	862.0	1455.6	851.1	1364.7	6	
OW	1	DON'T	712.3	860.4	2221.6	414.7	588.6	597.4	354.525	354.509	354.619	0.11	62	4	4	2	3	0			714.7	830.1	701.7	905.4	667.6	976.4	718.0	1079.1	710.6	1076.9	6	
AA	1	PROBABLY	826.7	1689.8	2701.1	70.7	279.6	369.5	363.278	363.238	363.359	0.121	5	1	1	2	8	1			766.8	1691.2	828.6	1683.8	836.6	1623.3	821.0	1444.8	793.7	1203.6	5	
IY	0	PROBABLY	531.9	2237.2	2792.6	121.2	231.2	432.5	363.495	363.419	363.648	0.229	12	0	0	0	8	0			504.8	2124.5	540.5	2252.7	641.3	2264.3	668.9	2202.4	657.8	1802.6	5	
IY	1	ME	499.8	2215.7	2791.9	215.3	235.5	711.2	392.496	392.473	392.543	0.07	12	0	0	0	2	0			513.0	2139.2	497.9	2222.2	488.5	2270.6	483.4	2242.2	465.0	2142.8	4	
AO	1	ALL	812.0	1139.0	2739.5	98.1	108.7	278.9	392.719	392.693	392.772	0.079	53	5	4	2	0	0			809.7	1134.2	812.7	1142.1	816.0	1179.8	809.5	1242.4	793.5	1279.0	5	
UW	1	SCHOOL	540.3	930.2	2577.7	268.5	151.4	1218.6	394.696	394.676	394.736	0.06	72	5	4	2	6	0			575.7	969.7	543.2	925.9	576.5	936.4	692.9	1319.7	710.7	1370.8	5	
AY	1	I	855.2	1597.3	3016.8	215.7	198.7	396.3	394.83	394.766	394.906	0.14	41	0	0	0	0	0		s	836.9	1246.5	825.4	1474.1	855.2	1597.3	780.1	1709.3	654.2	1856.9	4	
OW	1	GO	606.8	1087.1	3234.4	109.4	77.2	290.2	394.984	394.955	395.115	0.16	63	0	0	0	6	0			604.6	1093.3	617.6	1084.8	621.2	1071.6	611.7	1240.8	553.3	1598.9	4	
IY	1	WE	543.7	2410.7	3068.0	143.1	304.2	225.3	395.388	395.355	395.455	0.1	12	0	0	0	9	0			544.0	2246.2	543.6	2422.0	536.9	2472.9	505.4	2212.3	483.4	1873.0	5	
AE	1	HAVE	726.8	2140.8	3163.5	44.5	851.8	313.8	395.509	395.485	395.556	0.071	3	3	2	2	0	0			722.7	2228.3	726.4	2129.8	718.5	2022.0	704.4	1863.2	674.9	1696.2	4	
EY	1	A	658.1	2116.3	2955.1	85.3	216.6	236.7	395.624	395.595	395.685	0.09	22	0	0	0	0	0			650.1	1752.3	655.4	2115.4	625.1	2079.9	575.8	2032.8	520.3	1998.9	5	
EH	1	VERY	656.9	2104.1	2676.2	84.0	377.8	398.0	395.799	395.766	395.865	0.099	2	6	4	2	1	1			634.7	2076.8	659.8	2103.4	675.8	2036.4	679.5	1871.7	672.8	1659.4	5	
IY	0	VERY	555.3	2609.9	3675.9	190.8	238.7	1488.1	395.918	395.895	395.965	0.07	12	0	0	0	7	0			572.5	2506.9	553.5	2617.5	532.0	2663.2	505.7	2676.0	921.7	2806.5	3	
IH	1	STRICT	683.3	2097.5	2786.0	93.1	312.0	191.3	396.229	396.205	396.276	0.071	1	1	6	1	8	3			684.5	2081.5	682.1	2100.5	662.8	2154.8	620.0	2238.7	558.1	2270.3	5	
EH	1	DRESS	696.5	1750.1	2806.7	54.1	470.1	150.3	396.485	396.465	396.526	0.061	2	3	4	1	8	0			693.4	1799.2	697.3	1744.9	708.2	1697.1	724.3	1660.0	729.2	1642.8	4	
OW	1	CODE	654.6	1054.1	2610.6	129.3	203.7	787.1	396.707	396.696	396.826	0.13	62	1	4	2	6	0			664.3	1074.2	621.1	1045.3	618.2	1026.3	579.0	1039.5	570.5	1089.5	6	
IY	1	WE	488.9	2710.2	4147.2	199.6	291.9	2600.0	397.374	397.347	397.427	0.08	12	0	0	0	9	0			685.2	2807.6	490.9	2709.0	509.0	2673.5	532.8	2643.0	555.1	2557.7	3	
UW	1	TO	585.1	1564.5	2977.9	178.5	358.2	638.3	397.644	397.628	397.727	0.099	73	0	0	0	3	0			555.4	1464.2	532.1	1121.6	513.9	1008.1	511.6	888.1	482.2	917.4	5	
EH	1	WEAR	723.4	1682.1	3176.6	94.0	360.0	918.8	397.847	397.807	397.927	0.12	24	6	4	2	9	0			684.9	1568.4	727.0	1697.3	746.3	1767.6	751.2	1773.8	751.0	1729.4	4	
AH	1	BUTTON	741.5	1204.5	2554.3	28.5	395.9	547.1	398.104	398.067	398.177	0.11	6	1	4	1	1	1			716.6	1095.8	743.2	1212.2	783.6	1318.5	790.0	1417.8	770.7	1522.7	5	
AW	1	DOWN	786.9	1746.5	4615.4	62.2	266.5	1296.4	398.425	398.388	398.537	0.149	42	4	4	2	3	0			779.1	1802.5	837.9	1662.7	922.6	1582.9	924.9	1489.3	928.4	1414.9	3	
ER	1	SHIRTS	674.1	1610.2	2904.6	69.5	392.0	417.3	398.764	398.727	398.837	0.11	94	1	4	1	5	3			682.6	1624.2	673.4	1609.8	664.8	1634.9	654.2	1727.5	614.3	1699.2	4	
AH	0	WITH	605.1	1488.9	2984.6	161.0	673.9	639.9	399.024	399.007	399.057	0.05	6	3	3	2	9	0			617.0	1385.3	605.1	1488.9	521.6	1611.4	433.3	1636.7	404.4	1589.1	5	
AH	0	A	686.3	1545.8	2950.1	40.9	425.9	353.5	399.168	399.148	399.207	0.059	6	0	0	0	0	0			678.0	1570.9	687.5	1542.4	695.8	1515.2	704.6	1504.3	710.6	1466.2	5	
AA	1	COLLAR	877.7	1450.6	2754.5	62.7	300.5	250.7	399.398	399.358	399.478	0.12	5	5	4	2	6	1			862.9	1422.2	879.6	1436.0	904.1	1330.9	934.2	1395.7	899.8	1404.2	5	
AH	1	BUT	700.6	1451.7	3393.3	19.1	387.0	582.3	400.309	400.235	400.456	0.221	6	1	4	1	1	0			713.5	1517.1	700.2	1450.0	699.7	1391.0	702.3	1369.8	724.0	1398.3	4	
OY	1	BOYS	608.6	989.6	2651.3	116.0	157.4	478.5	401.111	401.041	401.251	0.21	61	3	4	2	1	0			606.6	901.1	610.8	1008.3	696.8	1236.5	719.3	1568.3	587.4	1625.5	5	
AE	1	AND	727.2	2038.9	3304.3	116.0	295.6	285.0	401.85	401.83	401.89	0.06	3	4	4	2	0	3			677.7	1901.3	732.7	2054.3	763.6	2104.1	763.7	2070.1	763.5	2028.5	5	
ER	1	GIRLS	633.3	1582.4	2873.2	128.2	155.7	986.8	402.03	402.01	402.07	0.06	94	5	4	2	6	3			603.2	1590.4	637.5	1581.3	677.1	1572.6	716.4	1572.8	754.0	1604.9	4	
AE	1	MATTER	755.2	2146.7	3685.2	113.7	505.0	956.3	402.481	402.421	402.6	0.179	3	1	4	1	2	1			776.0	2087.0	750.7	2179.0	952.0	2509.2	728.6	2200.6	765.5	1693.0	3	
ER	0	MATTER	723.2	1365.1	3266.4	24.4	183.5	598.9	402.717	402.681	402.79	0.109	94	0	0	0	3	0			717.0	1183.4	724.0	1386.2	737.6	1528.9	668.5	1637.1	519.8	1556.3	4	
EH	1	SEX	759.8	1515.1	2894.2	59.7	556.1	606.5	402.991	402.941	403.091	0.15	2	1	6	1	3	3			724.9	1668.6	764.8	1520.4	784.7	1695.1	716.8	1699.2	644.3	1624.5	4	
AE	1	HAVE	709.9	2344.4	4049.1	55.3	577.8	1857.5	403.331	403.301	403.39	0.089	3	3	2	2	0	0			702.5	2447.6	710.6	2335.7	720.3	2255.0	725.2	2241.4	716.3	2445.4	3	
AE	1	HAVE	716.5	2430.7	4772.5	17.6	609.7	2276.5	403.847	403.817	403.907	0.09	3	3	2	2	0	0			722.8	2502.1	715.9	2430.4	711.5	2542.7	709.1	2675.1	697.7	2709.2	3	
OW	1	THOSE	518.6	718.7	1391.5	1352.4	366.4	277.1	404.22	404.207	404.436	0.229	62	3	4	2	3	0			670.9	1095.6	648.6	960.3	563.3	896.9	497.3	895.1	474.8	925.1	6	
ER	1	SHIRTS	657.4	1602.3	3122.6	73.5	240.1	468.7	404.66	404.616	404.747	0.131	94	1	4	1	5	3			666.6	1671.1	657.1	1604.1	653.0	1688.2	619.4	1725.7	539.4	1742.1	4	
EY	1	THEY	635.0	2199.3	3238.7	60.3	183.9	609.7	405.18	405.166	405.257	0.091	22	0	0	0	3	0			633.5	2215.5	550.5	1900.9	503.1	1960.4	545.4	2509.2	524.6	1942.1	5	
UH	1	LOOK	696.0	1087.7	2706.7	35.8	240.6	581.6	405.416	405.386	405.477	0.091	7	1	6	1	7	0			693.0	1071.2	695.9	1093.3	687.4	1128.4	620.1	1165.8	522.3	1368.8	5	
AY	1	LIKE	691.5	1410.3	3446.6	27.8	568.4	743.7	405.986	405.997	406.127	0.13	47	1	6	1	7	0			666.2	2061.3	657.0	2222.4	631.9	2374.0	587.9	2563.9	499.8	2649.5	4	
AE	1	SACKS	721.6	2200.3	3407.5	32.2	347.8	491.9	406.447	406.397	406.547	0.15	3	1	6	1	3	3			689.7	2078.1	728.8	2208.0	789.8	2156.8	825.6	2214.3	815.6	2201.6	4	
AE	1	CAN'T	722.1	2637.2	3626.5	134.1	300.7	1156.1	407.365	407.321	407.452	0.131	33	4	4	2	6	3			616.9	2687.7	733.2	2625.5	801.7	2530.2	818.6	2453.9	812.1	2425.2	3	
IY	1	EVEN	537.9	2689.9	3356.9	216.2	161.1	2153.2	407.545	407.512	407.612	0.1	11	3	2	2	0	1			556.4	2680.1	535.1	2690.1	529.8	2654.6	552.7	2540.9	559.4	2199.9	4	
AY	1	TIE	901.1	1681.9	3168.8	73.6	686.4	961.5	408.065	407.981	408.201	0.22	41	0	0	0	3	0			881.1	1552.7	900.5	1653.9	836.6	1791.1	725.3	2079.0	698.7	2246.0	4	
EH	1	THEM	758.1	2019.0	3488.0	69.2	442.7	587.1	408.288	408.241	408.381	0.14	2	4	1	2	3	0			701.6	2006.9	765.4	2016.1	829.4	1945.1	849.3	1843.4	848.8	1638.8	4	
AE	1	AT	717.0	2176.3	3251.8	37.6	736.2	864.0	408.728	408.681	408.822	0.141	3	1	4	1	0	0			733.7	2168.3	714.2	2165.7	698.6	2016.4	692.4	1955.3	675.2	1902.3	4	
AA	1	BOTTOM	846.0	1412.7	2930.1	33.0	318.6	396.1	409.065	409.022	409.151	0.129	5	1	4	1	1	1			816.8	1334.4	846.6	1416.0	849.5	1426.2	846.2	1465.3	835.2	1511.1	4	
AY	1	MY	839.4	1709.0	3244.9	71.6	328.7	766.7	410.044	410.025	410.095	0.07	41	0	0	0	2	0		m	818.8	1400.5	823.8	1541.3	810.4	1745.9	738.6	1809.2	654.7	1850.4	5	
ER	1	GIRLFRIEND	640.3	1616.9	3252.8	127.7	291.2	1507.2	410.212	410.175	410.285	0.11	94	5	4	2	6	4			578.1	1668.2	646.4	1613.9	757.6	1555.9	827.6	1466.1	840.3	1404.6	4	
AE	1	JAN	742.3	2299.9	2958.2	59.4	357.6	387.9	410.774	410.724	410.874	0.15	33	4	4	2	5	0			725.8	2337.0	742.4	2300.8	741.5	2321.8	757.8	2289.0	771.0	2266.5	5	
AA	1	GOT	850.3	1689.6	3118.7	38.4	390.9	1342.2	411.088	411.015	411.234	0.219	5	1	4	1	6	0			762.6	1692.4	852.6	1673.5	857.2	1523.5	860.7	1539.0	893.2	1547.8	4	
EH	1	DETENTION	731.6	1920.6	3094.4	28.6	230.2	548.7	412.069	412.039	412.129	0.09	2	4	4	2	3	4			686.9	1951.5	737.4	1914.4	760.9	1877.4	768.6	1862.2	767.3	1881.3	4	
AH	0	DETENTION	631.1	2215.8	3167.3	89.7	523.1	504.5	412.295	412.278	412.328	0.05	6	4	4	2	5	0			612.1	2210.2	631.1	2215.8	661.3	2192.5	681.9	2166.8	694.8	2148.3	4	
ER	0	FOR	657.8	1751.2	3018.0	44.4	335.6	444.6	413.213	413.196	413.247	0.051	94	0	0	0	8	0			660.3	1725.0	657.1	1757.9	647.1	1786.7	620.9	1799.5	590.2	1790.1	4	
AE	1	THAT	696.6	2342.0	3935.4	59.6	505.2	1353.8	413.357	413.297	413.477	0.18	3	1	4	1	3	0			678.8	2326.4	701.8	2345.7	782.3	2208.0	806.0	2237.3	719.2	2276.5	3	
IY	1	SHE	515.6	2737.4	3691.5	125.2	194.4	964.4	413.643	413.616	413.696	0.08	12	0	0	0	5	0			513.3	2696.4	515.3	2743.5	509.3	2796.3	508.2	2774.7	516.7	2739.8	3	
AE	1	HAD	730.8	2104.1	3003.9	22.3	374.4	468.2	413.753	413.726	413.806	0.08	3	1	4	2	0	0			730.2	2160.2	730.5	2099.3	725.4	2034.6	715.0	1963.2	683.3	2018.2	4	
EY	1	STAY	688.7	2209.6	2964.8	80.4	255.1	397.3	414.157	414.106	414.376	0.27	22	0	0	0	3	0			688.4	2216.5	639.6	2485.1	534.1	2593.7	512.7	1904.9	501.7	2780.8	5	
IH	1	TILL	700.2	1994.4	3001.8	86.8	271.7	421.6	415.189	415.159	415.249	0.09	1	5	4	2	3	0			654.6	2014.5	703.7	1994.6	713.3	1979.9	713.7	1938.7	714.0	1910.3	5	
IH	1	SIX	697.4	2049.7	3124.7	42.3	223.8	364.9	415.551	415.518	415.618	0.1	1	1	6	1	3	3			665.6	1942.0	697.1	2061.0	688.9	2054.9	618.7	2020.3	512.8	2078.3	4	
AE	1	AND	658.4	2127.8	3246.6	106.1	665.7	457.0	415.842	415.799	415.929	0.13	3	4	4	2	0	3			659.9	2068.3	666.8	2146.8	757.7	2259.9	733.1	2137.4	722.7	1438.9	5	
AA	1	GOTTA	731.2	1504.6	2939.4	45.2	551.3	496.6	416.218	416.168	416.319	0.151	5	1	4	1	6	1			695.0	1580.7	741.9	1504.9	819.5	1509.6	843.8	1591.7	827.0	1522.3	4	
AH	0	GOTTA	690.8	1372.4	2986.6	55.2	470.3	384.4	416.379	416.359	416.418	0.059	6	0	0	0	3	0			695.8	1462.8	689.9	1361.9	680.7	1298.2	670.7	1236.4	661.0	1161.0	4	
EH	1	WEAR	676.9	2495.1		77.6	303.7		416.595	416.538	416.708	0.17	24	6	4	2	9	0			675.7	2747.8	677.3	2478.0	673.7	2296.8	666.9	2210.9	669.8	2279.6	3	
AA	1	SOCKS	893.3	1601.9	3386.1	67.6	338.7	911.0	416.932	416.869	417.059	0.19	5	1	6	1	3	3			842.5	1627.4	898.9	1587.9	954.4	1544.5	923.6	1602.0	835.6	1794.7	4	
OW	1	NO	702.4	1368.3	2687.1	95.4	505.9	802.9	417.461	417.452	417.572	0.12	63	0	0	0	4	0			702.6	1202.0	696.0	1107.8	652.0	981.8	581.6	913.8	562.4	836.5	5	
AA	2	FLIPFLOPS	861.8	1480.8	2881.7	31.9	296.7	340.0	417.988	417.941	418.081	0.14	5	1	1	1	8	3			802.5	1385.1	863.1	1484.8	871.3	1494.3	870.3	1478.6	852.7	1472.2	5	
AH	1	THE	734.2	1509.4	3794.9	77.6	684.5	466.2	418.391	418.351	418.471	0.12	6	0	0	0	3	0			707.3	1569.3	738.2	1515.1	762.8	1607.1	770.7	1673.2	761.0	1484.1	4	
AO	1	HALL	788.1	1120.8	2644.6	91.8	184.2	337.5	418.967	418.95	419.0	0.05	53	5	4	2	0	0			791.8	1119.3	788.1	1120.8	790.5	1135.4	793.4	1142.9	794.8	1140.1	6	
AA	1	MONITOR	833.8	1299.1	1765.3	104.6	221.0	639.1	419.166	419.129	419.24	0.111	5	4	4	2	2	2			820.8	1299.1	836.8	1308.3	854.6	1405.9	844.7	1437.1	806.9	1344.5	6	
ER	0	MONITOR	712.4	1905.2	2730.0	48.0	371.5	835.4	419.373	419.34	419.439	0.099	94	0	0	0	3	0			721.0	1895.1	711.2	1914.8	699.9	1909.9	683.5	1841.9	678.4	1862.2	4	
AO	1	STALKS	739.5	1312.8	2698.6	31.4	274.8	429.6	419.706	419.649	419.819	0.17	53	1	6	1	3	3			725.7	1454.3	739.7	1298.5	752.3	1177.0	764.2	1152.5	760.8	1175.3	5	
UW	1	YOU	567.4	1842.4	2953.7	427.3	401.1	278.7	420.092	420.029	420.219	0.19	82	0	0	0	9	0			411.0	1908.8	532.6	1834.7	451.9	1514.3	455.6	1194.3	421.5	1240.2	5	
AO	1	STALKS	786.4	1200.4	2352.0	26.3	321.3	351.8	421.444	421.384	421.564	0.18	53	1	6	1	3	3			723.9	1196.0	787.1	1199.2	802.1	1190.0	814.0	1197.7	811.1	1183.0	6	
UW	1	YOU	480.2	1033.4	2234.5	74.8	378.1	1130.6	421.871	421.825	421.964	0.139	82	0	0	0	9	0			499.2	1006.3	477.5	1020.2	468.4	1101.5	463.8	1194.0	430.3	1315.1	6	
IY	1	SEE	519.2	2655.0	3024.7	122.4	282.8	842.7	422.371	422.304	422.504	0.2	12	0	0	0	3	0			520.7	2647.8	518.5	2663.3	516.1	2737.5	509.0	2433.4	468.5	2303.7	4	
AW	1	OUT	939.8	1407.3	2846.5	57.8	606.8	771.0	423.697	423.656	423.807	0.151	42	1	4	1	0	0			915.8	1236.1	922.1	1568.2	898.3	1520.0	890.1	1340.4	855.1	1476.3	5	
UW	1	UNIFORM	629.3	2718.7	3462.4	172.4	927.8	897.1	424.007	423.987	424.047	0.06	82	4	4	2	9	2			579.8	2606.9	634.2	2675.6	652.6	2259.3	653.6	1802.2	648.7	1532.9	4	
AO	2	UNIFORM	630.0	890.8	2386.9	319.4	262.8	961.3	424.253	424.226	424.306	0.08	64	6	4	2	1	3			704.1	931.5	626.6	893.5	682.1	968.6	726.9	1021.3	800.1	1024.1	6	
AE	1	LAST	705.4	1965.7	3318.3	34.1	545.4	649.2	424.509	424.466	424.596	0.13	33	3	4	1	7	3			729.7	2184.0	704.7	1977.0	714.0	1976.4	717.7	1890.2	711.7	1955.2	4	
IY	1	WEEK	506.7	2604.3	3870.0	91.4	229.9	384.8	424.813	424.776	424.886	0.11	11	1	6	1	9	0			522.6	2562.8	505.9	2608.0	499.1	2679.3	499.1	2717.7	495.8	2789.9	3	
AA	1	JOHN	859.0	1666.0	3265.6	98.4	543.2	866.1	425.434	425.387	425.527	0.14	5	4	4	2	5	0			779.9	1703.5	863.2	1657.2	878.5	1586.4	877.2	1598.7	860.4	1605.7	4	
AA	1	GOT	777.5	1360.5	2719.6	70.3	718.4	669.5	425.687	425.647	425.767	0.12	5	1	4	1	6	0			729.6	1428.5	785.5	1357.8	848.3	1484.9	861.2	1607.0	840.0	1589.1	5	
AH	0	SUSPENDED	548.3	1726.0	3139.5	223.2	369.1	757.2	425.889	425.866	425.936	0.07	6	3	4	1	3	5			557.8	1659.3	570.7	1737.4	925.2	1885.4	1238.5	2114.0	1322.0	2178.5	5	
EH	1	SUSPENDED	690.1	1753.6	2818.6	67.8	707.1	268.2	426.069	426.036	426.136	0.1	2	4	4	2	1	4			624.3	1749.5	697.0	1768.8	718.4	1883.4	743.4	1937.8	765.3	2025.2	5	
IH	0	BECAUSE	488.9	2611.0	3778.6	158.9	200.2	1601.4	426.327	426.307	426.366	0.059	1	1	6	1	1	1			487.9	2647.2	489.3	2609.8	493.2	2625.5	504.1	2687.0	708.9	2804.2	3	
AH	1	BECAUSE	675.7	1617.3	3212.3	32.5	506.4	698.3	426.48	426.446	426.547	0.101	6	3	4	2	6	0			672.3	1562.9	675.5	1615.2	666.7	1534.2	653.5	1599.2	638.4	1628.1	4	
IY	1	HE	505.3	2716.9	3178.7	213.6	165.5	155.3	427.281	427.258	427.328	0.07	12	0	0	0	0	0			499.5	2726.6	505.1	2711.6	503.7	2633.7	498.1	2521.7	454.9	2395.1	5	
EH	1	SAID	714.2	1564.4	2734.2	48.1	1424.5	1997.0	427.495	427.458	427.568	0.11	2	1	4	2	3	0			641.5	1527.8	715.1	1569.6	708.1	1653.0	695.9	1762.5	677.4	1625.0	5	
EH	1	DRESS	686.8	1643.1	2819.2	54.9	669.8	167.4	427.834	427.807	427.887	0.08	2	3	4	1	8	0			658.2	1721.4	688.2	1635.1	701.1	1561.9	710.2	1512.1	716.2	1394.7	5	
OW	1	CODE	632.6	1103.9	2724.1	246.0	217.0	335.2	428.077	428.067	428.178	0.111	62	1	4	2	6	0			613.5	1018.6	620.5	966.1	571.5	946.4	543.6	1019.1	510.9	1003.2	5	
AH	1	SUCKS	774.5	1482.6	3118.6	71.4	303.2	440.7	428.394	428.347	428.488	0.141	6	1	6	1	3	3			701.8	1536.7	783.1	1476.7	796.8	1458.1	679.4	1639.9	564.7	2041.7	4	
AY	1	I	732.8	971.3	1969.3	95.8	294.3	477.1	429.24	429.202	429.302	0.1	41	0	0	0	0	0			811.5	1143.3	742.6	941.2	711.9	1116.5	705.0	1419.1	700.1	1138.6	6	
OW	1	DON'T	749.7	1404.7	2775.7	79.6	164.5	474.4	429.346	429.332	429.392	0.06	62	4	4	2	3	0			738.1	1417.7	776.6	1365.2	788.1	1324.1	791.5	1293.8	790.3	1262.8	6	
IY	1	SEE	549.4	2320.2	3073.1	175.7	354.3	234.7	429.588	429.562	429.641	0.079	12	0	0	0	3	0			551.5	2319.4	548.8	2314.1	539.9	2235.2	532.2	1945.4	511.7	1470.2	5	
AO	1	WRONG	764.1	1115.1	2446.5	119.6	264.3	1742.8	429.978	429.941	430.051	0.11	53	4	6	2	7	0			727.9	1060.4	766.6	1118.3	800.1	1127.6	827.7	1128.1	828.3	1125.6	5	
AE	1	THAT	658.9	2195.1	3501.8	41.1	810.5	904.1	430.405	430.351	430.512	0.161	3	1	4	1	3	0			634.7	2127.3	662.3	2179.6	718.4	2133.3	776.7	2125.3	815.7	1669.3	4	
IY	1	EVEN	421.5	2655.9	3429.5	174.6	253.2	464.6	431.57	431.52	431.67	0.15	11	3	2	2	0	1			437.9	2612.3	431.6	2659.6	502.6	2732.5	506.7	2727.9	513.4	2557.0	4	
AY	1	MY	778.2	1103.4	1630.7	139.7	730.7	391.4	431.867	431.88	432.1	0.22	41	0	0	0	2	0			772.5	995.9	708.2	956.4	686.4	829.0	616.7	677.5	450.1	1058.8	6	
AA	1	FATHER	872.6	1335.6	2923.1	61.7	400.7	364.4	433.069	432.999	433.209	0.21	43	3	3	2	1	1			801.7	1221.5	875.3	1361.2	892.4	1426.3	898.9	1469.4	780.1	1448.7	5	
ER	0	FATHER	668.4	2044.0	3746.6	44.7	457.6	829.7	433.322	433.279	433.408	0.129	94	0	0	0	3	0			668.2	2218.6	668.5	2042.7	666.5	1991.1	666.6	2069.0	650.3	2253.6	4	
EH	1	SAYS	669.4	1678.4	3292.7	24.6	795.1	985.3	433.571	433.538	433.638	0.1	2	3	4	2	3	0			671.5	1698.8	668.7	1679.5	661.3	1654.8	654.1	1716.5	639.8	1837.7	4	
AE	1	THAT	660.7	2218.1	3814.5	29.1	465.0	1041.1	433.801	433.758	433.888	0.13	3	1	4	1	3	0			647.5	2169.9	663.3	2214.8	716.1	2227.8	774.9	2393.8	774.3	2222.3	4	
AH	0	YOU	527.3	2443.6	2867.4	139.0	537.2	418.3	434.345	434.328	434.379	0.051	6	0	0	0	9	0			520.4	2425.0	528.5	2444.3	529.3	2446.0	529.4	2446.5	532.6	2421.4	5	
OW	1	KNOW	712.2	1604.5	2929.7	80.7	477.3	433.8	434.451	434.439	434.549	0.11	63	0	0	0	4	0			732.5	1437.4	729.0	1223.3	722.3	1103.7	708.7	995.3	671.4	941.6	5	
AH	1	WHAT	718.0	1398.1	3169.9	34.1	440.8	505.5	434.596	434.579	434.629	0.05	6	1	4	1	9	0			719.4	1354.6	718.0	1398.1	713.1	1481.0	707.8	1530.7	698.4	1536.7	4	
AY	1	I	773.2	1903.9	3287.1	82.3	816.2	804.8	434.704	434.658	434.758	0.1	41	0	0	0	0	0		m	712.7	1692.2	745.9	1695.8	772.9	1924.1	744.0	2148.5	705.1	2140.1	4	
IY	1	MEAN	571.7	2722.3	3949.7	118.1	204.5	1430.8	434.858	434.818	434.938	0.12	11	4	4	2	2	0			578.8	2674.1	572.2	2721.4	574.0	2727.8	585.7	2725.8	616.4	2915.7	3	
AY	1	I'M	881.9	1470.1	3367.2	94.4	398.2	498.5	435.482	435.44	435.531	0.091	41	4	1	2	0	0		m	1119.6	2121.6	857.6	1467.1	881.4	1474.6	857.3	1500.1	787.3	1473.7	4	
OW	1	SO	595.7	1270.2	3206.9	105.7	313.1	382.5	435.716	435.7	435.801	0.101	63	0	0	0	3	0			601.9	1213.2	610.9	1065.7	606.5	1063.4	604.6	1047.1	583.5	1184.9	5	
IH	1	SICK	585.1	1847.3	2996.0	97.3	361.1	322.2	435.947	435.93	435.98	0.05	1	1	6	1	3	0			585.1	1832.0	585.1	1847.3	566.1	1885.2	529.3	1881.3	549.8	1832.0	5	
AH	1	OF	667.5	1252.8	2862.7	53.8	515.8	331.2	436.073	436.05	436.12	0.07	6	3	2	2	0	0			647.8	1260.9	668.0	1250.4	666.0	1284.8	663.9	1371.5	662.9	1481.3	5	
AE	1	THAT	678.7	2538.6		73.9	1159.7		436.207	436.18	436.26	0.08	3	1	4	1	3	0			662.4	2402.6	681.1	2558.1	701.8	2771.3	693.2	2636.7	701.1	2510.9	3	
AA	1	COT	941.9	1529.9	2769.4	110.8	209.5	205.1	449.616	449.573	449.702	0.129	5	1	4	1	6	0			939.1	1544.1	943.5	1528.0	966.6	1520.9	958.0	1576.5	914.5	1643.1	5	
AO	1	CAUGHT	772.4	1022.0	2760.1	122.1	102.7	457.9	450.029	449.982	450.122	0.14	53	1	4	1	6	0			731.3	1002.9	774.1	1019.0	823.3	1050.7	809.2	1055.9	813.5	1156.3	6	
EY	1	SAME	649.0	2641.0	3401.4	169.0	245.9	668.2	453.39	453.325	453.455	0.13	21	4	1	2	3	0			580.2	2503.3	641.6	2551.3	648.5	2669.3	649.8	2701.4	645.9	2672.8	3	
AY	1	KIND	811.2	1750.1	3013.0	95.9	361.2	402.8	453.63	453.585	453.675	0.09	41	4	4	2	6	3		s	753.5	1626.2	800.8	1641.6	811.2	1750.1	795.5	1845.8	764.9	1846.7	5	
AA	1	DON	811.2	1007.8	2959.1	190.3	306.6	1313.0	456.324	456.261	456.451	0.19	5	4	4	2	3	0			765.1	1186.1	808.2	996.7	770.1	1044.2	775.2	1091.1	847.2	1202.8	5	
AO	1	DAWN	825.7	1322.8	3120.4	74.9	668.2	451.2	456.66	456.6	456.78	0.18	53	4	4	2	3	0			779.8	1248.8	829.9	1354.4	853.5	1254.0	871.1	1004.2	845.3	1236.6	5	
EY	1	SAME	630.4	2291.0	3006.0	86.2	246.1	401.6	458.985	458.951	459.081	0.13	21	4	1	2	3	0			624.7	2225.4	622.8	2351.1	596.0	2464.0	627.8	2501.7	655.5	2536.8	5	
AA	1	FATHER	863.9	1295.5	2819.3	96.7	314.3	690.7	461.083	461.023	461.204	0.181	43	3	3	2	1	1			763.6	1132.8	869.1	1309.8	872.6	1354.8	878.5	1411.6	778.4	1437.2	5	
ER	0	FATHER	662.4	1944.5	3053.2	49.5	512.9	1037.7	461.304	461.274	461.364	0.09	94	0	0	0	3	0			666.9	2153.5	662.0	1934.8	653.8	1875.4	637.6	1703.5	601.3	1540.2	4	
AH	1	BROTHER	687.8	1787.7	3044.0	45.8	636.4	1648.6	461.483	461.423	461.603	0.18	6	3	3	2	8	1			651.3	1462.1	691.2	1771.5	740.9	1547.0	735.0	1490.9	649.9	1804.3	4	
ER	0	BROTHER	677.0	2309.0	3595.4	140.3	565.2	587.4	461.68	461.643	461.753	0.11	94	0	0	0	3	0			682.3	2405.9	675.9	2288.9	652.4	2076.6	595.3	2021.2	550.0	1921.8	4	
AA	1	BOTHER	887.9	1451.0	2800.6	115.6	267.7	1016.7	462.02	461.963	462.133	0.17	5	3	3	2	1	1			872.8	1429.0	889.4	1452.9	899.7	1512.4	866.5	1540.7	753.8	1552.9	5	
ER	0	BOTHER	632.8	1785.7	2319.3	96.7	185.0	235.4	462.236	462.193	462.323	0.13	94	0	0	0	3	0			669.0	1803.4	625.2	1785.3	533.3	1835.9	760.8	1829.1	746.6	1775.6	6	
AE	1	YEAH	648.3	2203.0	3285.2	27.6	273.9	323.4	462.92	462.863	463.034	0.171	3	0	0	0	9	0			636.3	2316.7	650.4	2178.5	687.9	2053.8	774.6	1951.3	745.4	1867.5	4	
AE	1	YEAH	634.6	2209.2	3175.3	54.1	104.8	246.3	464.746	464.672	464.893	0.221	3	0	0	0	9	0			524.5	1746.2	639.5	2199.9	634.3	1129.6	735.4	936.6	737.3	928.6	6	
IH	1	NEARER	469.8	2433.1	3298.7	60.3	216.6	266.4	467.758	467.715	467.844	0.129	14	6	4	2	4	1			471.9	2435.1	470.5	2428.4	482.7	2358.8	494.9	2185.4	499.6	1992.7	5	
IH	1	MIRROR	489.6	2294.2	3052.0	102.9	129.5	923.5	468.194	468.164	468.254	0.09	14	6	4	2	2	1			474.6	2330.6	493.6	2287.6	519.6	2223.8	539.8	2162.2	570.8	2110.7	4	
ER	0	MIRROR	697.6	1714.5	2145.1	140.0	109.0	557.2	468.341	468.314	468.394	0.08	94	0	0	0	7	0			684.9	1701.1	698.8	1714.5	712.0	1706.6	710.3	1710.7	692.7	1738.0	6	
AE	1	YEAH	642.1	2213.9	3236.0	39.0	187.3	384.6	468.854	468.784	468.994	0.21	3	0	0	0	9	0			549.6	1246.7	645.6	2059.3	676.2	1317.9	711.1	1103.9	645.4	849.3	6	
UW	1	FOOL	469.2	696.3	2031.4	77.2	296.6	456.0	470.189	470.142	470.283	0.141	72	5	4	2	1	0			478.7	701.8	470.4	696.0	472.7	691.7	475.0	719.4	477.9	757.7	6	
OW	1	NO	800.5	1406.2	3573.6	190.4	455.4	245.8	471.45	471.442	471.581	0.139	63	0	0	0	4	0			799.9	1456.6	821.4	1370.5	858.3	1352.2	869.0	1577.3	829.2	2206.5	4	
AE	1	YEAH	647.2	2036.1	3133.3	55.5	422.5	834.6	473.531	473.471	473.651	0.18	3	0	0	0	9	0			618.4	2259.4	652.2	2015.1	725.7	1934.5	745.5	1844.4	901.6	1803.0	4	
IY	1	READ	591.3	2062.5	2464.3	185.0	193.9	98.2	490.774	490.747	490.827	0.08	11	1	4	2	7	0			572.3	1875.1	591.6	2075.0	583.2	2191.5	556.5	2259.9	503.1	1800.2	6	
AA	1	FARM	953.9	1329.8	2204.7	178.9	542.3	477.7	493.705	493.651	493.812	0.161	44	6	4	2	1	3			867.0	1267.9	955.8	1347.8	902.0	1442.0	844.7	1533.5	851.3	1645.8	6	
OW	1	HOME	630.3	780.6	2346.3	996.2	24.2	989.6	494.062	494.031	494.261	0.23	62	4	1	2	0	0			729.0	867.5	772.7	856.5	730.8	896.4	760.0	1184.0	753.3	1219.4	6	
AH	1	DUSK	725.4	1740.8	3062.1	42.8	414.9	619.3	494.581	494.544	494.654	0.11	6	3	4	1	3	3			691.7	1856.0	726.3	1736.1	739.7	1718.6	753.2	1761.7	771.2	1899.2	4	
EH	1	SEX	813.8	1749.4	3276.6	68.1	437.5	1244.0	495.083	495.043	495.163	0.12	2	1	6	1	3	3			754.4	1708.8	821.4	1751.8	843.6	1782.4	784.7	1821.9	707.5	1981.8	4	
AY	1	SIGHT	744.4	1770.5	3665.0	38.3	453.8	922.7	495.587	495.544	495.713	0.169	47	1	4	1	3	0			742.7	1688.9	723.5	2135.8	565.4	2397.2	547.4	2536.3	462.4	2613.1	4	
AY	1	TIED	888.3	1261.6	2851.1	100.1	832.1	923.4	496.079	495.993	496.274	0.281	41	1	4	2	3	0			862.8	1439.6	883.0	1359.5	807.0	1978.2	690.2	2377.8	583.2	2456.4	4	
AA	1	SOCKS	893.1	1340.6	2377.6	73.8	579.5	1515.0	496.487	496.433	496.594	0.161	5	1	6	1	3	3			790.3	1473.2	897.5	1345.3	917.5	1416.4	917.2	1414.2	849.2	1342.1	5	
AE	1	BAG	722.5	2388.5	4279.9	20.4	418.4	1050.0	496.921	496.854	497.054	0.2	3	1	6	2	1	0			731.7	2280.0	721.9	2405.6	709.4	2410.0	699.7	2375.3	677.0	2336.7	3	
EH	2	ELEMENTARY	706.1	1945.7	2818.2	257.8	406.9	1053.6	497.141	497.114	497.194	0.08	2	5	4	2	0	2			667.9	1989.0	710.6	1949.8	779.4	1971.3	825.9	1908.7	807.1	1752.5	5	
IY	0	ELEMENTARY	567.6	2304.8	3846.0	85.5	183.5	444.5	497.617	497.574	497.704	0.13	12	0	0	0	8	0			580.3	2201.8	565.8	2314.0	561.5	2365.8	563.0	2448.8	548.2	2506.6	3	
OW	1	NO	732.7	1259.1	3565.6	120.0	343.6	419.5	497.831	497.824	498.034	0.21	63	0	0	0	4	0			732.3	1194.5	736.6	1145.4	716.9	1049.1	721.0	1441.3	723.8	2578.7	4	
AY	1	HIGHSCHOOL	936.8	1718.3	3234.7	140.5	364.4	1216.3	498.539	498.552	498.643	0.091	47	3	4	1	0	4			927.3	2023.6	885.7	1854.4	821.1	1911.8	783.3	2000.8	744.1	2075.9	4	
AY	1	RIDING	858.5	1596.3	3018.8	91.0	362.7	1006.7	499.113	499.053	499.232	0.179	41	1	4	2	7	1			808.9	1470.1	857.9	1611.0	804.2	1821.6	722.4	2211.9	700.8	2322.9	4	
OW	1	BOAT	693.2	1182.0	3537.1	94.9	145.0	500.2	499.571	499.553	499.752	0.199	62	1	4	1	1	0			711.1	1189.8	670.9	1084.6	563.8	951.6	642.5	1557.1	604.5	2539.7	4	
AE	1	SACKS	717.7	2302.0		39.8	442.2		500.113	500.043	500.252	0.209	3	1	6	1	3	3			689.7	2216.3	717.5	2282.4	728.6	2356.4	753.0	2318.4	742.6	2299.8	3	
AY	1	SLIDER	893.7	1530.5	3570.7	82.3	510.2	1131.4	501.028	500.97	501.15	0.18	41	1	4	2	8	1			845.5	1431.2	891.2	1539.5	789.7	1885.0	727.2	2329.4	625.4	2419.8	4	
ER	0	SLIDER	685.6	2029.7	3516.0	172.4	285.0	978.9	501.253	501.189	501.38	0.191	94	0	0	0	3	0			649.3	2047.5	684.9	2012.9	667.9	1801.8	629.9	1834.1	556.1	1886.1	4	
EH	2	SEDIMENTARY	695.1	1950.3	3241.3	63.9	899.0	164.0	502.326	502.303	502.372	0.069	2	1	4	2	3	2			644.5	1919.9	698.9	1953.2	712.6	1975.4	712.9	1956.0	702.0	1846.9	5	
ER	0	SEDIMENTARY	529.3	2052.9	3533.1	105.5	479.2	1163.8	502.782	502.752	502.842	0.09	94	0	0	0	3	1			540.5	2251.4	528.6	2045.3	518.7	2004.1	516.2	2003.8	511.6	2057.1	4	
IY	0	SEDIMENTARY	510.8	2606.3	3090.3	92.8	308.7	342.3	502.939	502.842	503.132	0.29	12	0	0	0	7	0			494.4	2158.1	508.8	2632.5	500.1	2807.8	487.7	2776.7	470.5	2242.4	5	
IH	1	SIX	726.9	1340.2	2940.8	155.3	1560.3	1292.9	503.346	503.322	503.393	0.071	1	1	6	1	3	3			687.7	1232.0	733.3	1376.0	738.8	1214.5	744.1	1461.1	753.4	1566.7	5	
AY	1	MINOR	872.5	1683.8	3157.2	95.1	394.3	379.8	504.074	504.053	504.183	0.13	41	4	4	2	2	1			872.2	1708.7	850.2	1787.2	802.2	1538.5	764.0	1965.5	743.8	2538.7	5	
ER	0	MINOR	773.1	2164.8	2959.2	180.3	424.9	2072.0	504.32	504.263	504.433	0.17	94	0	0	0	4	0			757.3	2022.3	773.5	2169.5	761.5	2140.6	730.8	1843.1	651.4	1931.4	4	
AY	1	TIGER	787.1	1597.3	3061.6	161.0	437.2	249.2	505.02	505.018	505.148	0.13	41	1	6	2	3	1			753.2	1578.2	741.9	1679.9	733.0	1731.2	668.7	2284.0	559.0	2374.1	5	
ER	0	TIGER	662.1	2044.0	3545.0	189.1	496.2	895.1	505.311	505.238	505.457	0.219	94	0	0	0	6	0			611.7	2072.5	666.6	2043.5	695.5	1961.6	693.7	2030.0	661.4	2109.3	4	
AA	1	MA	912.2	1497.1	3254.1	76.2	261.4	215.2	506.024	505.958	506.157	0.199	43	0	0	0	2	0			907.7	1456.3	911.5	1493.0	904.4	1514.1	917.7	1521.5	905.5	1421.0	5	
AA	1	PA	869.4	1396.3	2990.7	83.0	301.0	292.0	506.374	506.287	506.547	0.26	43	0	0	0	1	0			858.3	1307.2	873.4	1394.0	891.4	1375.2	882.3	1357.2	881.5	1355.8	5	
ER	1	BURN	735.9	1752.2	3131.7	137.3	291.2	1212.2	507.489	507.409	507.649	0.24	94	4	4	2	1	0			745.0	1736.7	733.1	1750.6	726.7	1791.7	731.6	1785.4	734.2	1801.5	4	
EH	1	MARRY	691.7	2559.2	2920.5	188.6	322.5	1613.5	507.898	507.848	507.999	0.151	39	6	4	2	2	1			681.9	2553.1	690.0	2552.3	651.1	2176.6	628.1	1986.2	635.7	1950.0	4	
IY	0	MARRY	486.8	2583.4	3931.6	63.8	107.7	839.4	508.098	508.028	508.239	0.211	12	0	0	0	7	0			512.3	2544.7	486.8	2586.1	489.3	2671.8	479.4	2692.6	476.3	2553.8	3	
AY	1	WRITING	703.5	1628.7	3115.7	42.4	435.4	1278.5	508.361	508.348	508.499	0.151	47	1	4	1	7	1			701.3	1642.0	695.7	1894.2	687.5	2020.0	669.7	2364.2	579.1	2489.1	4	
AY	1	TIDE	911.1	1631.7	2786.3	59.5	387.8	530.8	510.469	510.377	510.616	0.239	41	1	4	2	3	0			877.1	1615.6	910.1	1619.1	892.2	1782.8	726.9	1895.8	671.4	2431.0	5	
OW	1	GO	679.4	1113.5	2858.2	70.2	244.4	574.3	510.803	510.756	511.086	0.33	63	0	0	0	6	0			699.1	1135.0	691.8	1118.2	592.2	994.5	527.1	888.3	523.2	797.1	5	
AO	1	STALKS	795.4	1073.6	2394.0	59.5	199.8	416.6	514.6	514.553	514.693	0.14	53	1	6	1	3	3			792.2	1078.9	796.0	1074.3	801.5	1094.3	794.5	1057.1	600.1	885.7	6	
AA	1	BARN	768.0	1107.8	2085.2	52.4	226.8	747.6	515.055	515.012	515.142	0.13	44	6	4	2	1	3			772.6	1174.9	767.4	1104.6	766.5	1069.8	770.5	1064.9	793.9	1087.2	6	
AY	1	WIDE	881.2	1441.7	3145.7	71.7	242.3	1206.4	515.756	515.693	515.892	0.199	41	1	4	2	9	0		m	870.0	1356.5	876.9	1381.8	772.9	1439.7	731.9	1396.4	636.0	1270.7	5	
AO	1	HORSE	533.8	784.7	2346.4	116.9	64.9	498.5	516.066	516.012	516.173	0.161	64	6	4	2	0	3			496.0	753.5	542.2	793.0	642.2	940.0	698.0	1071.8	695.9	1096.8	6	
IH	2	INVENTORY	828.0	1814.6	2897.7	354.1	948.0	536.3	518.354	518.331	518.401	0.07	1	4	4	2	0	5			983.3	1845.6	810.6	1800.7	741.4	1959.4	747.0	2104.6	696.1	1991.3	5	
AH	0	INVENTORY	545.7	1840.5	2766.2	77.3	251.1	1315.3	518.528	518.511	518.561	0.05	6	4	4	2	1	5			547.6	1808.4	545.7	1840.5	539.3	1899.9	532.7	1965.9	506.9	2032.5	4	
AO	1	INVENTORY	599.5	1301.6	2409.2	104.0	322.5	433.1	518.664	518.64	518.711	0.071	64	6	4	2	3	1			589.7	1375.9	600.5	1306.1	614.1	1343.9	627.3	1349.1	640.9	1363.8	5	
IY	0	INVENTORY	512.2	2331.2	3248.4	84.6	189.5	1448.9	518.81	518.76	518.91	0.15	12	0	0	0	7	0			551.4	2193.8	509.6	2344.8	486.0	2402.1	553.5	2358.9	1230.4	2454.7	4	
AY	1	SIDE	915.5	1651.2	3193.6	80.8	285.9	790.4	519.425	519.341	519.56	0.219	41	1	4	2	3	0			828.1	1608.2	913.0	1642.9	885.0	1712.6	767.8	1942.9	670.4	2271.4	4	
ER	1	FIRM	738.3	1468.7	2157.7	57.5	122.6	280.5	519.787	519.73	519.901	0.171	94	4	1	2	1	0			733.9	1472.9	737.9	1465.7	735.2	1458.8	732.0	1458.1	727.1	1461.3	5	
AH	1	SUCKS	745.9	1350.2	2564.6	71.5	303.6	1426.7	520.194	520.151	520.281	0.13	6	1	6	1	3	3			725.2	1408.4	748.3	1346.1	749.4	1329.2	714.8	1323.9	665.2	1397.3	5	
AY	1	SPIDER	746.4	1627.2	2963.0	73.7	691.9	445.5	521.495	521.445	521.614	0.169	41	1	4	2	1	1			702.3	1366.8	733.8	1785.9	715.5	1764.3	664.0	1979.2	581.8	2123.2	4	
ER	0	SPIDER	633.7	1858.4	3471.9	199.1	189.3	776.2	521.695	521.655	521.774	0.119	94	0	0	0	3	0			565.4	1865.4	640.2	1856.9	647.1	1807.3	628.3	1709.9	641.7	1602.8	4	
AO	1	LAWN	777.7	1139.7	1805.4	152.1	126.3	2255.6	521.924	521.854	522.065	0.211	53	4	4	2	7	0			770.4	1149.3	754.9	1097.3	782.0	1124.6	802.4	1148.5	803.3	993.2	6	
EH	1	DESK	701.8	1785.3	3104.7	26.1	286.3	593.3	522.268	522.224	522.355	0.131	2	3	4	1	3	3			693.1	1799.1	702.5	1784.3	708.3	1771.0	705.8	1781.6	714.9	1728.3	4	
UW	2	RUDIMENTARY	477.4	1156.8	2465.3	216.1	290.4	801.9	524.169	524.162	524.242	0.08	73	1	4	2	7	2			481.8	1140.8	483.0	1078.2	471.7	1053.3	454.7	1047.7	446.8	1021.6	5	
AH	0	RUDIMENTARY	617.0	1296.8	2177.7	274.6	118.9	560.2	524.292	524.262	524.352	0.09	6	4	1	2	3	2			605.6	1180.8	614.3	1307.2	517.2	1447.1	503.6	1525.6	572.3	1481.6	6	
EH	1	RUDIMENTARY	780.5	1882.9	3752.9	71.0	280.2	582.0	524.462	524.442	524.501	0.059	2	4	4	2	2	5			774.7	1844.5	780.2	1883.6	775.5	1895.4	764.6	1928.6	745.8	1973.6	4	
ER	0	RUDIMENTARY	515.1	2222.7	4020.3	79.9	233.5	1009.6	524.768	524.731	524.841	0.11	94	0	0	0	3	1			509.6	2189.3	515.2	2225.9	512.3	2205.8	508.4	2070.7	503.8	1995.0	3	
IY	0	RUDIMENTARY	483.1	2436.1	4146.6	37.0	360.1	635.1	524.915	524.841	525.062	0.221	12	0	0	0	7	0			488.4	2323.2	483.0	2457.6	478.4	2617.2	470.2	2721.0	462.1	2792.9	3	
AY	1	MINOR	872.3	1667.3	4478.0	194.3	288.9	1004.2	525.477	525.461	525.582	0.121	41	4	4	2	2	1		s	867.0	1702.8	814.7	1787.7	783.6	1955.5	750.4	2258.3	716.6	2542.1	3	
ER	0	MINOR	711.8	1590.4	2118.2	61.0	294.5	329.4	525.705	525.661	525.792	0.131	94	0	0	0	4	0			724.6	1638.7	710.1	1587.3	676.7	1528.7	539.6	1361.8	477.9	1202.3	6	
EH	1	MARY	651.4	2182.1	2796.9	111.8	305.3	298.0	526.286	526.246	526.366	0.12	2	6	4	2	2	1			670.3	2255.9	647.7	2166.3	595.7	2043.0	595.4	1978.9	600.0	1866.5	5	
IY	0	MARY	498.9	2652.5	3903.3	138.3	185.1	994.7	526.432	526.395	526.506	0.111	12	0	0	0	7	0			523.7	2495.9	495.8	2661.8	471.0	2682.0	456.0	2695.3	461.2	2818.0	3	
AE	1	GRAHAM	667.6	2037.0	3269.0	164.9	271.1	889.6	528.989	528.956	529.056	0.1	33	4	1	2	8	0			588.3	1949.9	682.1	2049.4	757.1	2050.5	779.3	2029.4	796.8	1902.0	4	
AE	1	CRACKER	714.2	2094.8	3184.6	90.4	117.3	1284.9	529.239	529.216	529.285	0.069	3	1	6	1	8	1			709.0	2088.6	714.5	2095.6	712.8	2109.0	694.2	2125.1	684.4	2172.1	4	
ER	0	CRACKER	650.1	1688.1	2041.1	131.0	367.6	227.1	529.412	529.385	529.466	0.081	94	0	0	0	6	0			615.8	1702.6	653.0	1686.5	681.8	1665.5	694.2	1663.6	699.7	1669.0	6	
