v	N	f1_man_mean	f1_auto_mean	f1_diff	f2_man_mean	f2_auto_mean	f2_diff	f1_man_sd	f1_auto_sd	f2_man_sd	f2_auto_sd	f1_rmse	f2_rmse	f1_diff_mean	f1_diff_sd	f2_diff_mean	f2_diff_sd	f1_abs_diff_mean	f1_abs_diff_sd	f2_abs_diff_mean	f2_abs_diff_sd	f1_p	f1_t	f2_p	f2_t	f1_p_paired	f1_t_paired	f2_p_paired	f2_t_paired	f1_r	f2_r
all	394	783.3299	768.8624	14.46751	1742.449	1744.292	1.842386	176.2915	166.5651	427.5899	423.2106	58.36563	106.957	14.46751	56.61602	-1.842386	107.0771	38.57157	43.85959	63.52614	86.15725	NA	NA	NA	NA	NA	NA	NA	NA	0.9470309	0.9683734
AY	39	879.6923	887.0231	7.330769	1682.436	1695.156	12.72051	123.9924	132.5609	193.3863	170.4887	41.15452	74.71064	-7.330769	41.02574	-12.72051	74.58215	24.77692	33.28986	51.52051	54.81197	0.801556	-0.2522186	0.7588355	-0.3081353	0.2714718	-1.1159	0.2935391	-1.065129	0.9510331	0.9235946
AO	35	794.9429	785.1429	9.8	1250.2	1243.523	6.677143	158.1699	157.1799	195.763	211.9453	44.10493	57.43634	9.8	43.63018	6.677143	57.87975	29.81143	32.97874	37.88857	43.7972	0.7956462	0.2600042	0.8915058	0.1369141	0.19275	1.328841	0.4995513	0.6824928	0.9617352	0.9627847
AE	43	724.3721	748.7395	24.36744	2188.628	2165.449	23.17907	90.02037	104.9069	248.823	238.3575	72.57396	97.18934	-24.36744	69.16989	23.17907	95.50186	52.2186	50.99684	67.52326	70.7299	0.2510708	-1.155909	0.6602627	0.4411183	0.02586785	-2.31008	0.118987	1.591543	0.7584192	0.9240326
EY	27	611.2963	625.5741	14.27778	2297.926	2252.289	45.63704	58.99858	59.5908	231.9227	282.1673	38.04848	130.5761	-14.27778	35.93984	45.63704	124.6717	25.67778	28.61223	87.68889	98.5941	0.3803803	-0.8847209	0.5191422	0.6492482	0.04910266	-2.06427	0.06829257	1.902091	0.8163531	0.9005324
IH	17	625.1176	610.9176	14.2	2057.118	2058.782	1.664706	75.64794	84.0362	428.9424	432.1848	46.22327	109.2634	14.2	45.34187	-1.664706	112.613	25.38824	39.81557	67.80588	88.31561	0.6081936	0.5178067	0.9910763	-0.01127215	0.2149583	1.291259	0.9521539	-0.06094995	0.8438359	0.9658242
UW	9	515.4444	507.2556	8.188889	1556.556	1528.578	27.97778	76.94172	69.02391	401.5729	392.3094	22.29746	186.2731	8.188889	21.99735	27.97778	195.3312	18.41111	13.34105	132.1111	139.2834	0.8151894	0.237669	0.8830223	0.1495078	0.2964958	1.116801	0.6787549	0.4296975	0.9603459	0.879179
IY	24	512.1667	513.9667	1.8	2475.917	2524.075	48.15833	70.64465	64.79356	337.5889	281.7577	25.28006	266.0969	-1.8	25.75824	-48.15833	267.3314	20.10833	15.65064	164.925	213.3149	0.9271073	-0.09199135	0.5942543	-0.5365385	0.7352012	-0.3423434	0.3866239	-0.8825252	0.9312642	0.6407159
AA	50	993.7	955.79	37.91	1646.34	1639.634	6.706	101.0391	108.3944	102.488	136.8002	69.35637	71.10758	37.91	58.66837	6.706	71.50936	44.65	53.61126	46.894	53.99584	0.07353143	1.809005	0.7820954	0.2774105	3.32976e-05	4.569143	0.5103676	0.6631101	0.8453318	0.8596235
OW	33	744.0909	687.4333	56.65758	1249.394	1291.182	41.78788	154.4372	112.9713	186.2914	180.6158	95.18135	114.5612	56.65758	77.66726	-41.78788	108.3218	75.36061	59.04153	81.89091	81.35552	0.09424896	1.700964	0.3583645	-0.925154	0.0002044147	4.190608	0.03391643	-2.216111	0.876403	0.8261162
AH	34	843.6176	814.7971	28.82059	1386.147	1376.403	9.744118	74.72293	88.60892	83.04111	101.1094	53.04634	46.68596	28.82059	45.20384	9.744118	46.34438	37.22647	38.35857	35.00294	31.35751	0.1519709	1.449848	0.665574	0.4342537	0.000744152	3.717637	0.2288818	1.225984	0.8602527	0.8915384
ER	13	634.2308	638.7154	4.484615	1688.615	1675.108	13.50769	49.35949	59.89093	108.0174	95.63989	30.29716	47.4285	-4.484615	31.18691	13.50769	47.32078	23.17692	20.30953	38.13846	29.3456	0.8367824	-0.2083437	0.7386628	0.3375727	0.6135561	-0.5184711	0.3236832	1.029203	0.8542527	0.8990369
AW	14	993.2143	929.5714	63.64286	1623.143	1661.679	38.53571	81.22445	84.19654	103.2643	139.7073	87.04331	91.21277	63.64286	61.62276	-38.53571	85.79347	65.81429	59.11543	73.89286	55.49401	0.05212656	2.035485	0.4147629	-0.8299577	0.001953799	3.864315	0.1166886	-1.680634	0.7230128	0.7909295
EH	53	838.3208	814.1	24.22075	1773.774	1781.349	7.575472	125.5469	114.7298	154.4847	149.2646	49.6219	52.56631	24.22075	43.72367	-7.575472	52.51537	35.92642	34.55658	39.11509	35.45338	0.3022595	1.036786	0.797892	-0.2567339	0.0001810084	4.032822	0.2984945	-1.050174	0.9376995	0.9407909
OY	3	595.3333	614.3333	19	1078	1172.1	94.1	27.46513	55.09667	187.9255	262.9866	29.88879	116.6293	-19	28.25792	-94.1	84.38821	19	28.25792	94.1	84.38821	NA	NA	NA	NA	NA	NA	NA	NA	0.9884328	0.9849541
AY_N	11	890.6364	886.7182	3.918182	1824.636	1841.055	16.41818	140.616	150.232	127.9549	134.479	43.83835	45.74487	3.918182	45.79403	-16.41818	44.78102	31.42727	32.05527	34.81818	31.11777	0.9502745	0.0631528	0.7722862	-0.2933475	0.7823724	0.2837736	0.251916	-1.215983	0.9525533	0.9429666
AO_R	17	647.3529	637.4294	9.923529	1104.529	1089.306	15.22353	47.95433	54.51926	172.7741	188.7332	47.83927	71.95877	9.923529	48.23901	15.22353	72.4945	31.41765	37.187	46.88235	56.27048	0.5770768	0.5635134	0.8077951	0.2453098	0.4088434	0.8481882	0.3993784	0.8658342	0.5632127	0.9233206
AE_E	34	745.0294	783.2882	38.25882	2113.529	2091.456	22.07353	82.82749	85.22058	131.1107	130.1924	76.33033	91.20649	-38.25882	67.04313	22.07353	89.82593	55.75294	52.91777	61.57353	68.29727	0.06491613	-1.877191	0.488504	0.6965927	0.002160948	-3.32749	0.1612987	1.432879	0.6820155	0.763678
EY_N	8	612	612.2	0.2	2518.375	2467.325	51.05	43.62503	22.77041	207.4994	277.5504	35.62576	146.7582	-0.2	38.08494	51.05	147.0932	24.6	27.54809	100.15	114.6818	0.9910427	-0.01149531	0.6837407	0.4166649	0.9885637	-0.01485326	0.3589839	0.9816308	0.4888318	0.8547594
IH_R	6	550.6667	548.9167	1.75	2499.833	2449.983	49.85	67.93134	67.99651	309.0556	394.6357	16.33743	115.2495	1.75	17.79379	49.85	113.8284	11.55	12.65745	99.08333	64.48192	0.9653054	0.04459849	0.8127398	0.2436045	0.8191957	0.2409047	0.3324148	1.07273	0.9657276	0.9769074
UW_E	9	515.4444	507.2556	8.188889	1556.556	1528.578	27.97778	76.94172	69.02391	401.5729	392.3094	22.29746	186.2731	8.188889	21.99735	27.97778	195.3312	18.41111	13.34105	132.1111	139.2834	0.8151894	0.237669	0.8830223	0.1495078	0.2964958	1.116801	0.6787549	0.4296975	0.9603459	0.879179
IY_E	17	499.7647	509.7941	10.02941	2451.176	2473.141	21.96471	73.5676	67.79755	264.5386	216.7056	20.3514	214.5298	-10.02941	18.25348	-21.96471	219.9701	16.52353	12.2464	126.1765	178.8405	0.6821301	-0.4133435	0.7929056	-0.2648284	0.03771707	-2.265448	0.6860182	-0.411705	0.9699364	0.5979306
IH_E	8	661.75	637.275	24.475	1746.875	1786.3	39.425	34.87426	76.98838	189.1344	237.0915	64.02273	123.1261	24.475	63.24451	-39.425	124.6971	38.05	55.04396	60.325	114.7466	0.4323047	0.8190576	0.7188853	-0.3676716	0.3099308	1.094573	0.400887	-0.8942526	0.5854113	0.8522652
AA_R	6	911.3333	879.35	31.98333	1600.167	1590.317	9.85	141.1774	138.0053	39.48882	37.59412	54.10993	50.16272	31.98333	47.81152	9.85	53.88071	35.18333	45.03356	36.15	38.09686	0.6998383	0.3968238	0.66755	0.4425246	0.162227	1.638577	0.6730366	0.4477943	0.9415939	0.02342577
AY_E	28	875.3929	887.1429	11.75	1626.571	1637.839	11.26786	119.3583	127.9544	187.3395	148.7655	40.05099	83.38101	-11.75	38.99123	-11.26786	84.13217	22.16429	33.97119	58.08214	60.92133	0.7237385	-0.355323	0.8041687	-0.2492406	0.1224436	-1.594593	0.4845894	-0.7086932	0.9526459	0.899707
OW_E	27	742.1111	689.2333	52.87778	1274.407	1311.53	37.12222	157.6633	109.615	188.0586	178.3954	94.93021	120.0662	52.87778	80.34147	-37.12222	116.3585	75.73704	58.32352	84.95926	86.45616	0.1591722	1.430869	0.4601446	-0.74415	0.002077697	3.419915	0.1093877	-1.657745	0.8800472	0.7996064
AH_L	1	827	791.1	35.9	1302	1266.1	35.9	NA	NA	NA	NA	35.9	35.9	35.9	NA	35.9	NA	35.9	NA	35.9	NA	NA	NA	NA	NA	NA	NA	NA	NA	NA	NA
AA_E	39	985	953.3795	31.62051	1642.128	1637.038	5.089744	75.51333	100.1789	107.2935	148.9366	67.50352	76.00572	31.62051	60.41912	5.089744	76.82646	39.76923	55.25782	49.95128	58.03534	0.1199382	1.574075	0.8630308	0.1731617	0.002300289	3.268337	0.6813974	0.4137303	0.7989327	0.8695815
IH_L	1	737	748.4	11.4	1673	1641.2	31.8	NA	NA	NA	NA	11.4	31.8	-11.4	NA	31.8	NA	11.4	NA	31.8	NA	NA	NA	NA	NA	NA	NA	NA	NA	NA	NA
ER_R	13	634.2308	638.7154	4.484615	1688.615	1675.108	13.50769	49.35949	59.89093	108.0174	95.63989	30.29716	47.4285	-4.484615	31.18691	13.50769	47.32078	23.17692	20.30953	38.13846	29.3456	0.8367824	-0.2083437	0.7386628	0.3375727	0.6135561	-0.5184711	0.3236832	1.029203	0.8542527	0.8990369
IY_N	4	552.5	551.6	0.9	2835.25	2714.375	120.875	56.85948	38.93251	106.5501	313.2233	25.28369	248.366	0.9	29.17659	120.875	250.5325	19.5	18.58368	136.825	239.3452	NA	NA	NA	NA	NA	NA	NA	NA	0.8803132	0.6995755
EY_E	19	611	631.2053	20.20526	2205.105	2161.747	43.35789	65.47858	69.38812	173.9444	236.3092	39.0236	123.1279	-20.20526	34.3003	43.35789	118.3993	26.13158	29.77663	82.44211	93.95979	0.3620991	-0.9231435	0.5239583	0.6440901	0.01936903	-2.567695	0.1278439	1.596232	0.8722084	0.8767899
AE_N	8	643.625	611.6	32.025	2540.125	2495.775	44.35	79.38502	60.37069	335.0968	327.6946	59.55567	118.0788	32.025	53.67923	44.35	116.9893	43.325	43.68487	87.675	84.55392	0.3802012	0.9082319	0.7928816	0.2676392	0.1353773	1.687438	0.3191802	1.072241	0.7370997	0.9379302
AH_E	25	848.84	826.5	22.34	1397.16	1389.148	8.012	76.49111	84.62656	86.93996	99.19643	42.91748	37.34591	22.34	37.40035	8.012	37.22853	30.46	30.85751	27.908	25.32828	0.3324397	0.9792015	0.762686	0.3037073	0.0064063	2.986603	0.2926007	1.076056	0.8970676	0.9283556
AW_E	11	995	941.7545	53.24545	1602.455	1634.527	32.07273	87.08157	65.95752	94.76747	135.927	73.89736	90.67473	53.24545	53.74304	-32.07273	88.95264	56.00909	50.55869	77.07273	50.09862	0.1227772	1.616565	0.5290542	-0.6419563	0.008206451	3.285917	0.2593444	-1.195841	0.7874109	0.7586273
AO_L	9	938	932.1778	5.822222	1385.111	1378.711	6.4	96.35611	77.53907	113.4696	121.9906	50.06034	27.90492	5.822222	52.73668	6.4	28.80868	36.22222	36.6502	23.51111	15.94212	0.8895354	0.1412244	0.9096939	0.115243	0.7489984	0.3312053	0.5238642	0.6664658	0.8375748	0.9726441
EH_R	12	668	682.025	14.025	2008	2007.675	0.325	68.20024	69.74246	121.0928	106.1593	24.47061	34.32301	-14.025	20.94435	0.325	35.84761	16.14167	19.20958	25.79167	23.65339	0.6233858	-0.4980611	0.994486	0.0069911	0.04060123	-2.319672	0.9755083	0.03140608	0.9541373	0.9586918
AH_N	8	829.375	781.1875	48.1875	1362.25	1350.362	11.8875	76.76855	102.9555	67.05595	106.6047	77.73071	68.87393	48.1875	65.20323	11.8875	72.52433	58.5375	54.67227	57.0625	41.23092	0.3079649	1.061271	0.7941015	0.2669743	0.07493594	2.090308	0.6569986	0.4636089	0.7744293	0.741506
EH_N	11	878.9091	845.2	33.70909	1710.818	1706.573	4.245455	116.843	113.2512	62.17848	75.0438	55.66331	54.21148	33.70909	46.45762	4.245455	56.68286	45.03636	34.30951	41.42727	36.67332	0.4999376	0.687068	0.8866163	0.1444809	0.03690328	2.406503	0.8088443	0.2484098	0.9189348	0.6734506
EH_E	28	886.4286	849.3857	37.04286	1708.786	1722.171	13.38571	79.10445	88.72196	80.76961	80.53586	55.87837	58.74779	37.04286	42.60331	-13.38571	58.25217	41.82143	37.73891	43.95	39.69868	0.1050252	1.649021	0.5372174	-0.620992	8.901996e-05	4.600872	0.2345361	-1.21593	0.8772819	0.7391746
AO_E	9	930.6667	917.1222	13.54444	1390.444	1399.633	9.188889	49.05099	52.51661	50.99782	79.2179	27.12746	47.6415	13.54444	24.92996	-9.188889	49.58262	20.36667	19.00618	35.27778	33.96085	0.5796515	0.565444	0.774228	-0.2925967	0.1417702	1.6299	0.5934328	-0.5559744	0.8816976	0.794296
AE_L	1	668	671.2	3.2	1930	2038.6	108.6	NA	NA	NA	NA	3.2	108.6	-3.2	NA	-108.6	NA	3.2	NA	108.6	NA	NA	NA	NA	NA	NA	NA	NA	NA	NA	NA
IH_N	2	646	622.75	23.25	2162	2183.9	21.9	50.91169	24.11234	316.7838	313.814	29.99442	22.00045	23.25	26.79935	-21.9	2.969848	23.25	26.79935	21.9	2.969848	NA	NA	NA	NA	NA	NA	NA	NA	NA	NA
OW_N	6	753	679.3333	73.66667	1136.833	1199.617	62.78333	152.5411	138.2156	140.082	176.0536	96.30336	85.50989	73.66667	67.94903	-62.78333	63.59429	73.66667	67.94903	68.08333	56.67382	0.4014613	0.8766079	0.5105554	-0.6835467	0.0451215	2.655604	0.06024708	-2.418254	0.8953723	0.9442405
AA_N	5	1160.4	1066.32	94.08	1734.6	1719.06	15.54	17.98055	26.27255	65.19816	71.78867	95.11645	49.83707	94.08	15.65621	15.54	52.94151	94.08	15.65621	35.94	38.60133	0.0002888772	6.607853	0.7294591	0.3583193	0.00017746	13.43679	0.5474347	0.6563564	0.8133345	0.7052265
EH_L	2	963.5	941.5	22	1624.5	1663.15	38.65	24.74874	53.74012	12.02082	31.04199	30.07075	40.9234	22	28.99138	-38.65	19.02117	22	28.99138	38.65	19.02117	NA	NA	NA	NA	NA	NA	NA	NA	NA	NA
IY_L	3	528.6667	487.4333	41.23333	2137	2558.967	421.9667	65.39368	72.09122	545.891	542.0292	43.74109	472.6687	41.23333	17.87857	-421.9667	260.8443	41.23333	17.87857	421.9667	260.8443	NA	NA	NA	NA	NA	NA	NA	NA	0.9708561	0.88505
OY_E	3	595.3333	614.3333	19	1078	1172.1	94.1	27.46513	55.09667	187.9255	262.9866	29.88879	116.6293	-19	28.25792	-94.1	84.38821	19	28.25792	94.1	84.38821	NA	NA	NA	NA	NA	NA	NA	NA	0.9884328	0.9849541
AW_N	3	986.6667	884.9	101.7667	1699	1761.233	62.23333	69.89516	143.2384	115.8577	124.763	123.8312	93.15899	101.7667	86.40934	-62.23333	84.90238	101.7667	86.40934	62.23333	84.90238	NA	NA	NA	NA	NA	NA	NA	NA	0.8957546	0.7533992
