vowel	stress	word	F1	F2	F3	B1	B2	B3	t	beg	end	dur	cd	fm	fp	fv	ps	fs	style	glide	F1@20%	F2@20%	F1@35%	F2@35%	F1@50%	F2@50%	F1@65%	F2@65%	F1@80%	F2@80%	nFormants	F1_man	F2_man	F3_man	plt_code	plt_stress	plt_word	t_man
AY	1	NINETEEN	800.0	1986.1	3205.4	120.9	473.0	732.4	4.618	4.598	4.669	0.071	41	4	4	2	4	4			793.8	1882.0	796.1	2079.2	772.1	2216.4	737.0	2355.9	688.0	2498.3	4		813	1959	3295	41.44242	1	nineteen	4.6162
IY	1	NINETEEN	469.8	2620.0	3621.0	437.8	250.7	2255.7	4.809	4.789	4.849	0.06	11	4	4	2	3	0			801.3	2520.1	454.2	2631.7	490.8	2684.5	506.0	2683.1	519.8	2689.0	4		544	2537	2797	11.4423	1	(nine)teen	4.8203
EY	1	EIGHT	554.0	2677.7	3184.7	93.4	248.5	2863.4	5.193	5.158	5.228	0.07	21	1	4	1	0	0			492.6	2699.9	515.4	2686.7	554.0	2677.7	583.8	2674.9	591.9	2669.3	4		620	2486	2828	21.141	1	eight	5.2031
IY	1	EAST	396.1	2715.9	4263.8	101.7	124.7	729.8	25.989	25.942	26.082	0.14	11	3	4	1	0	3			409.0	2803.7	390.4	2710.4	353.6	2680.7	354.6	2671.4	369.3	2560.4	3		366	2382	2723	11.34103	1	east	26.0149
EY	1	EIGHT	699.4	2514.7	3373.5	347.2	700.5	1165.0	28.664	28.635	28.796	0.161	21	1	4	1	0	0			614.0	2459.5	530.6	2424.0	522.7	2479.1	533.0	2351.9	516.7	2246.1	4		528	2624	4201	21.141	1	eight	28.695
AY	1	NINE	883.1	1653.5	2360.7	193.8	175.8	1398.1	28.985	28.946	29.165	0.219	41	4	4	2	4	0			861.5	1022.7	835.6	865.8	735.7	939.2	622.5	797.3	471.6	896.2	6		886	1634	3412	41.4424	1	nine	28.9862
IY	1	EAST	523.1	2981.6	3754.3	318.7	133.5	752.4	32.237	32.207	32.296	0.089	11	3	4	1	0	3			621.5	3165.3	525.0	2979.6	513.5	2940.7	494.4	2937.7	472.1	2940.7	3		504	2373	3061	11.34103	1	east	32.2382
AH	1	COLUMBUS	673.1	1071.8	2330.8	231.9	220.9	333.4	35.955	35.935	35.995	0.06	6	4	1	2	7	4			666.3	1049.8	672.8	1074.5	666.9	1079.1	656.9	1065.7	646.5	1042.8	6		773	1040	2462	6.41274	1	(Co)lumbus	35.9686
AE	1	ACADEMY	668.5	2115.6	3043.7	44.2	202.2	178.7	39.075	39.048	39.129	0.081	3	1	4	2	6	2			663.5	2152.3	668.7	2112.5	666.2	2087.1	650.7	2056.0	620.6	1996.6	5		657	2137	3099	3.14202	1	(a)cademy	39.0674
IH	1	HERE	559.7	2360.3	2928.3	88.4	229.4	210.1	44.418	44.394	44.465	0.071	14	6	4	2	0	0			524.7	2368.3	564.9	2356.3	624.3	2334.9	657.1	2347.4	660.7	2280.1	5		509	2366	2988	14.6	1	here	44.4104
AA	1	MOM	874.2	1431.4	3462.1	145.9	105.8	485.3	46.827	46.797	46.887	0.09	5	4	1	2	2	0			906.3	1404.4	873.0	1433.4	855.7	1444.7	848.6	1420.6	853.8	1288.6	4		854	1446	3475	5.4122	1	mom	46.8395
AO	1	BORN	560.8	1018.7	3168.1	90.1	339.4	249.6	47.159	47.136	47.206	0.07	64	6	4	2	1	3			563.3	977.3	561.7	1025.1	582.3	1047.3	669.8	1081.3	737.1	1157.5	4		539	974	2922	54.6001	1	born	47.1584
AE	1	DAD	652.8	2089.2	2820.5	45.9	218.9	270.2	48.973	48.936	49.047	0.111	3	1	4	2	3	0			502.8	1665.6	653.9	2076.4	655.3	2000.5	646.6	1961.3	634.9	1873.6	6		631	2177	2961	3.1423	1	dad	48.955
OW	1	NO	825.5	1364.6	2536.9	313.6	264.4	394.9	52.588	52.558	52.708	0.15	63	0	0	0	4	0			825.5	1364.6	853.6	1270.9	850.6	1227.9	866.0	1776.6	691.7	1307.7	6		829	1353	2575	62.0004	1	no	52.5898
AA	1	DROPPED	699.8	1604.1	2625.4	53.8	488.9	269.0	58.239	58.209	58.299	0.09	5	1	1	1	8	3			687.4	1796.0	700.4	1592.6	702.2	1449.5	672.5	1225.8	635.6	1320.1	6		702	1485	2586	5.1118	1	dropped	58.2485
IH	1	IN	561.7	2047.4	3020.6	96.9	730.6	523.1	63.286	63.266	63.326	0.06	1	4	4	2	0	0			526.5	1950.8	566.5	2063.1	611.7	2208.8	655.1	2289.8	681.4	2281.8	5		694	2273	3062	1.442	1	in	63.3171
OW	1	ONLY	697.5	1132.1	2954.3	115.3	166.0	401.2	64.121	64.114	64.164	0.05	62	4	4	2	0	1			697.5	1132.1	694.4	1102.8	686.7	1034.6	687.5	1015.3	689.1	1047.5	6		667	871	2477	62.44204	1	only	64.1528
UW	1	TWO	556.9	1569.3	2213.6	294.1	514.3	983.3	64.53	64.513	64.563	0.05	73	0	0	0	3	0			599.8	1646.7	556.9	1569.3	485.9	1489.3	481.4	1485.4	497.3	1551.8	6		482	1583	2911	73.0003	1	two	64.5579
AA	1	NOT	927.4	1841.8	3256.4	66.8	190.4	254.5	72.186	72.159	72.239	0.08	5	1	4	1	4	0			858.1	1794.2	931.0	1848.1	934.2	1938.8	886.6	2022.9	807.9	2116.4	4		951	1907	3263	5.1414	1	not	72.1959
AE	1	FAMILY	571.2	2206.1	3006.3	85.6	304.5	137.3	95.596	95.563	95.662	0.099	39	4	1	2	1	1			550.3	2262.3	576.8	2195.0	661.7	2159.9	733.7	2069.3	729.5	1768.1	5		551	2262	2996	3.41212	1	family	95.589
AW	1	OUT	704.6	1492.3	3063.0	62.1	335.5	709.9	95.965	95.942	96.042	0.1	42	1	4	1	0	0			695.9	1527.6	745.3	1337.0	762.2	1183.4	728.1	1212.9	670.4	1316.5	5		776	1217	2680	42.141	1	out	95.9877
OW	1	DON'T	768.9	1332.2	1658.7	117.6	219.7	1378.7	99.757	99.748	99.808	0.06	62	4	4	2	3	0			768.9	1332.2	772.8	1261.2	770.2	1190.3	771.7	1141.0	768.9	1097.5	6		817	1371	3112	62.44233	1	don't	99.7637
OW	1	GO	614.9	1098.6	3175.9	126.9	239.9	466.5	99.908	99.888	99.977	0.089	63	0	0	0	6	0			614.9	1098.6	661.0	1133.5	661.6	1141.5	646.8	1144.4	605.9	1140.1	5		726	1142	3394	62.0006	1	go	99.9231
AE	1	GRANDMOTHER	681.1	1903.2	2515.5	117.6	420.5	413.8	100.335	100.308	100.388	0.08	39	4	1	2	8	2			625.0	1891.9	686.2	1901.1	744.9	1848.5	787.2	1760.2	792.5	1588.3	5		719	2067	2669	3.44285	1	grandmother	100.341
OW	1	GOES	564.3	1101.4	2631.1	104.6	144.4	909.3	100.667	100.648	100.757	0.109	62	3	4	2	6	0			577.2	1094.8	617.0	1098.5	608.6	1094.2	601.0	1158.2	567.9	1249.0	5		613	1092	2713	62.0026	1	goes	100.695
AA	1	LOT	828.3	1126.0	1903.1	123.7	316.6	970.7	101.104	101.067	101.178	0.111	5	1	4	1	7	0			817.8	1082.3	830.7	1135.8	857.5	1224.6	815.3	1282.6	871.6	1455.6	6		872	1367	3061	5.1417	1	lot	101.1329
ER	1	CHURCH	644.6	1968.6	3663.6	221.6	298.2	717.0	106.526	106.506	106.566	0.06	94	2	5	1	5	0			671.5	1990.3	639.5	1968.1	587.9	1968.6	505.0	1896.8	452.5	1989.3	4		639	1327	2035	94.2515	1	church	106.5196
EY	1	ABLAZE	604.0	1657.2	3048.1	91.8	176.1	159.9	109.944	109.931	110.051	0.12	21	3	4	2	8	0			581.6	1733.3	569.7	1852.0	571.5	2071.0	571.7	2313.2	557.8	2296.9	5		572	1792	2991	21.3428	1	(a)blaze	109.9607
AW	1	OUT	704.2	1133.3	2785.4	89.0	323.6	549.3	118.904	118.872	119.002	0.13	42	1	4	1	0	0			666.7	1120.7	744.4	1108.9	788.7	1162.5	794.4	1241.1	747.3	1200.7	5		796	1235	2952	42.141	1	out	118.9511
EH	1	THERE	700.7	2034.9	3303.5	73.9	797.9	856.9	119.136	119.113	119.182	0.069	24	6	4	2	3	0			708.6	1894.3	699.9	2048.8	696.5	2202.2	700.9	2237.1	701.3	2245.4	4		706	1718	2856	24.6003	1	there	119.1297
AY	1	I	936.2	1334.3	2906.9	98.0	211.9	925.9	127.973	127.903	128.043	0.14	41	0	0	0	0	0		m	921.4	1381.2	936.1	1337.5	928.0	1305.1	916.7	1319.2	858.6	1232.6	5		924	1299	2866	41.0006	1	I	127.983
AW	1	HOUR	1014.7	1367.0	3212.8	109.1	277.4	346.0	128.804	128.792	128.992	0.2	42	0	0	0	0	1			1015.5	1375.9	977.4	1311.7	839.3	1181.7	696.0	1028.8	680.8	864.2	4		1005	1341	3246	42.6	1	hour	128.8218
EY	1	PLACE	671.4	1704.9	2747.6	15.9	141.1	789.4	139.14	139.128	139.188	0.06	21	3	4	1	8	0			671.4	1704.9	662.6	1751.5	651.3	1826.7	636.0	1940.5	592.0	1873.1	6		668	1728	3079	21.3428	1	place	139.14
AA	1	LOT	861.3	1494.5	3034.4	96.6	183.3	256.4	150.55	150.533	150.583	0.05	5	1	4	1	7	0			825.0	1495.0	861.3	1494.5	907.6	1527.5	931.9	1562.0	943.9	1580.0	5		1000	1632	2961	5.1417	1	lot	150.5914
IY	1	PEOPLE	482.1	2113.8	2770.5	219.1	167.2	314.6	150.729	150.702	150.783	0.081	11	1	1	1	1	1			493.9	2146.9	483.3	2108.5	512.8	1927.7	544.1	1616.9	538.1	1302.0	5		477	2160	2811	11.11111	1	people	150.7222
AW	1	DOWN	832.9	1531.0	2770.6	92.9	217.9	301.6	151.049	151.022	151.142	0.12	42	4	4	2	3	0			824.1	1553.7	868.7	1502.1	879.0	1472.8	849.9	1461.0	807.2	1477.9	4		869	1459	2642	42.4423	1	down	151.0762
IH	1	CITY	536.8	2095.6	3074.1	59.2	206.4	271.7	151.49	151.473	151.523	0.05	1	1	4	1	3	1			537.4	2080.8	536.8	2095.6	532.6	2112.0	527.0	2116.0	513.4	2102.6	4		533	2092	3011	1.14131	1	city	151.4973
AY	1	I	837.2	1915.2	3055.5	66.9	289.9	525.4	159.285	159.255	159.365	0.11	41	0	0	0	0	0			835.2	1856.1	837.2	1918.8	826.1	1961.4	828.0	2039.4	817.5	2160.3	4		846	1905	2999	41.0006	1	I	159.2884
AA	1	LOT	867.0	1420.3	2585.2	22.0	256.3	334.0	169.427	169.407	169.467	0.06	5	1	4	1	7	0			856.6	1421.8	867.8	1420.0	874.2	1417.4	876.5	1417.9	878.7	1421.6	6		890	1460	2670	5.1417	1	lot	169.4685
EH	1	CONNECTION	847.8	1912.0	3071.2	87.6	183.6	179.4	171.273	171.256	171.306	0.05	2	1	6	1	4	4			844.6	1900.9	847.8	1912.0	842.4	1937.0	820.3	1973.1	791.8	2003.3	4		849	1900	3021	2.16144	1	(con)nection	171.2747
UW	1	JEWELRY	494.6	2048.3	4005.8	98.8	372.1	449.5	172.295	172.275	172.335	0.06	82	5	4	2	5	2			496.9	2027.2	494.4	2051.7	492.3	2066.0	492.3	2043.9	493.0	2017.3	3		475	1558	2161	82.54294	1	jewelry	172.2835
AH	1	STUFF	679.3	1153.1	2483.7	70.4	551.9	97.7	173.662	173.625	173.736	0.111	6	3	2	1	3	0			652.5	1260.3	681.4	1127.8	693.7	1024.7	677.5	1062.8	641.7	1367.0	5		696	1013	2469	6.3213	1	stuff	173.6815
AY	1	BUY	947.4	1773.8	3297.4	83.4	314.4	619.8	174.784	174.745	174.885	0.14	41	0	0	0	1	0			945.6	1795.9	943.4	1812.0	910.4	1942.9	812.5	2099.1	675.2	2265.6	4		924	1636	2662	41.0001	1	buy	174.786
EH	1	THERE	587.9	1924.7	3083.9	75.3	416.4	999.5	175.745	175.715	175.804	0.089	24	6	4	2	3	0			541.9	1838.2	591.6	1933.8	643.5	2076.0	658.6	2060.4	647.1	1916.1	4		636	1954	2978	24.6003	1	there	175.7556
AA	1	NOT	882.6	1647.7	2930.4	119.6	315.0	1274.1	182.171	182.128	182.258	0.13	5	1	4	1	4	0			858.3	1554.2	888.2	1652.6	894.2	1671.9	820.6	1604.0	691.8	1543.0	5		891	1681	2896	5.1414	1	not	182.1967
IY	0	REALLY	534.1	2049.7	3274.5	36.3	268.0	162.7	186.181	186.141	186.261	0.12	12	0	0	0	7	0			542.4	1836.7	533.6	2072.3	531.7	2234.4	528.0	2325.4	526.6	2098.3	5		612	1722	2904	11.54271	1	really	186.0834
AW	1	OUT	804.5	1849.2	3088.8	44.8	375.5	204.9	186.292	186.261	186.411	0.15	42	1	4	1	0	0			801.8	1863.4	863.3	1586.8	866.9	1476.8	835.9	1308.2	730.5	1158.9	4		843	1420	2919	42.141	1	out	186.3299
AA	1	LOT	833.7	1459.0	2727.6	106.7	440.5	809.4	192.638	192.588	192.738	0.15	5	1	4	1	7	0			786.0	1415.3	834.1	1463.1	778.5	1552.3	675.2	1628.4	641.1	1717.7	5		834	1441	2531	5.1417	1	lot	192.6456
AH	1	DRUGS	665.7	1126.2	2597.8	87.3	427.0	365.4	192.999	192.969	193.058	0.089	6	1	6	2	8	3			671.9	1142.6	664.6	1125.5	632.5	1178.0	548.0	1267.8	442.4	1304.0	5		671	1138	2619	6.1628	1	drugs	192.9933
IH	1	HERE	580.2	2566.4	3911.1	170.2	437.7	1443.0	193.242	193.209	193.308	0.099	14	6	4	2	0	0			553.4	2624.6	583.3	2543.7	601.2	2491.1	608.6	2560.2	621.9	2540.8	3		595	2210	2997	14.6	1	here	193.2357
AA	1	NOT	740.6	1519.0	2381.5	94.1	440.0	399.5	199.612	199.595	199.645	0.05	5	1	4	1	4	0			759.5	1560.1	740.6	1519.0	698.3	1454.4	640.3	1425.2	600.8	1428.1	5		869	1763	3069	5.1414	1	not	199.577
OW	1	ONLY	691.8	1087.9	2965.4	110.9	135.7	217.3	209.209	209.184	209.284	0.1	62	4	4	2	0	1			680.0	1088.6	702.4	1082.2	709.6	1071.2	713.9	1079.7	708.7	1093.7	6		702	1056	3275	62.44204	1	only	209.2318
AA	1	JOBS	829.7	1485.2	1644.3	89.2	349.9	2147.5	209.656	209.603	209.763	0.16	5	1	1	2	5	3			753.6	1258.7	841.2	1475.5	925.0	1479.3	914.8	1418.5	832.5	1348.0	6		953	1513	2849	5.1125	1	jobs	209.6879
AY	1	LIKE	701.6	1781.2	3287.8	79.7	245.3	222.8	209.967	209.953	210.074	0.121	47	1	6	1	7	0			693.9	1897.9	675.3	2039.3	638.8	2172.5	592.6	2292.2	534.3	2439.7	5		703	1862	3251	47.1617	1	like	209.9717
AA	1	DOLLAR	987.6	1681.1	2919.5	63.2	165.8	636.7	212.578	212.541	212.651	0.11	5	5	4	2	3	1			902.5	1674.5	994.6	1674.3	1039.8	1587.9	1045.3	1527.8	998.6	1507.1	4		1036	1588	3031	5.54231	1	dollar	212.5954
AO	1	STORES	531.8	1087.9	2620.8	103.2	171.8	534.6	213.047	213.01	213.12	0.11	64	6	4	2	3	3			538.4	1139.7	531.5	1087.5	527.7	1088.2	522.3	1065.2	529.8	1101.6	5		537	1108	2471	64.6003	1	stores	213.061
AH	1	STUFF	677.0	1231.8	2641.4	121.9	347.9	316.5	213.53	213.5	213.591	0.091	6	3	2	1	3	0			668.1	1294.6	679.9	1221.9	712.5	1188.0	760.8	1115.1	800.8	954.1	5		729	1330	2627	6.3213	1	stuff	213.534
AA	1	LOT	812.6	1580.5	3036.0	81.9	227.1	239.5	215.314	215.294	215.353	0.059	5	1	4	1	7	0			801.9	1698.5	813.6	1570.6	819.6	1536.8	819.1	1533.7	803.0	1530.5	4		819	1531	3005	5.1417	1	lot	215.3211
AE	1	FAST	727.7	2175.1	2917.0	63.0	210.2	193.6	215.53	215.493	215.603	0.11	33	3	4	1	1	3			675.1	2054.9	730.6	2184.3	731.8	2188.7	724.1	2122.2	717.0	2008.8	5		730	2191	2961	3.34113	1	fast	215.5475
UW	1	FOOD	474.7	992.4	2020.5	82.4	114.1	141.7	215.78	215.753	215.834	0.081	72	1	4	2	1	0			479.1	985.1	474.4	993.2	470.9	997.9	470.4	986.9	460.8	941.4	6		475	995	2018	72.1421	1	food	215.7804
EY	1	PLACES	555.8	1775.9	3111.8	106.3	508.5	227.0	215.975	215.963	216.034	0.071	21	3	4	1	8	1			548.5	1785.7	509.4	1898.4	479.4	2042.9	456.4	2155.6	441.7	2160.0	4		596	1756	3074	21.3428	1	places	215.9685
IY	1	LEAVING	523.3	2376.8	3202.4	124.6	311.9	123.4	220.888	220.861	220.941	0.08	11	3	2	2	7	1			522.1	2248.5	523.5	2383.4	524.4	2405.8	515.4	2411.0	495.9	2240.2	5		521	2405	3208	11.3227	1	leaving	220.8905
AH	1	BROTHER	695.4	1533.5	2543.2	65.0	361.7	210.6	230.398	230.368	230.458	0.09	6	3	3	2	8	1			660.7	1451.4	697.5	1540.5	717.2	1621.7	713.3	1607.6	671.2	1483.2	5		723	1646	2980	6.33181	1	brother	230.4199
OW	1	GO	663.4	1260.4	2524.3	228.4	361.7	1428.5	239.448	239.434	239.574	0.14	63	0	0	0	6	0			553.3	993.6	567.3	1003.1	501.5	1191.2	473.4	1273.7	494.3	1224.9	6		561	984	2358	62.0006	1	go	239.4805
AH	1	CLUBS	731.5	1165.3	1894.6	46.5	265.4	2652.0	240.234	240.214	240.273	0.059	6	1	1	2	8	3			736.1	1153.1	730.7	1157.4	712.2	1085.4	676.2	1019.9	614.8	1013.0	6		741	1184	3159	6.1128	1	clubs	240.2301
AA	1	BARS	724.0	1187.1	2454.4	77.5	297.3	290.3	240.58	240.543	240.653	0.11	44	6	4	2	1	3			697.0	1206.5	727.1	1185.8	747.8	1207.4	790.2	1616.3	768.7	1785.2	5		769	1331	2386	44.6001	1	bars	240.6131
AA	1	CARDBOARD	979.0	1488.9	2577.7	71.8	372.8	627.4	274.712	274.669	274.799	0.13	44	6	4	2	6	4			997.8	1511.0	970.5	1479.5	861.6	1493.6	788.1	1515.7	743.7	1376.8	6		1005	1567	2893	44.60004	1	cardboard	274.7087
AO	2	CARDBOARD	492.5	910.5	2545.9	49.4	14.7	111.1	274.995	274.958	275.068	0.11	64	6	4	2	1	3			487.0	913.3	493.2	910.5	501.8	915.7	519.5	929.7	574.9	1020.5	5		490	909	2565	64.6001	1	(card)board	274.9925
EH	1	BED	754.3	2000.2	3161.3	57.5	261.7	617.7	277.391	277.357	277.458	0.101	2	1	4	2	1	0			699.8	1909.6	755.8	2002.8	770.1	2011.7	773.9	2014.2	741.0	1983.0	4		772	1978	2852	2.1421	1	bed	277.4111
EH	1	BED	646.4	1651.7	3070.1	56.9	387.9	553.0	277.771	277.738	277.837	0.099	2	1	4	2	1	0			629.4	1646.8	649.4	1661.2	675.9	1727.3	696.0	1722.2	709.8	1697.3	4		703	1740	3157	2.1421	1	bed	277.8012
EH	1	BED	793.4	1786.8	2955.1	96.4	250.0	538.3	279.721	279.694	279.774	0.08	2	1	4	2	1	0			698.6	1765.7	798.5	1786.2	835.8	1801.4	841.8	1799.3	812.5	1789.3	5		842	1805	2842	2.1421	1	bed	279.7413
EH	1	BED	831.4	1926.5	3319.6	132.1	329.7	780.4	280.104	280.054	280.203	0.149	2	1	4	2	1	0			772.5	1774.4	837.2	1937.8	859.5	2028.6	826.6	2008.6	709.3	1751.3	4		848	1982	3390	2.1421	1	bed	280.1145
AA	1	GOT	810.4	1857.1	2671.9	66.8	283.0	1255.8	293.577	293.551	293.63	0.079	5	1	4	1	6	0			732.5	1860.6	824.7	1843.2	903.9	1794.6	964.1	1754.9	980.7	1732.2	5		988	1733	2467	5.1416	1	got	293.6081
AO	1	CAUGHT	921.3	1116.3	2898.1	75.8	248.0	287.8	293.827	293.771	293.94	0.169	53	1	4	1	6	0			877.6	1154.6	921.8	1119.7	871.3	1160.8	889.4	1113.4	873.4	1134.8	6		917	1048	3071	53.141	1	caught	293.8378
AO	1	CAUGHT	851.9	1156.8	2635.4	75.0	124.2	197.9	297.116	297.069	297.21	0.141	53	1	4	1	6	0			788.1	1111.0	853.8	1160.5	873.1	1206.6	898.9	1312.5	905.2	1428.8	6		939	1210	2769	53.141	1	caught	297.1152
AY	1	LIKE	706.6	1642.4	3123.5	83.9	159.3	278.6	297.955	297.919	298.07	0.151	47	1	6	1	7	0			703.5	1587.1	697.9	1772.0	645.8	2048.5	542.2	2334.4	471.4	2494.4	4		706	1686	3070	47.1617	1	like	297.9614
AY	1	FIND	804.9	1842.2	2819.8	84.2	267.3	264.8	303.887	303.846	303.937	0.091	41	4	4	2	1	3		s	756.5	1475.1	794.0	1727.3	802.8	1874.6	772.4	1921.8	733.3	1999.0	5		813	1857	2825	41.44213	1	find	303.888
AW	1	OUT	851.0	1807.6	2746.9	75.7	278.5	243.1	304.043	304.017	304.227	0.21	42	1	4	1	0	0			899.7	1678.3	883.7	1300.5	795.2	1228.8	740.0	1172.0	701.8	1129.5	5		910	1537	2680	42.141	1	out	304.0698
OW	1	GO	644.8	1035.1	2876.1	133.3	109.3	312.2	306.623	306.611	306.661	0.05	63	0	0	0	6	0			644.8	1035.1	649.7	1008.6	650.9	972.7	646.1	964.4	635.3	962.4	6		658	968	2946	62.0006	1	go	306.6361
AE	1	BACK	725.7	2055.6	3013.7	83.4	374.6	426.4	306.734	306.711	306.781	0.07	3	1	6	1	1	0			727.1	1935.8	725.1	2063.0	719.9	2095.3	711.7	2079.1	695.5	2131.5	4		712	1958	2799	3.1611	1	back	306.7445
AE	1	THAT	691.6	1921.2	2989.5	58.1	244.2	303.2	307.151	307.121	307.212	0.091	3	1	4	1	3	0			677.5	1887.7	693.7	1922.3	703.9	1898.4	703.7	1874.7	663.9	1892.0	4		689	1906	2909	3.1413	1	that	307.1464
ER	1	PERSON	592.2	1706.7	2416.9	51.7	629.0	476.7	307.318	307.301	307.351	0.05	94	3	4	1	1	1			595.7	1678.7	592.2	1706.7	584.7	1728.6	575.7	1714.5	563.7	1719.7	5		592	1754	2419	94.60011	1	person	307.3186
AE	1	MAT	819.5	2149.8	3129.3	119.4	194.2	659.8	327.472	327.422	327.571	0.149	3	1	4	1	2	0			800.2	2138.3	822.7	2148.3	861.4	2172.5	883.2	2256.2	833.6	2257.0	4		840	2142	3089	3.1412	1	mat	327.483
AO	1	SMALLER	840.2	1124.0	2553.6	51.6	342.5	397.7	329.218	329.195	329.265	0.07	53	5	4	2	2	1			784.4	1168.4	844.5	1120.1	862.8	1084.7	862.7	1080.4	855.3	1086.4	6		880	1217	2770	53.54201	1	smaller	329.2413
AH	1	RUG	755.7	1153.3	3216.2	261.1	830.2	321.6	329.727	329.684	329.814	0.13	6	1	6	2	7	0			728.1	941.6	769.6	1187.3	740.3	1046.8	746.2	1080.3	623.1	868.5	5		801	1305	3116	6.1627	1	rug	329.7484
UW	1	DO	496.5	1975.8	2802.8	62.6	330.8	258.1	346.263	346.256	346.356	0.1	73	0	0	0	3	0			510.1	1903.1	519.6	1599.6	514.7	1252.9	510.4	1107.2	569.7	1061.9	5		516	1856	2746	73.0003	1	do	346.2803
IH	1	DIFFERENT	582.5	1997.0	2875.0	85.6	213.3	183.0	350.057	350.04	350.09	0.05	1	3	2	1	3	1			568.6	2010.7	582.5	1997.0	602.0	1981.6	608.2	1942.2	606.9	1823.9	5		612	1974	2871	1.32132	1	different	350.0723
AA	1	PROBABLY	826.7	1689.8	2701.1	70.7	279.6	369.5	363.278	363.238	363.359	0.121	5	1	1	2	8	1			766.8	1691.2	828.6	1683.8	836.6	1623.3	821.0	1444.8	793.7	1203.6	5		831	1685	2733	5.11282	1	probably	363.282
AO	1	ALL	812.0	1139.0	2739.5	98.1	108.7	278.9	392.719	392.693	392.772	0.079	53	5	4	2	0	0			809.7	1134.2	812.7	1142.1	816.0	1179.8	809.5	1242.4	793.5	1279.0	5		818	1171	2783	53.542	1	all	392.6878
UW	1	SCHOOL	540.3	930.2	2577.7	268.5	151.4	1218.6	394.696	394.676	394.736	0.06	72	5	4	2	6	0			575.7	969.7	543.2	925.9	576.5	936.4	692.9	1319.7	710.7	1370.8	5		581	908	2111	72.5426	1	school	394.7405
OW	1	GO	606.8	1087.1	3234.4	109.4	77.2	290.2	394.984	394.955	395.115	0.16	63	0	0	0	6	0			604.6	1093.3	617.6	1084.8	621.2	1071.6	611.7	1240.8	553.3	1598.9	4		607	1083	3038	62.0006	1	go	395.0117
EH	1	VERY	656.9	2104.1	2676.2	84.0	377.8	398.0	395.799	395.766	395.865	0.099	2	6	4	2	1	1			634.7	2076.8	659.8	2103.4	675.8	2036.4	679.5	1871.7	672.8	1659.4	5		643	2086	2757	2.60011	1	very	395.7899
IH	1	STRICT	683.3	2097.5	2786.0	93.1	312.0	191.3	396.229	396.205	396.276	0.071	1	1	6	1	8	3			684.5	2081.5	682.1	2100.5	662.8	2154.8	620.0	2238.7	558.1	2270.3	5		693	2078	2779	1.16183	1	strict	396.2205
EH	1	DRESS	696.5	1750.1	2806.7	54.1	470.1	150.3	396.485	396.465	396.526	0.061	2	3	4	1	8	0			693.4	1799.2	697.3	1744.9	708.2	1697.1	724.3	1660.0	729.2	1642.8	4		714	1672	2818	2.3418	1	dress	396.4989
OW	1	CODE	654.6	1054.1	2610.6	129.3	203.7	787.1	396.707	396.696	396.826	0.13	62	1	4	2	6	0			664.3	1074.2	621.1	1045.3	618.2	1026.3	579.0	1039.5	570.5	1089.5	6		644	1059	2675	62.142	1	code	396.7381
AH	1	BUTTON	741.5	1204.5	2554.3	28.5	395.9	547.1	398.104	398.067	398.177	0.11	6	1	4	1	1	1			716.6	1095.8	743.2	1212.2	783.6	1318.5	790.0	1417.8	770.7	1522.7	5		822	1417	3024	6.14111	1	button	398.136
AW	1	DOWN	786.9	1746.5	4615.4	62.2	266.5	1296.4	398.425	398.388	398.537	0.149	42	4	4	2	3	0			779.1	1802.5	837.9	1662.7	922.6	1582.9	924.9	1489.3	928.4	1414.9	3		873	1435	3309	42.4423	1	down	398.471
ER	1	SHIRTS	674.1	1610.2	2904.6	69.5	392.0	417.3	398.764	398.727	398.837	0.11	94	1	4	1	5	3			682.6	1624.2	673.4	1609.8	664.8	1634.9	654.2	1727.5	614.3	1699.2	4		670	1552	2769	94.60053	1	shirts	398.7612
AA	1	COLLAR	877.7	1450.6	2754.5	62.7	300.5	250.7	399.398	399.358	399.478	0.12	5	5	4	2	6	1			862.9	1422.2	879.6	1436.0	904.1	1330.9	934.2	1395.7	899.8	1404.2	5		950	1396	2840	5.54201	1	collar	399.4383
OY	1	BOYS	608.6	989.6	2651.3	116.0	157.4	478.5	401.111	401.041	401.251	0.21	61	3	4	2	1	0			606.6	901.1	610.8	1008.3	696.8	1236.5	719.3	1568.3	587.4	1625.5	5		635	938	2633	61.0021	1	boys	401.0595
ER	1	GIRLS	633.3	1582.4	2873.2	128.2	155.7	986.8	402.03	402.01	402.07	0.06	94	5	4	2	6	3			603.2	1590.4	637.5	1581.3	677.1	1572.6	716.4	1572.8	754.0	1604.9	4		744	1426	2286	94.60053	1	girls	402.0674
AE	1	MATTER	755.2	2146.7	3685.2	113.7	505.0	956.3	402.481	402.421	402.6	0.179	3	1	4	1	2	1			776.0	2087.0	750.7	2179.0	952.0	2509.2	728.6	2200.6	765.5	1693.0	3		752	1923	2946	3.14121	1	matter	402.4415
EH	1	SEX	759.8	1515.1	2894.2	59.7	556.1	606.5	402.991	402.941	403.091	0.15	2	1	6	1	3	3			724.9	1668.6	764.8	1520.4	784.7	1695.1	716.8	1699.2	644.3	1624.5	4		805	1741	3069	2.16133	1	sex	403.0124
OW	1	THOSE	518.6	718.7	1391.5	1352.4	366.4	277.1	404.22	404.207	404.436	0.229	62	3	4	2	3	0			670.9	1095.6	648.6	960.3	563.3	896.9	497.3	895.1	474.8	925.1	6		664	1044	2904	62.3423	1	those	404.2477
ER	1	SHIRTS	657.4	1602.3	3122.6	73.5	240.1	468.7	404.66	404.616	404.747	0.131	94	1	4	1	5	3			666.6	1671.1	657.1	1604.1	653.0	1688.2	619.4	1725.7	539.4	1742.1	4		642	1569	2038	94.60053	1	shirts	404.6783
UH	1	LOOK	696.0	1087.7	2706.7	35.8	240.6	581.6	405.416	405.386	405.477	0.091	7	1	6	1	7	0			693.0	1071.2	695.9	1093.3	687.4	1128.4	620.1	1165.8	522.3	1368.8	5		695	1060	2608	7.1617	1	look	405.4096
AY	1	LIKE	691.5	1410.3	3446.6	27.8	568.4	743.7	405.986	405.997	406.127	0.13	47	1	6	1	7	0			666.2	2061.3	657.0	2222.4	631.9	2374.0	587.9	2563.9	499.8	2649.5	4		673	1971	3212	47.1617	1	like	406.0124
AE	1	SACKS	721.6	2200.3	3407.5	32.2	347.8	491.9	406.447	406.397	406.547	0.15	3	1	6	1	3	3			689.7	2078.1	728.8	2208.0	789.8	2156.8	825.6	2214.3	815.6	2201.6	4		711	2215	3469	3.1613	1	sacks	406.4462
AE	1	CAN'T	722.1	2637.2	3626.5	134.1	300.7	1156.1	407.365	407.321	407.452	0.131	33	4	4	2	6	3			616.9	2687.7	733.2	2625.5	801.7	2530.2	818.6	2453.9	812.1	2425.2	3		723	2390	2742	3.44203	1	can't	407.3593
IY	1	EVEN	537.9	2689.9	3356.9	216.2	161.1	2153.2	407.545	407.512	407.612	0.1	11	3	2	2	0	1			556.4	2680.1	535.1	2690.1	529.8	2654.6	552.7	2540.9	559.4	2199.9	4		587	2672	2768	11.32201	1	even	407.5411
AY	1	TIE	901.1	1681.9	3168.8	73.6	686.4	961.5	408.065	407.981	408.201	0.22	41	0	0	0	3	0			881.1	1552.7	900.5	1653.9	836.6	1791.1	725.3	2079.0	698.7	2246.0	4		896	1571	2887	41.0003	1	tie	408.0483
AA	1	BOTTOM	846.0	1412.7	2930.1	33.0	318.6	396.1	409.065	409.022	409.151	0.129	5	1	4	1	1	1			816.8	1334.4	846.6	1416.0	849.5	1426.2	846.2	1465.3	835.2	1511.1	4		849	1430	2914	5.14111	1	bottom	409.0826
ER	1	GIRLFRIEND	640.3	1616.9	3252.8	127.7	291.2	1507.2	410.212	410.175	410.285	0.11	94	5	4	2	6	4			578.1	1668.2	646.4	1613.9	757.6	1555.9	827.6	1466.1	840.3	1404.6	4		686	1386	1855	94.60051	1	girlfriend	410.2254
AE	1	JAN	742.3	2299.9	2958.2	59.4	357.6	387.9	410.774	410.724	410.874	0.15	33	4	4	2	5	0			725.8	2337.0	742.4	2300.8	741.5	2321.8	757.8	2289.0	771.0	2266.5	5		743	2288	2963	3.4425	1	Jan	410.7771
AA	1	GOT	850.3	1689.6	3118.7	38.4	390.9	1342.2	411.088	411.015	411.234	0.219	5	1	4	1	6	0			762.6	1692.4	852.6	1673.5	857.2	1523.5	860.7	1539.0	893.2	1547.8	4		862	1601	2820	5.1416	1	got	411.1152
EH	1	DETENTION	731.6	1920.6	3094.4	28.6	230.2	548.7	412.069	412.039	412.129	0.09	2	4	4	2	3	4			686.9	1951.5	737.4	1914.4	760.9	1877.4	768.6	1862.2	767.3	1881.3	4		766	1857	3034	2.44234	1	(de)tention	412.089
AE	1	THAT	696.6	2342.0	3935.4	59.6	505.2	1353.8	413.357	413.297	413.477	0.18	3	1	4	1	3	0			678.8	2326.4	701.8	2345.7	782.3	2208.0	806.0	2237.3	719.2	2276.5	3		672	2051	3572	3.1413	1	that	413.3338
IY	1	SHE	515.6	2737.4	3691.5	125.2	194.4	964.4	413.643	413.616	413.696	0.08	12	0	0	0	5	0			513.3	2696.4	515.3	2743.5	509.3	2796.3	508.2	2774.7	516.7	2739.8	3		536	2734	2759	12.0005	1	she	413.6432
EY	1	STAY	688.7	2209.6	2964.8	80.4	255.1	397.3	414.157	414.106	414.376	0.27	22	0	0	0	3	0			688.4	2216.5	639.6	2485.1	534.1	2593.7	512.7	1904.9	501.7	2780.8	5		690	2208	2961	22.0003	1	stay	414.1599
IH	1	TILL	700.2	1994.4	3001.8	86.8	271.7	421.6	415.189	415.159	415.249	0.09	1	5	4	2	3	0			654.6	2014.5	703.7	1994.6	713.3	1979.9	713.7	1938.7	714.0	1910.3	5		714	1968	2967	1.5423	1	till	415.207
IH	1	SIX	697.4	2049.7	3124.7	42.3	223.8	364.9	415.551	415.518	415.618	0.1	1	1	6	1	3	3			665.6	1942.0	697.1	2061.0	688.9	2054.9	618.7	2020.3	512.8	2078.3	4		704	2088	3124	1.16133	1	six	415.5514
AA	1	SOCKS	893.3	1601.9	3386.1	67.6	338.7	911.0	416.932	416.869	417.059	0.19	5	1	6	1	3	3			842.5	1627.4	898.9	1587.9	954.4	1544.5	923.6	1602.0	835.6	1794.7	4		957	1530	2969	5.1613	1	socks	416.9621
OW	1	NO	702.4	1368.3	2687.1	95.4	505.9	802.9	417.461	417.452	417.572	0.12	63	0	0	0	4	0			702.6	1202.0	696.0	1107.8	652.0	981.8	581.6	913.8	562.4	836.5	5		716	1217	3374	62.0004	1	no	417.4861
AA	2	FLIPFLOPS	861.8	1480.8	2881.7	31.9	296.7	340.0	417.988	417.941	418.081	0.14	5	1	1	1	8	3			802.5	1385.1	863.1	1484.8	871.3	1494.3	870.3	1478.6	852.7	1472.2	5		874	1486	2856	5.1118	1	(flip)flops	418.022
AO	1	HALL	788.1	1120.8	2644.6	91.8	184.2	337.5	418.967	418.95	419.0	0.05	53	5	4	2	0	0			791.8	1119.3	788.1	1120.8	790.5	1135.4	793.4	1142.9	794.8	1140.1	6		877	1254	3054	53.542	1	hall	419.0021
AA	1	MONITOR	833.8	1299.1	1765.3	104.6	221.0	639.1	419.166	419.129	419.24	0.111	5	4	4	2	2	2			820.8	1299.1	836.8	1308.3	854.6	1405.9	844.7	1437.1	806.9	1344.5	6		885	1478	3427	5.44222	1	monitor	419.1807
AO	1	STALKS	739.5	1312.8	2698.6	31.4	274.8	429.6	419.706	419.649	419.819	0.17	53	1	6	1	3	3			725.7	1454.3	739.7	1298.5	752.3	1177.0	764.2	1152.5	760.8	1175.3	5		783	1191	2831	53.1613	1	stalks	419.7484
IY	1	SEE	519.2	2655.0	3024.7	122.4	282.8	842.7	422.371	422.304	422.504	0.2	12	0	0	0	3	0			520.7	2647.8	518.5	2663.3	516.1	2737.5	509.0	2433.4	468.5	2303.7	4		520	2611	3044	12.0003	1	see	422.3561
AW	1	OUT	939.8	1407.3	2846.5	57.8	606.8	771.0	423.697	423.656	423.807	0.151	42	1	4	1	0	0			915.8	1236.1	922.1	1568.2	898.3	1520.0	890.1	1340.4	855.1	1476.3	5		896	1478	2744	42.141	1	out	423.7285
AO	2	UNIFORM	630.0	890.8	2386.9	319.4	262.8	961.3	424.253	424.226	424.306	0.08	64	6	4	2	1	3			704.1	931.5	626.6	893.5	682.1	968.6	726.9	1021.3	800.1	1024.1	6		733	1038	2647	54.6001	1	(uni)form	424.2803
AE	1	LAST	705.4	1965.7	3318.3	34.1	545.4	649.2	424.509	424.466	424.596	0.13	33	3	4	1	7	3			729.7	2184.0	704.7	1977.0	714.0	1976.4	717.7	1890.2	711.7	1955.2	4		703	2037	3323	3.34173	1	last	424.5132
AA	1	JOHN	859.0	1666.0	3265.6	98.4	543.2	866.1	425.434	425.387	425.527	0.14	5	4	4	2	5	0			779.9	1703.5	863.2	1657.2	878.5	1586.4	877.2	1598.7	860.4	1605.7	4		882	1588	3067	5.4425	1	John	425.455
AA	1	GOT	777.5	1360.5	2719.6	70.3	718.4	669.5	425.687	425.647	425.767	0.12	5	1	4	1	6	0			729.6	1428.5	785.5	1357.8	848.3	1484.9	861.2	1607.0	840.0	1589.1	5		866	1741	2757	5.1416	1	got	425.7165
EH	1	SUSPENDED	690.1	1753.6	2818.6	67.8	707.1	268.2	426.069	426.036	426.136	0.1	2	4	4	2	1	4			624.3	1749.5	697.0	1768.8	718.4	1883.4	743.4	1937.8	765.3	2025.2	5		764	2169	3522	2.44213	1	(su)spended	426.1089
IY	1	HE	505.3	2716.9	3178.7	213.6	165.5	155.3	427.281	427.258	427.328	0.07	12	0	0	0	0	0			499.5	2726.6	505.1	2711.6	503.7	2633.7	498.1	2521.7	454.9	2395.1	5		451	2791	3251	12.	1	he	427.2835
EH	1	SAID	714.2	1564.4	2734.2	48.1	1424.5	1997.0	427.495	427.458	427.568	0.11	2	1	4	2	3	0			641.5	1527.8	715.1	1569.6	708.1	1653.0	695.9	1762.5	677.4	1625.0	5		713	1961	3263	2.1423	1	said	427.51
EH	1	DRESS	686.8	1643.1	2819.2	54.9	669.8	167.4	427.834	427.807	427.887	0.08	2	3	4	1	8	0			658.2	1721.4	688.2	1635.1	701.1	1561.9	710.2	1512.1	716.2	1394.7	5		703	1534	2864	2.3418	1	dress	427.849
OW	1	CODE	632.6	1103.9	2724.1	246.0	217.0	335.2	428.077	428.067	428.178	0.111	62	1	4	2	6	0			613.5	1018.6	620.5	966.1	571.5	946.4	543.6	1019.1	510.9	1003.2	5		603	946	2940	62.142	1	code	428.1105
AH	1	SUCKS	774.5	1482.6	3118.6	71.4	303.2	440.7	428.394	428.347	428.488	0.141	6	1	6	1	3	3			701.8	1536.7	783.1	1476.7	796.8	1458.1	679.4	1639.9	564.7	2041.7	4		817	1449	2878	6.1613	1	sucks	428.4072
OW	1	DON'T	749.7	1404.7	2775.7	79.6	164.5	474.4	429.346	429.332	429.392	0.06	62	4	4	2	3	0			738.1	1417.7	776.6	1365.2	788.1	1324.1	791.5	1293.8	790.3	1262.8	6		773	1295	3361	62.44233	1	don't	429.3681
IY	1	SEE	549.4	2320.2	3073.1	175.7	354.3	234.7	429.588	429.562	429.641	0.079	12	0	0	0	3	0			551.5	2319.4	548.8	2314.1	539.9	2235.2	532.2	1945.4	511.7	1470.2	5		548	2344	3078	12.0003	1	see	429.5882
AO	1	WRONG	764.1	1115.1	2446.5	119.6	264.3	1742.8	429.978	429.941	430.051	0.11	53	4	6	2	7	0			727.9	1060.4	766.6	1118.3	800.1	1127.6	827.7	1128.1	828.3	1125.6	5		837	1147	2997	53.46273	1	wrong	430.022
AE	1	THAT	658.9	2195.1	3501.8	41.1	810.5	904.1	430.405	430.351	430.512	0.161	3	1	4	1	3	0			634.7	2127.3	662.3	2179.6	718.4	2133.3	776.7	2125.3	815.7	1669.3	4		635	2078	3124	3.1413	1	that	430.3856
IY	1	EVEN	421.5	2655.9	3429.5	174.6	253.2	464.6	431.57	431.52	431.67	0.15	11	3	2	2	0	1			437.9	2612.3	431.6	2659.6	502.6	2732.5	506.7	2727.9	513.4	2557.0	4		508	2750	3490	11.32201	1	even	431.6017
AA	1	FATHER	872.6	1335.6	2923.1	61.7	400.7	364.4	433.069	432.999	433.209	0.21	43	3	3	2	1	1			801.7	1221.5	875.3	1361.2	892.4	1426.3	898.9	1469.4	780.1	1448.7	5		890	1422	3069	43.33111	1	father	433.1177
EH	1	SAYS	669.4	1678.4	3292.7	24.6	795.1	985.3	433.571	433.538	433.638	0.1	2	3	4	2	3	0			671.5	1698.8	668.7	1679.5	661.3	1654.8	654.1	1716.5	639.8	1837.7	4		666	1713	3402	2.3413	1	says	433.5802
AE	1	THAT	660.7	2218.1	3814.5	29.1	465.0	1041.1	433.801	433.758	433.888	0.13	3	1	4	1	3	0			647.5	2169.9	663.3	2214.8	716.1	2227.8	774.9	2393.8	774.3	2222.3	4		667	2203	3683	3.1413	1	that	433.8075
OW	1	KNOW	712.2	1604.5	2929.7	80.7	477.3	433.8	434.451	434.439	434.549	0.11	63	0	0	0	4	0			732.5	1437.4	729.0	1223.3	722.3	1103.7	708.7	995.3	671.4	941.6	5		729	1077	3505	62.0004	1	know	434.506
IY	1	MEAN	571.7	2722.3	3949.7	118.1	204.5	1430.8	434.858	434.818	434.938	0.12	11	4	4	2	2	0			578.8	2674.1	572.2	2721.4	574.0	2727.8	585.7	2725.8	616.4	2915.7	3		628	2621	3042	11.4422	1	mean	434.8696
OW	1	SO	595.7	1270.2	3206.9	105.7	313.1	382.5	435.716	435.7	435.801	0.101	63	0	0	0	3	0			601.9	1213.2	610.9	1065.7	606.5	1063.4	604.6	1047.1	583.5	1184.9	5		685	1083	3264	62.0003	1	so	435.7317
IH	1	SICK	585.1	1847.3	2996.0	97.3	361.1	322.2	435.947	435.93	435.98	0.05	1	1	6	1	3	0			585.1	1832.0	585.1	1847.3	566.1	1885.2	529.3	1881.3	549.8	1832.0	5		561	1685	3080	1.1613	1	sick	435.9422
AE	1	THAT	678.7	2538.6		73.9	1159.7		436.207	436.18	436.26	0.08	3	1	4	1	3	0			662.4	2402.6	681.1	2558.1	701.8	2771.3	693.2	2636.7	701.1	2510.9	3		654	1775	3244	3.1413	1	that	436.1974
AA	1	COT	941.9	1529.9	2769.4	110.8	209.5	205.1	449.616	449.573	449.702	0.129	5	1	4	1	6	0			939.1	1544.1	943.5	1528.0	966.6	1520.9	958.0	1576.5	914.5	1643.1	5		973	1523	2777	5.141	1	cot	449.6368
AO	1	CAUGHT	772.4	1022.0	2760.1	122.1	102.7	457.9	450.029	449.982	450.122	0.14	53	1	4	1	6	0			731.3	1002.9	774.1	1019.0	823.3	1050.7	809.2	1055.9	813.5	1156.3	6		841	1078	2942	53.141	1	caught	450.0642
EY	1	SAME	649.0	2641.0	3401.4	169.0	245.9	668.2	453.39	453.325	453.455	0.13	21	4	1	2	3	0			580.2	2503.3	641.6	2551.3	648.5	2669.3	649.8	2701.4	645.9	2672.8	3		687	2382	2916	21.4123	1	same	453.3841
AA	1	DON	811.2	1007.8	2959.1	190.3	306.6	1313.0	456.324	456.261	456.451	0.19	5	4	4	2	3	0			765.1	1186.1	808.2	996.7	770.1	1044.2	775.2	1091.1	847.2	1202.8	5		800	985	2775	5.4423	1	don	456.333
AO	1	DAWN	825.7	1322.8	3120.4	74.9	668.2	451.2	456.66	456.6	456.78	0.18	53	4	4	2	3	0			779.8	1248.8	829.9	1354.4	853.5	1254.0	871.1	1004.2	845.3	1236.6	5		866	1119	3443	53.4423	1	dawn	456.703
EY	1	SAME	630.4	2291.0	3006.0	86.2	246.1	401.6	458.985	458.951	459.081	0.13	21	4	1	2	3	0			624.7	2225.4	622.8	2351.1	596.0	2464.0	627.8	2501.7	655.5	2536.8	5		597	2394	3013	21.4123	1	same	458.9877
AA	1	FATHER	863.9	1295.5	2819.3	96.7	314.3	690.7	461.083	461.023	461.204	0.181	43	3	3	2	1	1			763.6	1132.8	869.1	1309.8	872.6	1354.8	878.5	1411.6	778.4	1437.2	5		931	1480	3482	43.33111	1	father	461.1233
AH	1	BROTHER	687.8	1787.7	3044.0	45.8	636.4	1648.6	461.483	461.423	461.603	0.18	6	3	3	2	8	1			651.3	1462.1	691.2	1771.5	740.9	1547.0	735.0	1490.9	649.9	1804.3	4		763	1455	2861	6.33181	1	brother	461.5252
AA	1	BOTHER	887.9	1451.0	2800.6	115.6	267.7	1016.7	462.02	461.963	462.133	0.17	5	3	3	2	1	1			872.8	1429.0	889.4	1452.9	899.7	1512.4	866.5	1540.7	753.8	1552.9	5		921	1529	3791	5.33111	1	bother	462.0323
IH	1	NEARER	469.8	2433.1	3298.7	60.3	216.6	266.4	467.758	467.715	467.844	0.129	14	6	4	2	4	1			471.9	2435.1	470.5	2428.4	482.7	2358.8	494.9	2185.4	499.6	1992.7	5		459	2422	3357	14.60041	1	nearer	467.7484
IH	1	MIRROR	489.6	2294.2	3052.0	102.9	129.5	923.5	468.194	468.164	468.254	0.09	14	6	4	2	2	1			474.6	2330.6	493.6	2287.6	519.6	2223.8	539.8	2162.2	570.8	2110.7	4		471	2314	2857	1.60021	1	mirror	468.1831
UW	1	FOOL	469.2	696.3	2031.4	77.2	296.6	456.0	470.189	470.142	470.283	0.141	72	5	4	2	1	0			478.7	701.8	470.4	696.0	472.7	691.7	475.0	719.4	477.9	757.7	6		502	739	2479	72.5421	1	fool	470.1871
AA	1	FARM	953.9	1329.8	2204.7	178.9	542.3	477.7	493.705	493.651	493.812	0.161	44	6	4	2	1	3			867.0	1267.9	955.8	1347.8	902.0	1442.0	844.7	1533.5	851.3	1645.8	6		945	1362	2574	44.6001	1	farm	493.7214
OW	1	HOME	630.3	780.6	2346.3	996.2	24.2	989.6	494.062	494.031	494.261	0.23	62	4	1	2	0	0			729.0	867.5	772.7	856.5	730.8	896.4	760.0	1184.0	753.3	1219.4	6		759	789	2102	62.412	1	home	494.1097
AH	1	DUSK	725.4	1740.8	3062.1	42.8	414.9	619.3	494.581	494.544	494.654	0.11	6	3	4	1	3	3			691.7	1856.0	726.3	1736.1	739.7	1718.6	753.2	1761.7	771.2	1899.2	4		735	1706	3057	6.34133	1	dusk	494.5921
EH	1	SEX	813.8	1749.4	3276.6	68.1	437.5	1244.0	495.083	495.043	495.163	0.12	2	1	6	1	3	3			754.4	1708.8	821.4	1751.8	843.6	1782.4	784.7	1821.9	707.5	1981.8	4		854	1796	3429	2.16133	1	sex	495.0993
AY	1	SIGHT	744.4	1770.5	3665.0	38.3	453.8	922.7	495.587	495.544	495.713	0.169	47	1	4	1	3	0			742.7	1688.9	723.5	2135.8	565.4	2397.2	547.4	2536.3	462.4	2613.1	4		743	1718	3659	47.1413	1	sight	495.5818
AY	1	TIED	888.3	1261.6	2851.1	100.1	832.1	923.4	496.079	495.993	496.274	0.281	41	1	4	2	3	0			862.8	1439.6	883.0	1359.5	807.0	1978.2	690.2	2377.8	583.2	2456.4	4		891	2041	2875	41.0023	1	tied	496.0794
AA	1	SOCKS	893.1	1340.6	2377.6	73.8	579.5	1515.0	496.487	496.433	496.594	0.161	5	1	6	1	3	3			790.3	1473.2	897.5	1345.3	917.5	1416.4	917.2	1414.2	849.2	1342.1	5		922	1472	2926	5.1613	1	socks	496.51
AE	1	BAG	722.5	2388.5	4279.9	20.4	418.4	1050.0	496.921	496.854	497.054	0.2	3	1	6	2	1	0			731.7	2280.0	721.9	2405.6	709.4	2410.0	699.7	2375.3	677.0	2336.7	3		721	2200	3519	3.1621	1	bag	496.9192
OW	1	NO	732.7	1259.1	3565.6	120.0	343.6	419.5	497.831	497.824	498.034	0.21	63	0	0	0	4	0			732.3	1194.5	736.6	1145.4	716.9	1049.1	721.0	1441.3	723.8	2578.7	4		697	1122	2296	62.0004	1	no	497.8696
AY	1	HIGHSCHOOL	936.8	1718.3	3234.7	140.5	364.4	1216.3	498.539	498.552	498.643	0.091	47	3	4	1	0	4			927.3	2023.6	885.7	1854.4	821.1	1911.8	783.3	2000.8	744.1	2075.9	4		925	1846	3401	47.34201	1	highschool	498.5595
AY	1	RIDING	858.5	1596.3	3018.8	91.0	362.7	1006.7	499.113	499.053	499.232	0.179	41	1	4	2	7	1			808.9	1470.1	857.9	1611.0	804.2	1821.6	722.4	2211.9	700.8	2322.9	4		861	1618	3032	41.1427	1	riding	499.1177
OW	1	BOAT	693.2	1182.0	3537.1	94.9	145.0	500.2	499.571	499.553	499.752	0.199	62	1	4	1	1	0			711.1	1189.8	670.9	1084.6	563.8	951.6	642.5	1557.1	604.5	2539.7	4		713	1193	3245	62.1411	1	boat	499.5897
AE	1	SACKS	717.7	2302.0		39.8	442.2		500.113	500.043	500.252	0.209	3	1	6	1	3	3			689.7	2216.3	717.5	2282.4	728.6	2356.4	753.0	2318.4	742.6	2299.8	3		730	2379	4809	3.1613	1	sacks	500.1488
AY	1	SLIDER	893.7	1530.5	3570.7	82.3	510.2	1131.4	501.028	500.97	501.15	0.18	41	1	4	2	8	1			845.5	1431.2	891.2	1539.5	789.7	1885.0	727.2	2329.4	625.4	2419.8	4		896	1518	3580	41.14281	1	slider	501.0259
EH	2	SEDIMENTARY	695.1	1950.3	3241.3	63.9	899.0	164.0	502.326	502.303	502.372	0.069	2	1	4	2	3	2			644.5	1919.9	698.9	1953.2	712.6	1975.4	712.9	1956.0	702.0	1846.9	5		710	1961	3205	2.14232	1	sedimentary	502.3505
IH	1	SIX	726.9	1340.2	2940.8	155.3	1560.3	1292.9	503.346	503.322	503.393	0.071	1	1	6	1	3	3			687.7	1232.0	733.3	1376.0	738.8	1214.5	744.1	1461.1	753.4	1566.7	5		757	1736	3010	1.16133	1	six	503.3816
AY	1	MINOR	872.5	1683.8	3157.2	95.1	394.3	379.8	504.074	504.053	504.183	0.13	41	4	4	2	2	1			872.2	1708.7	850.2	1787.2	802.2	1538.5	764.0	1965.5	743.8	2538.7	5		875	1675	3158	41.44221	1	minor	504.0738
AY	1	TIGER	787.1	1597.3	3061.6	161.0	437.2	249.2	505.02	505.018	505.148	0.13	41	1	6	2	3	1			753.2	1578.2	741.9	1679.9	733.0	1731.2	668.7	2284.0	559.0	2374.1	5		739	1708	3021	41.25231	1	tiger	505.0603
AA	1	MA	912.2	1497.1	3254.1	76.2	261.4	215.2	506.024	505.958	506.157	0.199	43	0	0	0	2	0			907.7	1456.3	911.5	1493.0	904.4	1514.1	917.7	1521.5	905.5	1421.0	5		914	1511	3235	43.0002	1	ma	506.0212
AA	1	PA	869.4	1396.3	2990.7	83.0	301.0	292.0	506.374	506.287	506.547	0.26	43	0	0	0	1	0			858.3	1307.2	873.4	1394.0	891.4	1375.2	882.3	1357.2	881.5	1355.8	5		887	1363	2992	43.0001	1	pa	506.3912
ER	1	BURN	735.9	1752.2	3131.7	137.3	291.2	1212.2	507.489	507.409	507.649	0.24	94	4	4	2	1	0			745.0	1736.7	733.1	1750.6	726.7	1791.7	731.6	1785.4	734.2	1801.5	4		726	1736	2147	94.6001	1	burn	507.534
AY	1	WRITING	703.5	1628.7	3115.7	42.4	435.4	1278.5	508.361	508.348	508.499	0.151	47	1	4	1	7	1			701.3	1642.0	695.7	1894.2	687.5	2020.0	669.7	2364.2	579.1	2489.1	4		699	1904	2984	47.1417	1	writing	508.3952
AY	1	TIDE	911.1	1631.7	2786.3	59.5	387.8	530.8	510.469	510.377	510.616	0.239	41	1	4	2	3	0			877.1	1615.6	910.1	1619.1	892.2	1782.8	726.9	1895.8	671.4	2431.0	5		905	1599	2828	41.1423	1	tide	510.4574
OW	1	GO	679.4	1113.5	2858.2	70.2	244.4	574.3	510.803	510.756	511.086	0.33	63	0	0	0	6	0			699.1	1135.0	691.8	1118.2	592.2	994.5	527.1	888.3	523.2	797.1	5		706	1190	2962	62.0006	1	go	510.8434
AO	1	STALKS	795.4	1073.6	2394.0	59.5	199.8	416.6	514.6	514.553	514.693	0.14	53	1	6	1	3	3			792.2	1078.9	796.0	1074.3	801.5	1094.3	794.5	1057.1	600.1	885.7	6		792	1078	2326	53.1613	1	stalks	514.5801
AA	1	BARN	768.0	1107.8	2085.2	52.4	226.8	747.6	515.055	515.012	515.142	0.13	44	6	4	2	1	3			772.6	1174.9	767.4	1104.6	766.5	1069.8	770.5	1064.9	793.9	1087.2	6		897	1339	3390	44.6001	1	barn	515.0882
AO	1	HORSE	533.8	784.7	2346.4	116.9	64.9	498.5	516.066	516.012	516.173	0.161	64	6	4	2	0	3			496.0	753.5	542.2	793.0	642.2	940.0	698.0	1071.8	695.9	1096.8	6		533	771	2406	54.6	1	horse	516.0651
IH	2	INVENTORY	828.0	1814.6	2897.7	354.1	948.0	536.3	518.354	518.331	518.401	0.07	1	4	4	2	0	5			983.3	1845.6	810.6	1800.7	741.4	1959.4	747.0	2104.6	696.1	1991.3	5		750	2113	3135	1.44205	1	inventory	518.3784
AO	1	INVENTORY	599.5	1301.6	2409.2	104.0	322.5	433.1	518.664	518.64	518.711	0.071	64	6	4	2	3	1			589.7	1375.9	600.5	1306.1	614.1	1343.9	627.3	1349.1	640.9	1363.8	5		650	1370	2361	54.60031	1	(inven)tory	518.7038
AY	1	SIDE	915.5	1651.2	3193.6	80.8	285.9	790.4	519.425	519.341	519.56	0.219	41	1	4	2	3	0			828.1	1608.2	913.0	1642.9	885.0	1712.6	767.8	1942.9	670.4	2271.4	4		923	1648	3055	41.1423	1	side	519.4223
ER	1	FIRM	738.3	1468.7	2157.7	57.5	122.6	280.5	519.787	519.73	519.901	0.171	94	4	1	2	1	0			733.9	1472.9	737.9	1465.7	735.2	1458.8	732.0	1458.1	727.1	1461.3	5		737	1460	2148	94.6001	1	firm	519.7955
AH	1	SUCKS	745.9	1350.2	2564.6	71.5	303.6	1426.7	520.194	520.151	520.281	0.13	6	1	6	1	3	3			725.2	1408.4	748.3	1346.1	749.4	1329.2	714.8	1323.9	665.2	1397.3	5		753	1355	2642	6.1613	1	sucks	520.2006
AY	1	SPIDER	746.4	1627.2	2963.0	73.7	691.9	445.5	521.495	521.445	521.614	0.169	41	1	4	2	1	1			702.3	1366.8	733.8	1785.9	715.5	1764.3	664.0	1979.2	581.8	2123.2	4		733	1384	2722	41.14211	1	spider	521.4901
EH	1	DESK	701.8	1785.3	3104.7	26.1	286.3	593.3	522.268	522.224	522.355	0.131	2	3	4	1	3	3			693.1	1799.1	702.5	1784.3	708.3	1771.0	705.8	1781.6	714.9	1728.3	4		705	1794	3187	2.34133	1	desk	522.2756
EH	1	RUDIMENTARY	780.5	1882.9	3752.9	71.0	280.2	582.0	524.462	524.442	524.501	0.059	2	4	4	2	2	5			774.7	1844.5	780.2	1883.6	775.5	1895.4	764.6	1928.6	745.8	1973.6	4		781	1889	3696	2.44225	1	(rudi)mentary	524.4646
AY	1	MINOR	872.3	1667.3	4478.0	194.3	288.9	1004.2	525.477	525.461	525.582	0.121	41	4	4	2	2	1		s	867.0	1702.8	814.7	1787.7	783.6	1955.5	750.4	2258.3	716.6	2542.1	3		844	1707	3872	41.44221	1	minor	525.4925
EH	1	MARY	651.4	2182.1	2796.9	111.8	305.3	298.0	526.286	526.246	526.366	0.12	2	6	4	2	2	1			670.3	2255.9	647.7	2166.3	595.7	2043.0	595.4	1978.9	600.0	1866.5	5		668	2267	2895	24.60021	1	Mary	526.2708
