vowel	stress	word	F1	F2	F3	B1	B2	B3	t	beg	end	dur	cd	fm	fp	fv	ps	fs	style	glide	F1@20%	F2@20%	F1@35%	F2@35%	F1@50%	F2@50%	F1@65%	F2@65%	F1@80%	F2@80%	nFormants	F1_man	F2_man	F3_man	plt_code	plt_stress	plt_word	t_man
AY	1	NINETEEN	839.0	2092.6	2652.8	214.3	136.9	260.3	20.054	20.025	20.105	0.08	41	4	4	2	4	4		s	824.3	2041.6	838.9	2086.6	823.4	2177.1	738.0	2134.8	550.3	1450.7	6	721	2115	2836	41.44242	1	nineteen	20.0427
AO	1	FORTY	501.4	947.0	2134.1	152.0	143.6	199.1	20.477	20.454	20.524	0.07	64	6	4	2	1	4			765.2	2159.6	772.6	2037.3	787.5	1740.9	778.2	1503.5	717.4	1239.7	5	493	985	2091	54.60011	1	forty	20.4909
UW	1	TWO	445.3	1553.4	2559.2	154.5	285.9	334.3	20.851	20.844	21.004	0.16	73	0	0	0	3	0			448.8	1328.2	464.6	1056.0	476.1	1057.8	440.4	1154.1	338.9	1177.2	6	448	1331	2606	73.0003	1	two	20.8706
AO	1	ALL	905.4	1170.3	2750.3	174.7	108.0	453.6	27.628	27.571	27.741	0.17	53	5	4	2	0	0			859.4	1150.7	906.7	1167.4	941.3	1117.0	943.5	1138.1	939.8	1113.5	6	950	1117	2418	53.542	1	all	27.6993
AY	1	LIFE	797.7	1531.3	2672.2	106.5	156.1	218.5	28.082	28.052	28.191	0.139	47	3	2	1	7	0			797.4	1512.4	767.8	1725.1	671.8	1959.7	559.4	2165.4	524.5	2299.0	5	800	1503	2679	47.3217	1	life	28.0789
IH	1	DID	498.9	2246.1	2902.3	111.5	119.5	141.6	28.582	28.552	28.641	0.089	1	1	4	2	3	0			472.5	2249.3	500.1	2245.0	513.7	2227.3	516.8	2218.2	511.2	2171.7	4	526	2217	2869	1.1423	1	did	28.6129
OY	1	POINT	660.5	940.6	2376.0	118.3	146.6	468.7	29.309	29.245	29.436	0.191	61	4	4	2	1	3			663.6	905.0	659.7	954.7	622.4	1279.3	565.6	1663.7	556.3	976.0	6	689	1045	2555	61.44213	1	point	29.2893
AY	1	NINETEEN	839.5	1966.9	2693.3	116.6	144.5	210.4	30.201	30.175	30.335	0.16	41	4	4	2	4	4			838.4	1982.1	800.9	2120.0	681.0	2339.1	590.0	2507.6	535.0	2468.3	4	860	1977	2654	41.44242	1	nineteen	30.206
EH	1	SEVENTY	722.5	1708.1	2577.3	89.1	164.2	344.0	30.998	30.965	31.065	0.1	2	3	2	2	3	2			683.3	1708.2	728.3	1707.4	766.0	1672.8	776.8	1618.2	722.1	1514.8	5	767	1674	2595	2.32232	1	seventy	31.0145
AY	1	NINETEEN	788.8	2010.2	2370.8	248.4	155.3	1338.4	32.903	32.886	33.016	0.13	41	4	4	2	4	4		s	783.9	2049.9	763.6	2176.5	692.8	2125.1	592.5	974.5	509.6	1237.6	6	820	2018	2588	41.44242	1	nineteen	32.907
EH	1	SEVENTY	728.0	1763.1	2608.2	110.7	136.9	139.0	33.46	33.426	33.527	0.101	2	3	2	2	3	2			660.3	1778.6	731.4	1761.2	758.7	1734.0	753.0	1689.8	714.1	1625.3	5	763	1727	2540	2.32232	1	seventy	33.4805
AY	1	NINE	879.6	2094.3	2360.1	234.0	183.1	1630.0	34.438	34.367	34.606	0.239	41	4	4	2	4	0			860.4	2045.7	875.5	2059.4	875.1	2142.1	854.2	2199.7	759.4	2260.5	6	889	2044	2679	41.4424	1	nine	34.4327
OW	1	OWNED	608.1	1195.3	2835.6	92.6	112.6	248.8	35.088	35.066	35.216	0.15	62	4	4	2	0	3			616.8	1116.8	640.2	841.7	599.7	806.2	628.0	844.4	502.3	982.9	5	654	1010	2371	62.442	1	owned	35.1606
OW	1	HOME	730.5	896.7	2194.7	222.6	279.6	1170.7	35.474	35.466	35.536	0.07	62	4	1	2	0	0			732.6	902.4	692.1	909.5	665.8	873.8	633.1	855.0	575.0	903.9	6	675	899	2304	62.412	1	home	35.4974
AO	1	NORTH	503.6	1008.2	2670.5	260.5	161.1	441.2	35.943	35.897	36.036	0.139	64	6	4	2	4	3			518.4	1184.9	503.4	982.4	553.4	870.3	651.5	886.9	681.9	1019.3	5	591	855	2384	54.6004	1	north	35.9714
EH	1	REMSEN	782.4	1575.7	2054.2	180.6	228.1	136.3	36.547	36.527	36.587	0.06	2	4	1	2	7	4			761.8	1547.5	784.2	1580.2	790.0	1610.9	781.3	1628.0	755.3	1622.9	6	736	1633	2163	2.41274	1	Remsen	36.562
AE	1	AND	516.2	2715.1	2791.5	148.1	523.4	561.6	38.876	38.769	39.09	0.321	3	4	4	2	0	3			446.0	2693.1	521.8	2729.2	493.5	2639.3	447.0	2490.8	484.1	2345.6	4	518	2695	2777	3.44203	1	and	38.8684
AY	1	NICE	887.8	1788.1	3112.1	524.0	131.1	637.7	40.73	40.679	40.889	0.21	47	3	4	1	4	0			830.1	1675.1	727.2	1795.8	610.0	2086.4	523.6	2364.8	483.2	2466.3	4	937	1682	2813	47.3424	1	nice	40.7309
ER	1	THIRTY	475.0	1511.5	1710.1	112.9	201.2	242.1	41.449	41.399	41.549	0.15	94	1	4	2	3	1			495.7	1574.5	473.0	1506.5	468.2	1507.5	475.7	1566.2	450.8	1697.4	5	463	1499	1711	94.60031	1	thirty	41.4673
EY	1	ACRES	583.6	2431.8	2980.1	360.1	529.9	501.5	41.931	41.91	42.03	0.12	21	1	6	1	0	1					680.4	2953.6	455.2	2763.7	445.1	2751.9	441.8	2781.3	4	443	2592	2867	21.16103	1	acres	41.9842
AE	1	LAND	498.4	2796.0	4575.5	219.1	101.6	1585.0	42.546	42.489	42.659	0.17	33	4	4	2	7	3			506.5	2739.8	499.6	2801.7	492.6	2846.3	473.5	2805.4	506.3	2726.9	3	531	2752	2826	3.44273	1	land	42.5491
AA	1	FARMING	748.3	1375.1	2021.5	184.6	288.3	155.4	43.439	43.419	43.48	0.061	44	6	4	2	1	4			730.8	1474.3	752.1	1378.8	793.2	1429.4	815.4	1475.2	820.2	1505.3	5	814	1516	1984	44.6001	1	farming	43.4714
IH	1	PIGS	457.8	2367.4	2820.6	66.2	109.6	251.1	44.854	44.807	44.948	0.141	1	1	6	2	1	3			457.7	2364.4	457.9	2367.2	469.9	2382.7	458.7	2406.4	437.6	2418.2	4	480	2386	2793	1.1621	1	pigs	44.8877
AE	1	HAD	537.8	2433.2	2859.3	86.7	103.5	499.0	46.374	46.338	46.447	0.109	3	1	4	2	0	0			501.4	2486.5	544.7	2424.1	577.7	2350.3	601.0	2220.5	566.6	2078.1	4	491	2484	2805	3.142	1	had	46.3555
AO	1	HORSE	487.8	702.3	2337.4	146.0	227.1	707.0	46.687	46.617	46.828	0.211	64	6	4	2	0	3			457.8	776.4	499.8	703.5	503.0	777.8	523.0	815.7	570.8	938.7	6	491	767	2547	54.6	1	horse	46.6701
EH	1	THEN	748.6	1650.9	2758.4	125.1	160.4	176.7	47.462	47.432	47.522	0.09	2	4	4	2	3	0			745.4	1623.2	748.3	1652.7	729.4	1673.2	698.0	1713.4	639.8	1745.2	4	826	1768	2820	2.4423	1	then	47.4873
AA	1	GOT	763.5	1777.9	2492.8	119.9	208.8	208.9	48.758	48.712	48.851	0.139	5	1	4	1	6	0			703.1	1951.3	767.6	1760.2	781.9	1754.2	759.1	1818.7	677.8	1875.3	5	777	1711	2433	5.1416	1	got	48.7706
EH	1	TREACHEROUS	752.3	1771.9	3758.6	237.6	91.9	2082.4	49.101	49.084	49.135	0.051	2	2	5	1	8	2			758.4	1766.4	750.5	1773.4	732.9	1777.0	696.0	1764.0	652.2	1767.0	4	685	1610	1915	2.16185	1	treacherous	49.1009
ER	1	GIRLS	516.0	1190.5	1916.2	97.7	179.5	713.6	50.438	50.384	50.545	0.161	94	5	4	2	6	3			500.2	1181.5	517.8	1194.8	539.9	1243.4	546.8	1227.5	542.5	1137.5	5	542	1240	1771	94.60053	1	girls	50.4744
AE	1	GRADUATED	435.2	2276.3	2626.4	86.2	160.5	377.7	50.971	50.954	51.004	0.05	3	2	5	2	8	2			441.7	2256.0	435.2	2276.3	422.5	2308.7	419.8	2328.7	422.8	2329.5	4	433	2275	2633	3.25282	1	graduated	50.9698
AY	1	HIGHSCHOOL	846.1	1759.9	2384.7	164.3	154.5	277.0	51.481	51.465	51.615	0.15	47	3	4	1	0	4		m	824.2	1769.6	708.9	1565.1	571.3	979.6	516.2	1084.3	458.3	1059.9	6	766	1717	2302	47.34201	1	highschool	51.4983
EY	1	CAME	490.8	2637.1	3174.0	322.1	243.7	982.9	52.204	52.165	52.245	0.08	21	4	1	2	6	0			439.3	2636.5	451.3	2662.7	456.1	2694.0	436.7	2692.6	392.3	2623.5	4	504	2588	2832	21.412	1	came	52.2082
AE	1	BACK	490.7	2390.0	2918.0	55.9	303.8	279.8	52.392	52.355	52.465	0.11	3	1	6	1	1	0			469.7	2430.1	493.2	2386.8	533.5	2367.7	565.4	2348.5	574.9	2303.9	4	492	2390	2950	3.1611	1	back	52.3905
IH	1	CITY	523.1	2058.1	2834.2	60.4	113.6	166.4	53.012	52.995	53.045	0.05	1	1	4	1	3	1			520.1	2043.3	523.1	2058.1	528.5	2075.4	532.6	2044.5	530.5	2013.2	4	523	2068	2835	1.14131	1	city	53.009
AO	1	ALWAYS	892.7	1237.8	1646.3	119.0	177.0	1669.4	69.027	68.983	69.114	0.131	53	5	4	2	0	1			793.7	1241.4	891.8	1233.9	867.6	1152.2	843.3	1141.1	823.8	1094.8	6	915	1233	3072	53.54204	1	always	69.0449
IY	1	EAST	467.2	2749.7		270.3	83.3		69.998	69.964	70.065	0.101	11	3	4	1	0	3			461.9	2741.0	469.8	2751.2	475.1	2736.0	444.8	2715.9	418.7	2699.4	3	485	2708	4690	11.34103	1	east	70.0237
AO	1	ALWAYS	725.7	1337.2	2091.8	467.4	645.3	699.6	71.415	71.392	71.462	0.07	53	5	4	2	0	1			585.1	1447.7	758.1	1322.8	821.2	1124.1	853.7	1129.9	835.7	1102.4	6	826	1098	3214	53.54204	1	always	71.4529
EY	1	SAINT	593.0	2583.7	4904.9	213.7	30.9	1527.6	80.015	79.966	80.065	0.099	21	4	4	2	3	3			528.9	2461.9	565.5	2516.3	593.4	2588.5	578.1	2640.3	561.5	2626.9	3	608	2467	2594	21.44233	1	saint	80.0154
AE	1	FRANCIS	543.0	2522.1	4384.3	106.0	72.7	335.9	80.293	80.276	80.326	0.05	33	4	4	2	8	4			553.8	2511.7	543.0	2522.1	524.3	2531.9	506.2	2536.9	485.7	2530.3	3	594	2424	2519	3.44284	1	Francis	80.2835
EY	1	SALES	634.9	2191.7	4275.4	242.3	199.6	523.7	80.836	80.796	80.966	0.17	21	5	4	2	3	3			621.2	2181.5	613.6	2194.0	578.6	2301.6	568.9	2327.4	573.6	2226.5	3	617	1975	2599	21.5423	1	Sales	80.8347
IY	1	STREET	435.2	2452.5	4571.6	165.8	119.8	365.8	82.863	82.833	82.924	0.091	11	1	4	1	8	0			454.7	2333.1	435.2	2467.6	459.2	2554.0	466.9	2611.8	480.7	2565.5	3	423	2434	2574	11.1418	1	street	82.8717
EH	1	THEN	802.5	1761.4	2658.4	97.6	154.1	504.3	84.229	84.206	84.276	0.07	2	4	4	2	3	0			799.4	1784.7	802.6	1757.8	804.5	1701.1	797.9	1636.4	761.5	1537.5	5	795	1767	2735	2.4423	1	then	84.2302
EH	1	THERE	537.7	1985.1	2237.2	153.5	192.4	863.2	84.959	84.935	85.006	0.071	24	6	4	2	3	0			516.9	2045.1	539.7	1978.3	552.4	1891.0	570.3	1794.1	585.9	1707.8	4	498	2037	2445	24.6003	1	there	84.9379
ER	1	FIRST	513.7	1123.4	1495.0	128.9	129.8	199.0	85.479	85.435	85.566	0.131	94	3	4	1	1	3			526.6	1084.2	511.1	1128.6	477.6	1190.6	454.8	1337.4	433.7	1345.9	6	553	1222	1528	94.60013	1	first	85.4848
EY	1	GRADE	515.1	2236.4	2297.9	193.1	380.1	458.5	85.829	85.816	85.935	0.119	21	1	4	2	8	0			481.5	2344.9	457.0	2442.0	438.9	2562.3	420.3	2503.8	401.7	2188.8	4	465	2449	2577	21.1428	1	grade	85.8631
EY	1	EIGHTH	536.2	2525.9	3122.9	161.9	330.8	1684.3	86.194	86.126	86.316	0.19	21	3	3	1	0	0			545.2	2381.3	539.4	2523.1	492.4	2655.5	457.5	2229.4	442.0	1399.1	4	490	2669	2726	21.331	1	eighth	86.2256
EY	1	GRADE	475.4	2169.7	2446.6	77.6	516.1	137.9	86.619	86.606	86.756	0.15	21	1	4	2	8	0			452.2	2216.3	442.4	2319.5	440.6	1753.4	431.8	1405.0	449.6	2393.9	5	444	2354	2566	21.1428	1	grade	86.6502
AE	1	GRADUATED	463.7	2437.7	4361.7	186.3	73.1	821.5	87.123	87.096	87.176	0.08	3	2	5	2	8	2			468.7	2405.2	463.0	2440.4	456.1	2487.6	447.1	2500.2	444.1	2469.1	3	456	2193	2452	3.25282	1	graduated	87.1165
EH	1	THERE	507.5	2172.9	2573.8	93.0	331.3	174.1	88.298	88.255	88.385	0.13	24	6	4	2	3	0			523.9	2149.9	504.4	2164.3	503.3	2100.1	531.0	1912.6	562.7	1710.9	5	526	2187	2672	24.6003	1	there	88.2829
AA	1	ON	879.4	1824.6	2555.7	104.9	91.2	322.2	88.925	88.895	88.985	0.09	53	4	4	2	0	0			879.2	1800.8	879.0	1828.7	873.8	1856.1	860.3	1881.0	817.5	1906.1	5	881	1822	2549	5.442	1	on	88.9229
AA	1	PROCTOR	783.5	1611.3	1950.4	93.2	294.9	424.3	89.305	89.285	89.346	0.061	5	1	6	1	8	4			785.3	1593.2	783.6	1615.2	783.0	1649.7	777.5	1674.8	765.7	1689.5	5	787	1673	2025	5.16184	1	Proctor	89.3175
AY	1	HIGHSCHOOL	852.8	1827.0	4380.5	186.4	126.1	272.3	89.583	89.596	89.705	0.109	47	3	4	1	0	4		m	842.1	1870.1	788.0	1993.9	707.4	2179.1	578.9	2352.5	499.5	2421.0	3	827	1726	2003	47.34201	1	highschool	89.6113
OW	1	BOTH	563.3	1019.5	2428.4	93.4	60.7	519.0	95.19	95.179	95.329	0.15	62	3	3	1	1	0			563.9	991.9	535.8	924.4	506.8	880.2	498.8	867.2	529.6	871.7	5	585	1011	2509	62.3311	1	both	95.206
AA	1	MOMMY	950.5	1699.0	2707.5	94.7	160.2	489.6	96.642	96.588	96.749	0.161	5	4	1	2	2	1			915.7	1733.1	950.7	1693.3	944.4	1660.6	950.4	1691.3	932.8	1658.6	6	939	1698	3224	5.41221	1	mommy	96.6695
AE	1	DAD	530.5	2423.9	2721.7	126.2	120.0	2676.0	97.152	97.079	97.298	0.219	3	1	4	2	3	0			487.5	2406.5	531.4	2426.8	559.7	2367.6	647.6	2254.2	677.1	1940.0	4	434	2384	2739	3.1423	1	dad	97.1142
AE	1	GRANDPARENTS	596.6	2594.5	2710.7	180.0	251.0	1336.2	99.759	99.716	99.846	0.13	33	4	4	2	8	5			614.6	2511.1	591.5	2594.8	582.0	2537.9	585.4	2526.1	588.8	2197.9	4	724	2532	2969	3.44284	1	grandparents	99.7575
IH	1	ITALY	507.4	2286.4	3262.5	497.1	818.5	1699.5	100.878	100.825	100.985	0.16	1	1	4	1	0	2			502.1	2178.6	500.1	2274.3	547.7	2330.5	565.7	2202.2	600.6	2002.8	4	590	2140	2788	1.14102	1	Italy	100.94
AY	1	SIDE	932.9	1701.5	2620.2	121.3	181.2	379.5	103.125	103.039	103.349	0.31	41	1	4	2	3	0			895.6	1693.4	916.1	1765.4	875.8	1906.0	762.4	2263.0	520.4	1793.0	5	937	1680	2590	41.1423	1	side	103.1264
AY	1	SIDE	850.6	1658.6	2689.3	78.1	145.6	477.6	104.951	104.896	105.067	0.171	41	1	4	2	3	0			821.4	1638.7	848.7	1671.9	789.3	1804.1	704.4	2011.2	573.8	2262.9	4	856	1651	2700	41.1423	1	side	104.9502
AY	1	HIGHSCHOOL	913.1	1551.5	2900.9	174.7	167.3	480.5	114.026	114.039	114.15	0.111	47	3	4	1	0	4			874.8	1711.3	797.8	1836.6	691.1	1867.0	560.9	1448.2	466.8	1870.8	5	869	1613	2718	47.34201	1	highschool	114.0454
EY	1	EIGHT	538.5	2248.5	2542.6	220.9	907.1	256.3	115.345	115.333	115.463	0.13	21	1	4	1	0	0			508.4	2397.4	482.4	2514.0	470.7	2666.3	432.4	2319.5	386.5	1569.9	4	485	2485	2555	21.141	1	eight	115.3687
AE	1	FAMILY	506.2	2541.4		261.3	94.7		116.24	116.203	116.313	0.11	39	4	1	2	1	1			470.1	2519.5	514.8	2545.3	583.8	2557.1	618.4	2523.5	669.8	2386.5	3	502	2440	2698	3.41212	1	family	116.2403
OW	1	NO	665.9	1329.8	2523.0	133.8	202.6	316.5	117.113	117.094	117.194	0.1	63	0	0	0	4	0			661.7	1432.7	668.4	1146.8	689.5	969.9	695.4	1009.5	635.5	848.9	5	664	1146	2477	62.0004	1	no	117.129
AH	1	MONEY	873.3	1347.0	3143.5	131.4	127.5	523.3	117.35	117.323	117.404	0.081	6	4	4	2	2	1			869.2	1267.7	873.4	1355.0	871.9	1456.2	861.7	1593.7	824.3	1710.3	4	901	1394	3017	6.44221	1	money	117.3542
AE	1	HAVE	541.6	2499.0		258.2	95.3		118.546	118.526	118.586	0.06	3	3	2	2	0	0			512.0	2554.8	544.6	2491.7	566.1	2441.7	579.1	2403.7	576.5	2407.4	3	483	2538	2848	3.322	1	have	118.5347
OW	1	SO	630.6	1262.0	2629.6	205.1	300.6	1098.1	118.74	118.726	118.785	0.059	63	0	0	0	3	0			620.4	1293.6	663.9	1175.2	686.7	1112.0	688.0	1083.9	655.2	1047.0	5	707	1101	2758	62.0003	1	so	118.762
AA	2	OPPORTUNITIES	882.0	1835.1	2463.7	106.6	354.3	350.4	119.052	119.015	119.125	0.11	5	1	1	1	0	2			838.5	2054.8	887.6	1815.1	906.4	1730.8	879.1	1651.6	804.3	1448.3	5	904	1729	2440	5.11102	1	opportunities	119.073
UW	1	OPPORTUNITIES	435.4	1043.6	2520.9	202.9	226.1	196.3	119.416	119.386	119.475	0.089	82	4	4	2	3	2			399.3	1076.2	437.0	1043.8	443.6	1056.9	436.0	1085.0	434.2	1154.5	5	444	1052	2513	82.44232	1	(oppor)tunities	119.429
EY	1	TODAY	568.9	2169.3	2666.7	188.3	379.0	243.1	120.084	120.045	120.195	0.15	22	0	0	0	3	0			560.9	2111.2	557.7	2256.4	501.3	2351.0	461.4	2374.9	436.0	2021.2	5	582	2150	2707	22.0003	1	(to)day	120.0776
AE	1	FINANCIAL	494.6	2726.1		221.2	135.8		120.663	120.636	120.716	0.08	33	4	4	2	4	4			482.0	2717.9	496.6	2725.6	519.6	2700.1	513.1	2667.6	502.3	2658.0	3	598	2693	2841	3.44244	1	(fi)nancial	120.6738
EY	1	AID	486.4	1977.9	2696.4	125.7	482.4	863.3	121.018	121.006	121.186	0.18	21	1	4	2	0	0			458.1	2244.9	426.4	2382.2	416.9	2458.5	414.5	2296.7	410.3	2304.1	4	480	2415	2783	21.142	1	aid	121.0577
OW	1	PROGRAMS	543.9	988.6	2221.9	190.8	74.8	436.9	122.17	122.163	122.263	0.1	62	1	6	2	8	1			510.7	960.8	466.4	921.6	476.5	845.9	529.0	783.0	480.9	1148.9	5	567	1003	2171	62.16284	1	programs	122.1745
OY	1	POINT	673.5	1021.9	2557.6	518.9	117.7	709.4	123.64	123.603	123.714	0.111	61	4	4	2	1	3			701.6	894.4	681.1	1042.7	777.1	1262.8	760.0	1537.2	650.8	1739.6	5	854	1004	2455	61.44213	1	point	123.6331
AE	1	DAD	500.0	2577.1		222.5	106.4		124.094	124.044	124.194	0.15	3	1	4	2	3	0			461.7	2581.1	503.0	2578.7	526.9	2555.3	534.8	2522.4	545.2	2412.6	3	478	2535	3034	3.1423	1	dad	124.0834
AY	1	ARTHRITIS	744.6	1663.6	3665.7	146.9	176.6	1094.8	125.187	125.103	125.343	0.24	47	1	4	1	8	1			690.3	1441.1	744.6	1663.6	729.1	1821.8	646.2	1918.6	512.3	1823.9	4	733	1701	1884	47.14171	1	(arth)ritis	125.2167
AE	1	HAD	533.9	2427.3		146.5	133.1		125.894	125.864	125.954	0.09	3	1	4	2	0	0			495.8	2508.7	536.6	2420.3	562.4	2357.9	558.3	2303.0	536.1	2229.8	3	457	2509	2736	3.142	1	had	125.8666
AY	2	PARTTIME	815.0	1804.0	2523.0	197.1	239.1	382.8	127.572	127.571	127.641	0.07	41	4	1	2	3	0		s	659.7	1503.2	529.8	1231.8	606.9	1408.0	772.7	1836.6	650.9	1663.2	6	828	1806	2498	41.4123	1	(part)time	127.5947
AE	1	FAMILY	532.6	2487.6	2662.2	221.7	518.7	332.0	130.211	130.174	130.284	0.11	39	4	1	2	1	1			521.2	2161.9	528.7	2482.1	452.3	1956.9	467.8	2263.8	471.2	2408.0	5	544	2477	2719	3.41212	1	family	130.2078
IH	1	FINISHED	555.8	2114.8	2798.1	135.4	254.4	202.1	134.417	134.397	134.457	0.06	1	4	4	2	1	1			534.4	2091.5	558.3	2118.4	584.2	2135.9	610.2	2138.4	620.8	2113.1	5	612	2141	2879	1.44212	1	finished	134.4355
AY	1	HIGHSCHOOL	882.7	1617.2	2494.2	363.6	301.3	243.6	134.768	134.776	134.916	0.14	47	3	4	1	0	4		m	847.9	1130.7	778.0	1008.9	643.2	899.8	518.7	897.6	446.4	950.5	6	905	1771	2608	47.34201	1	highschool	134.7958
ER	1	FIRST	488.2	1501.7	1556.3	159.6	169.7	463.4	135.536	135.496	135.617	0.121	94	3	4	1	1	3			512.2	1429.6	486.4	1508.8	469.6	1574.2	454.0	1612.1	421.0	1705.5	5	466	1338	1555	94.60013	1	first	135.5365
AA	1	JOB	818.9	1642.9	2448.9	88.9	175.2	328.6	135.884	135.827	135.997	0.17	5	1	1	2	5	0			775.8	1645.5	825.4	1644.1	883.9	1652.4	841.9	1667.2	737.7	1657.5	5	883	1649	2494	5.1125	1	job	135.9033
AA	1	GOT	752.0	1848.9	2492.5	110.4	394.1	235.0	136.41	136.377	136.477	0.1	5	1	4	1	6	0			701.8	1847.9	757.1	1835.4	770.4	1785.2	749.4	1754.5	666.4	1708.3	5	780	1788	2466	5.1416	1	got	136.4266
AO	1	OFFICE	846.2	1503.0	3164.3	133.1	184.5	448.3	138.348	138.312	138.421	0.109	53	3	2	1	0	1			778.4	1526.3	853.6	1495.8	891.3	1453.2	863.7	1424.4	864.2	1377.5	4	936	1490	3083	53.32101	1	office	138.3628
EH	1	SECRETARY	772.6	1688.9	2694.3	107.4	141.2	420.4	139.112	139.092	139.152	0.06	2	1	6	1	3	2			752.2	1679.1	774.4	1690.1	782.8	1694.2	780.2	1696.6	760.3	1722.7	4	783	1695	2563	2.16135	1	secretary	139.1178
AY	1	TYPING	811.6	1556.9	2330.6	124.9	198.2	1123.1	140.245	140.231	140.352	0.121	47	1	1	1	3	1			785.6	1608.9	712.9	1797.2	567.7	2157.6	454.9	1688.2	410.1	1268.1	5	785	1610	2349	47.1113	1	typing	140.2553
OW	1	KNOW	783.2	1391.8	2352.8	140.9	196.7	242.1	142.351	142.34	142.461	0.121	63	0	0	0	4	0			797.9	1280.3	771.6	1164.3	639.9	1128.4	327.8	1131.2	335.4	1256.0	6	711	1146	2471	62.0004	1	know	142.373
IY	1	KEYBOARD	445.3	2683.2	3765.7	356.3	181.9	1502.9	142.637	142.6	142.711	0.111	11	1	1	2	6	1			420.7	2676.0	442.5	2675.9	423.3	2175.2	859.6	2208.0	1063.1	2218.9	4	447	2703	3911	11.11261	1	keyboard	142.629
AO	2	KEYBOARD	589.9	969.8	1814.4	182.2	451.3	200.9	142.817	142.78	142.89	0.11	64	6	4	2	1	3			596.6	1065.8	584.6	955.7	539.6	926.8	525.5	988.2	543.5	1077.4	6	554	899	1821	64.6001	1	(key)board	142.8264
AA	1	GOD	781.8	1898.4	2357.6	107.1	462.0	481.7	146.817	146.774	146.903	0.129	5	1	4	2	6	0			732.2	1975.8	788.5	1884.1	847.7	1777.1	862.9	1743.2	850.2	1742.4	5	864	1754	2470	5.1426	1	god	146.8623
EH	1	SPENT	822.0	1733.6	2720.4	77.4	136.7	160.2	147.367	147.333	147.434	0.101	2	4	4	2	1	3			776.1	1692.5	823.4	1735.0	828.9	1754.5	810.4	1791.1	766.8	1832.0	4	835	1752	2790	2.44213	1	spent	147.38
AY	1	NINETEEN	874.5	1856.7	2685.1	124.8	106.7	338.1	148.174	148.156	148.306	0.15	41	4	4	2	4	4			870.5	1884.2	865.5	2034.9	848.8	2294.0	762.8	2530.7	577.2	1843.3	5	878	1852	2668	41.44242	1	nineteen	148.1757
AA	1	CHICAGO	802.0	1670.8	2771.5	106.1	175.6	847.0	150.503	150.466	150.576	0.11	43	1	6	2	6	1			811.7	1645.9	800.2	1676.3	773.1	1681.9	695.5	1665.2	645.9	1703.7	4	848	1692	2826	43.16201	1	(Chi)cago	150.4851
AW	1	NOW	855.6	1700.4	2964.2	118.9	143.3	770.4	151.579	151.556	151.716	0.16	42	0	0	0	4	0			846.1	1723.8	880.5	1526.7	873.2	1321.0	695.1	1048.9	762.7	1748.0	5	883	1534	3197	42.0004	1	now	151.6119
OW	1	CLOSED	642.0	964.0	2042.1	158.6	101.5	2549.3	151.893	151.886	152.105	0.219	62	3	4	2	8	3			600.5	938.7	538.5	931.8	491.7	916.9	447.6	916.1	413.6	1103.1	6	647	967	2477	62.3428	1	closed	151.8993
OW	1	GROCERY	571.3	1061.4	2179.6	156.4	153.9	620.1	152.788	152.781	152.841	0.06	62	3	4	1	8	1			571.3	1061.4	542.3	1040.8	521.3	1025.7	514.5	1039.7	504.6	1091.2	5	592	1072	1908	62.34282	1	grocery	152.77
AO	1	STORE	504.8	950.2	1900.2	108.4	103.4	424.3	153.323	153.26	153.45	0.19	64	6	4	2	3	0			491.9	1025.9	503.2	944.5	518.4	961.0	642.0	1050.0	658.9	1268.1	6	504	949	1909	64.6003	1	store	153.3221
AY	1	I	946.3	1605.9	2869.5	184.0	268.0	392.2	154.023	153.985	154.175	0.19	41	0	0	0	0	0		s	946.3	1605.9	897.6	1742.7	755.5	1734.7	546.5	1509.2	425.8	1693.8	5	943	1666	2753	41.0006	1	I	154.0384
AO	1	FOUR	514.6	830.8	2032.1	78.8	61.2	304.8	155.133	155.093	155.214	0.121	64	6	4	2	1	0			504.1	803.7	517.3	835.0	551.7	880.7	596.0	931.2	589.6	1001.1	6	514	819	2118	64.6001	1	four	155.1288
AW	1	HOURS	900.5	1549.2	2571.2	169.2	274.6	324.1	155.281	155.244	155.433	0.189	42	6	4	2	0	3			885.0	1553.4	929.2	1507.5	939.4	1402.5	933.2	1187.8	775.4	951.8	4	899	1449	2511	42.6	1	hours	155.3153
AO	1	OFFICE	911.8	1432.6	3258.5	118.0	162.5	1064.1	156.323	156.273	156.423	0.15	53	3	2	1	0	1			868.9	1543.8	916.2	1418.3	939.5	1359.7	934.8	1337.5	914.2	1258.0	5	941	1348	3188	53.32101	1	office	156.3542
AO	1	FOUR	585.5	932.8	2285.9	210.7	84.6	767.6	157.057	157.023	157.124	0.101	64	6	4	2	1	0			565.9	920.9	586.8	934.3	609.0	964.5	625.4	1006.4	659.5	1060.4	5	563	918	2309	64.6001	1	four	157.0491
AW	1	HOURS	874.4	1502.4	2705.6	104.7	193.5	1674.7	157.188	157.164	157.314	0.15	42	0	0	0	0	1			875.8	1488.2	878.7	1424.8	848.8	1283.5	805.0	1030.7	686.6	823.8	4	897	1504	2676	42.6	1	hours	157.1993
EH	1	REGISTER	726.5	1727.2	2724.4	170.3	146.5	610.8	157.894	157.864	157.954	0.09	2	2	5	2	7	2			734.7	1714.6	724.3	1728.3	693.5	1746.5	640.5	1795.0	564.7	1811.9	5	674	1764	2811	2.25272	1	register	157.9164
EH	1	THEN	770.0	1754.8	2859.0	105.9	146.4	595.5	159.316	159.286	159.376	0.09	2	4	4	2	3	0			734.6	1719.2	772.0	1758.6	793.5	1809.1	790.5	1854.5	775.2	1888.1	4	781	1764	2775	2.4423	1	then	159.3242
AE	1	AFTER	543.4	2529.2	3058.8	160.0	106.5	1404.2	159.486	159.446	159.565	0.119	33	3	2	1	0	4			551.7	2520.5	542.3	2530.7	537.2	2525.1	539.3	2424.3	535.4	2320.8	4	598	2507	2697	3.32104	1	after	159.4743
EH	1	LEFT	765.3	1582.2	3120.5	115.4	236.7	859.4	159.979	159.956	160.025	0.069	2	3	2	1	7	3			749.7	1597.2	766.5	1580.9	775.0	1585.7	776.6	1586.9	769.5	1591.3	4	785	1580	2932	2.32173	1	left	159.9869
AA	1	JOB	899.9	1598.4	2565.0	119.0	271.0	1645.5	160.632	160.545	160.805	0.26	5	1	1	2	5	0			745.7	897.5	902.3	1587.6	930.1	1663.6	778.7	1506.1	501.0	1082.7	6	936	1639	2786	5.1125	1	job	160.6526
AY	1	I	958.9	1694.6	2785.8	205.6	208.9	171.9	160.966	160.855	161.266	0.411	41	0	0	0	0	0			895.6	1592.3	954.5	1686.1	858.1	1883.8	587.0	946.0	434.2	1274.1	5	962	1683	2803	41.0006	1	I	160.9979
UW	1	FOOD	404.8	798.4	2141.2	155.1	150.7	525.3	163.731	163.694	163.805	0.111	72	1	4	2	1	0			414.1	779.2	404.5	807.3	388.3	898.9	347.1	949.7	334.0	1025.3	6	406	765	2011	72.1421	1	food	163.7277
ER	1	SERVICE	539.5	1555.1	2674.9	128.7	171.9	1353.7	163.991	163.964	164.044	0.08	94	3	2	2	3	1			523.3	1560.2	540.2	1555.0	532.3	1552.3	528.1	1538.4	528.9	1507.9	5	512	1518	1718	94.60031	1	service	164.0086
IH	1	HERE	497.3	2135.2		252.2	204.4		164.631	164.604	164.685	0.081	14	6	4	2	0	0			461.9	2255.7	500.1	2126.8	517.9	2003.2	534.7	1879.5	555.5	1796.2	3	496	1931	2170	14.6	1	here	164.6456
AA	1	COLLEGE	912.7	1659.1	2652.9	105.3	382.4	482.3	165.191	165.165	165.244	0.079	5	5	4	2	6	1			906.5	1728.2	913.3	1647.8	926.3	1595.9	944.6	1574.1	960.7	1552.2	5	913	1616	2622	5.54201	1	college	165.1934
AY	1	FIVE	798.8	1647.2	2664.0	85.6	191.6	281.0	168.096	168.056	168.207	0.151	41	3	2	2	1	0			796.1	1607.9	785.5	1721.9	749.4	1847.9	678.4	1990.9	524.4	1565.0	5	805	1621	2658	41.3221	1	five	168.0926
AW	1	NOW	918.8	1831.1	3074.2	112.7	186.6	370.3	169.725	169.701	169.892	0.191	42	0	0	0	4	0			954.2	1754.0	951.0	1621.3	924.7	1358.8	814.9	1085.2	781.3	869.3	5	960	1658	3063	42.0004	1	now	169.7599
IH	1	HERE	465.2	2447.2		263.5	69.4		170.501	170.461	170.581	0.12	14	6	4	2	0	0			449.8	2473.4	467.4	2442.8	494.3	2373.2	518.3	2236.8	563.9	2000.6	3	452	2440	2562	14.6	1	here	170.474
AO	0	FOURTEEN	506.4	881.4	2032.9	238.0	250.5	763.7	171.378	171.351	171.431	0.08	64	6	4	2	1	4			651.9	1240.8	502.0	868.5	492.7	881.8	496.1	922.2	498.2	966.0	6	525	928	2617	64.60011	1	fourteen	171.4014
IY	1	FOURTEEN	451.8	2687.6	4747.4	157.0	86.9	1777.5	171.668	171.631	171.742	0.111	11	4	4	2	3	0			406.8	2631.7	461.0	2691.8	501.4	2703.2	475.3	2649.8	464.8	2638.1	3	564	2710	4079	11.4423	1	(four)teen	171.6867
AE	1	PLAN	624.6	2402.7		558.1	557.3		174.642	174.619	174.689	0.07	33	4	4	2	8	0			647.7	2299.7	609.9	2423.3	569.0	2510.4	532.9	2471.4	503.0	2395.5	3	718	2283	3168	3.4428	1	plan	174.6309
AY	1	RETIRE	744.5	1710.6	2565.7	127.0	156.5	1427.4	175.117	175.079	175.26	0.181	41	6	4	2	3	0		s	744.4	1708.5	697.4	1786.0	588.4	1835.7	527.4	1746.3	516.8	1834.3	5	745	1727	2702	41.6003	1	(re)tire	175.1263
AH	1	MUCH	878.8	1656.8	2949.6	117.8	192.9	639.0	177.508	177.451	177.621	0.17	6	2	5	1	2	0			864.8	1476.0	871.9	1670.2	795.4	1773.5	465.8	1480.6	382.4	1177.5	6	922	1489	3146	6.16123	1	much	177.4786
IY	1	PEOPLE	401.6	2570.2		170.8	206.8		178.46	178.43	178.52	0.09	11	1	1	1	1	1			395.6	2571.2	402.3	2572.8	414.3	2577.4	431.8	2494.1	480.8	2314.6	3	432	2513	2971	11.11111	1	people	178.4437
AY	1	NICE	865.0	1610.8	2322.8	101.2	114.4	2507.7	178.898	178.869	179.029	0.16	47	3	4	1	4	0			864.5	1622.9	819.3	1640.3	710.8	1687.8	575.2	1685.8	477.1	1578.1	5	861	1638	2053	47.3424	1	nice	178.9057
UW	1	STUDENTS	362.6	1068.3	1800.7	171.9	316.3	2195.3	179.413	179.379	179.48	0.101	82	1	4	2	3	1			372.5	1030.5	364.3	1068.1	390.7	1101.6	371.5	1079.3	369.3	964.9	6	376	1089	2786	82.14231	1	students	179.4247
AY	1	NICE	875.3	1650.0	3251.6	208.1	165.4	595.8	179.981	179.94	180.19	0.25	47	3	4	1	4	0			864.4	1655.7	775.1	1816.3	623.2	2249.1	478.3	2298.4	408.3	2526.3	4	890	1632	2820	47.3424	1	nice	179.9853
OW	1	NO	636.8	1268.5	2758.2	241.7	180.8	637.3	181.808	181.789	181.889	0.1	63	0	0	0	4	0			638.4	1253.5	651.1	1063.9	628.9	898.3	596.9	1220.0	637.8	1711.1	5	644	1094	2656	62.0004	1	no	181.822
AA	1	PROBLEM	858.3	1518.6	2610.6	158.7	288.9	247.1	182.099	182.069	182.159	0.09	5	1	1	2	8	1			864.6	1520.2	856.8	1517.0	843.8	1454.9	809.3	1326.2	729.4	1186.4	5	875	1542	2608	5.11284	1	problem	182.0966
AY	1	NICE	789.6	1641.6	3342.2	122.0	127.6	617.2	182.976	182.96	183.079	0.119	47	3	4	1	4	0			788.6	1609.9	767.8	1784.0	683.9	1986.2	595.1	2277.3	515.1	2411.4	4	806	1671	3249	47.3424	1	nice	182.9888
AA	1	COLLEGE	877.5	1558.1	2383.0	135.3	299.7	559.9	183.857	183.79	183.99	0.2	5	5	4	2	6	1			690.4	1283.9	896.6	1582.1	876.1	1501.1	848.5	1224.7	890.9	1296.3	6	869	1503	2696	5.54201	1	college	183.8818
EY	1	PLACE	607.3	1847.7	3063.6	148.5	167.4	1469.4	185.221	185.208	185.298	0.09	21	3	4	1	8	0			582.7	1897.1	520.0	1953.2	464.1	1986.6	432.8	2143.2	422.0	2243.7	4	595	1884	2909	21.3428	1	place	185.2231
AA	1	START	734.4	1792.0	2814.9	140.5	147.2	336.9	185.7	185.677	185.747	0.07	44	6	4	2	3	3			675.7	1784.0	743.7	1791.1	776.3	1770.9	783.6	1746.3	783.1	1740.7	5	781	1774	2681	44.6003	1	start	185.7143
IH	1	INTERESTING	542.3	2425.7		382.5	459.5		189.687	189.657	189.746	0.089	1	4	4	2	0	5			714.9	2601.0	542.7	2420.9	553.8	2382.2	559.9	2463.9	543.2	2487.0	3	556	2425	2977	1.44205	1	interesting	189.7167
AO	1	STORE	533.2	1104.2	1803.7	101.1	158.6	523.1	190.489	190.446	190.576	0.13	64	6	4	2	3	0			508.5	1190.4	533.9	1091.4	522.6	1020.8	543.2	1009.3	588.2	1075.9	6	514	997	1847	64.6003	1	store	190.5175
OW	1	SO	753.4	1207.3	2286.4	260.4	192.6	532.2	191.185	191.166	191.296	0.13	63	0	0	0	3	0			783.5	1187.3	777.4	1016.3	737.2	935.8	544.5	817.8	336.7	732.0	6	787	1041	2488	62.0003	1	so	191.2102
EH	1	MANY	766.6	1861.8	2725.0	109.3	124.9	186.2	191.443	191.426	191.477	0.051	2	4	4	2	2	1			766.2	1817.3	766.2	1871.7	761.8	1934.6	752.0	1989.8	739.0	2020.8	5	769	1838	2702	2.44221	1	many	191.4397
IH	1	THINGS	524.9	2046.5	2931.5	103.4	118.3	113.7	191.953	191.936	191.987	0.051	1	4	6	2	3	3			512.3	2010.9	528.5	2054.4	553.7	2105.6	566.1	2171.0	567.1	2218.1	5	575	2313	2920	1.46233	1	things	191.9853
IH	1	IN	584.1	2182.6	2642.8	154.1	588.1	418.8	192.874	192.837	192.947	0.11	1	4	4	2	0	0			573.1	2184.5	584.4	2178.0	595.3	2151.5	605.5	2115.3	604.9	2053.3	4	590	2186	2602	1.442	1	in	192.8775
EH	1	SELL	698.4	1718.4	2935.3	154.3	172.5	877.2	197.699	197.682	197.733	0.051	2	5	4	2	3	0			658.3	1754.3	706.3	1713.9	757.4	1683.0	810.3	1624.7	842.3	1567.2	4	888	947	1511	2.5423	1	sell	197.7507
EH	1	EVERYTHING	856.3	1582.5	2748.7	80.1	140.5	440.1	197.955	197.932	198.002	0.07	2	3	2	2	0	2			853.4	1559.6	853.0	1587.9	831.1	1604.3	800.3	1601.9	789.2	1634.8	4	879	1621	2720	2.32202	1	everything	197.9596
AO	1	SOFTWARE	941.9	1339.9	3162.5	107.8	316.4	478.8	199.55	199.493	199.663	0.17	53	3	2	1	3	4			909.9	1299.4	942.8	1339.6	952.6	1384.2	962.4	1345.7	941.2	1254.4	4	977	1460	3196	53.32134	1	software	199.5904
AA	1	ART	894.4	1524.9	1916.6	105.2	221.4	460.0	200.851	200.828	200.898	0.07	44	6	4	2	0	3			918.7	1528.6	889.2	1525.8	860.4	1515.3	816.2	1449.5	756.8	1386.6	5	880	1537	1924	44.6	1	art	200.8558
AY	1	SUPPLIES	925.8	1521.7	3037.3	106.7	118.0	99.1	201.448	201.367	201.598	0.231	41	3	4	2	8	0			899.1	1310.9	925.8	1521.7	822.8	1531.1	685.8	2076.0	572.9	2134.2	5	925	1377	2961	41.0028	1	(sup)plies	201.4271
OW	1	DEODORANT	543.5	1289.8	2402.9	56.8	165.9	692.6	202.161	202.147	202.307	0.16	62	1	4	2	0	2			549.6	1079.8	492.9	911.6	451.9	829.9	430.4	865.4	431.3	1008.2	5	552	1068	2558	62.14202	1	(de)odorant	202.1821
OW	1	CLOTHING	612.8	861.1	2736.5	151.6	61.0	721.6	203.623	203.616	203.826	0.21	62	3	3	2	8	1			499.1	811.8	465.9	706.2	468.0	702.1	411.3	801.9	409.4	903.5	6	587	851	2900	62.3318	1	clothing	203.6263
EY	1	MAIN	605.9	2649.8		306.3	152.8		204.717	204.705	204.796	0.091	21	4	4	2	2	0			601.0	2711.3	553.3	2786.0	533.8	2797.9	539.3	2814.2	519.6	2771.2	3	600	2573	3310	21.4422	1	main	204.7124
UH	1	BOOKS	575.2	985.7	2643.4	215.7	60.5	819.4	205.466	205.446	205.506	0.06	7	1	6	1	1	3			577.5	970.1	575.0	987.8	560.5	1005.0	619.8	1262.9	658.3	1400.7	5	626	959	3223	7.1611	1	books	205.4596
AE	1	NATURALLY	480.6	2672.5		388.9	224.2		205.819	205.796	205.866	0.07	3	2	5	1	4	2			466.3	2704.5	484.5	2658.4	499.4	2592.6	465.1	2552.3	411.3	2536.0	3	464	2713	4197	3.25142	1	naturally	205.7727
UW	1	DO	385.4	1651.1	2686.3	132.3	315.0	260.0	207.684	207.677	207.807	0.13	73	0	0	0	3	0			389.6	1456.9	393.2	1195.3	406.1	1035.8	435.7	890.3	472.0	1004.3	5	396	1326	2656	72.0003	1	do	207.7124
AE	1	HAVE	537.4	2174.8	2652.0	92.1	293.5	190.9	207.94	207.917	207.987	0.07	3	3	2	2	0	0			530.6	2285.7	537.3	2146.9	537.1	2002.6	535.9	1833.2	536.5	1717.6	4	540	2377	2729	3.322	1	have	207.9226
IH	1	LITTLE	540.1	1365.3	3202.9	135.4	172.6	400.7	208.194	208.177	208.227	0.05	1	1	4	1	7	1			538.7	1363.7	540.1	1365.3	543.0	1364.6	544.1	1349.6	545.4	1336.8	4	568	1401	3172	1.14171	1	little	208.1992
EH	1	EVERYTHING	754.2	1613.4	2777.9	150.3	172.5	574.4	208.544	208.517	208.598	0.081	2	3	2	2	0	2			722.5	1594.8	756.6	1614.4	770.1	1619.7	761.3	1599.9	746.1	1567.8	4	774	1605	2598	2.32202	1	everything	208.5561
AA	1	ACCOMMODATE	868.0	1706.9	2684.8	111.1	233.3	510.5	209.318	209.288	209.378	0.09	5	4	1	2	6	2			847.0	1749.2	869.3	1704.6	877.4	1684.8	866.7	1645.5	821.5	1581.1	4	899	1687	2689	5.41202	1	(ac)commodate	209.3346
AO	1	DORM	650.7	994.8	1509.5	321.8	458.4	188.9	210.005	209.958	210.098	0.14	64	6	4	2	3	3			504.4	1075.3	663.1	991.1	638.9	1055.0	543.0	1093.7	648.3	1197.2	6	581	1057	1572	54.6003	1	dorm	210.0025
IH	1	KIDS	472.6	2420.5	4175.2	186.1	251.0	2369.0	220.198	220.178	220.238	0.06	1	1	4	2	6	3			467.3	2430.8	472.8	2420.5	471.4	2412.9	465.6	2354.2	458.9	2256.3	3	445	1973	2793	1.1426	1	kids	220.2167
IH	1	STILL	512.3	1904.9	2821.4	121.9	115.1	348.5	221.833	221.806	221.886	0.08	1	5	4	2	3	0			478.6	1898.0	514.8	1905.7	538.1	1898.2	555.8	1856.4	568.8	1800.0	4	533	1360	2070	1.5423	1	still	221.8389
EY	1	AGE	553.9	2470.4	2905.6	237.4	260.3	402.8	222.387	222.375	222.565	0.19	21	2	5	2	0	0			478.5	1324.0	450.6	1067.2	428.9	1221.2	414.3	1092.5	357.9	1193.9	5	484	2709	3251	21.252	1	age	222.4201
EY	1	EIGHT	477.8	2903.9	3895.6	189.5	197.2	2587.2	223.088	223.065	223.215	0.15	21	1	4	1	0	0			472.9	2936.6	453.0	2989.3	445.2	3073.0	435.3	3031.2	415.7	3042.6	3	471	2874	3079	21.141	1	eight	223.0965
EH	1	TEN	916.6	1888.3	2547.3	87.0	250.0	2334.8	223.595	223.545	223.696	0.151	2	4	4	2	3	0			916.3	1867.9	915.2	1830.7	903.0	1632.4	897.9	1593.4	850.0	1720.3	5	941	1911	2949	2.4423	1	ten	223.5791
OW	1	KNOW	740.6	1191.8	2258.1	258.2	274.7	1375.5	224.044	224.026	224.266	0.24	63	0	0	0	4	0			740.5	1215.4	753.8	950.1	763.7	809.5	703.1	833.9	611.0	945.6	5	746	1420	2482	62.0004	1	know	224.0582
IH	1	CITY	501.9	2294.2	4470.8	192.5	282.2	2203.2	225.142	225.115	225.196	0.081	1	1	4	1	3	1			499.1	2295.4	502.2	2293.4	496.5	2334.7	479.9	2395.9	459.0	2431.9	3	481	2064	2829	1.14131	1	city	225.1628
IY	1	PEOPLE	350.9	2764.1		101.9	284.4		226.926	226.903	226.973	0.07	11	1	1	1	1	1			354.0	2734.1	350.0	2765.4	346.5	2706.2	363.2	2577.2	460.3	2506.9	3	351	2705	2859	11.11111	1	people	226.9102
EH	1	NEXT	748.5	1799.8	3011.9	180.6	99.5	482.9	227.203	227.183	227.244	0.061	2	1	6	1	4	3			737.9	1722.8	748.4	1808.8	730.4	1883.0	694.2	1962.2	650.0	2037.0	4	761	1814	3089	2.16143	1	next	227.2041
AO	1	DOOR	461.4	911.8	2354.8	140.5	138.4	610.0	227.584	227.524	227.703	0.179	64	6	4	2	3	0			434.8	1028.3	464.9	903.1	516.2	886.9	561.3	927.7	577.5	983.8	6	471	910	2516	64.6003	1	door	227.5815
AY	1	MY	1152.2	1712.4		536.3	252.1		229.466	229.439	229.609	0.17	41	0	0	0	2	0			1138.5	1739.3	1094.7	1830.6	1056.4	2028.4	909.8	2335.1	661.7	2478.6	3	1001	1740	2755	41.0002	1	my	229.489
AE	1	CAN'T	516.8	2837.8		114.8	66.1		230.673	230.649	230.72	0.071	33	4	4	2	6	3			514.5	2808.5	517.3	2842.2	531.7	2909.1	581.2	2991.3	631.7	3012.6	3	533	2866	3264	3.44203	1	can't	230.6866
IH	1	THIS	480.0	2289.1	4553.5	63.3	223.9	865.5	231.206	231.119	231.38	0.261	1	3	4	1	3	0			481.6	2302.2	481.2	2293.5	482.1	2231.4	482.0	2134.2	473.6	2080.1	3	481	2291	2632	1.3413	1	this	231.1692
EY	1	LADY	560.0	2055.9	4091.4	167.9	303.7	1700.6	232.148	232.136	232.266	0.13	21	1	4	2	7	1			515.5	2353.6	483.0	2551.3	435.8	2599.9	396.6	2551.9	378.1	2555.9	3	480	2099	2704	21.14271	1	lady	232.1738
EH	1	FENCE	855.1	1613.5	2601.7	116.1	195.3	463.5	232.763	232.716	232.856	0.14	2	4	4	2	1	3			777.5	1689.4	863.7	1615.7	909.5	1664.5	906.8	1746.7	876.4	1795.2	5	908	1711	2547	2.44213	1	fence	232.7979
AH	1	UP	782.1	1437.5	2562.6	124.7	217.7	971.8	233.076	233.036	233.157	0.121	6	1	1	1	0	0			718.7	1452.0	785.9	1433.3	801.4	1374.6	793.3	1289.1	739.8	1187.7	5	808	1385	2745	6.111	1	up	233.1011
AH	1	HUSBAND	816.5	1479.7	2957.6	139.9	188.7	692.3	233.6	233.576	233.647	0.071	6	3	4	2	0	4			858.3	1501.9	813.0	1479.5	772.5	1483.0	717.3	1489.1	651.0	1498.5	4	839	1471	2852	6.34204	1	husband	233.5944
UW	1	MOVE	584.4	1674.6	3194.3	81.5	700.1	776.8	236.466	236.439	236.519	0.08	72	3	2	2	2	0			576.7	1356.2	584.5	1671.5	558.5	1601.0	510.7	1679.5	508.5	1801.1	5	522	788	1960	72.3222	1	move	236.4443
AO	1	NORTH	698.1	901.9	2402.2	195.2	449.0	574.1	236.892	236.829	237.019	0.19	64	6	4	2	4	3			622.5	982.0	691.5	916.9	764.9	895.0	817.0	1600.3	811.7	1133.5	5	691	857	1930	54.6004	1	north	236.944
AE	1	HAVE	611.3	2504.3		324.2	149.2		237.737	237.71	237.79	0.08	3	3	2	2	0	0			592.9	2502.8	612.3	2500.2	621.9	2413.0	629.2	2296.5	664.8	2227.1	3	551	2474	2539	3.322	1	have	237.7169
AE	1	LAND	612.6	2867.3	4498.4	338.8	189.2	1189.5	238.3	238.21	238.48	0.27	33	4	4	2	7	3			608.2	2823.7	617.3	2862.7	621.7	2821.4	626.9	2737.8	680.2	2588.0	3	716	2547	3052	3.44273	1	land	238.2788
EH	1	LET	761.9	1626.2	2803.7	113.0	155.3	679.0	239.458	239.438	239.498	0.06	2	1	4	1	7	0			785.1	1600.4	757.8	1628.3	706.5	1641.1	640.4	1665.7	570.6	1689.1	4	807	1586	2725	2.1417	1	let	239.4443
IY	1	THESE	403.3	2833.8		435.9	327.8		239.657	239.627	239.718	0.091	11	3	4	2	3	0			414.9	2759.2	406.2	2839.2	426.0	2854.9	409.9	2816.5	394.9	2694.6	3	452	2852	4312	11.3423	1	these	239.6716
IH	1	KIDS	453.5	2412.0	3182.7	255.1	430.5	942.1	239.907	239.877	239.967	0.09	1	1	4	2	6	3			674.0	2004.0	438.5	2397.2	419.3	2254.2	418.5	2148.2	425.4	2062.7	4	420	2120	2830	1.1426	1	kids	239.9376
EY	1	PLAY	663.6	1732.6	3341.9	122.3	88.6	1860.7	240.409	240.397	240.598	0.201	22	0	0	0	8	0			567.9	1960.8	523.7	2290.2	499.4	2377.1	440.7	2339.7	448.1	2340.6	4	592	1918	2878	22.0008	1	play	240.4274
UW	1	DO	450.8	1321.3	2290.1	190.2	225.1	713.4	240.835	240.828	240.888	0.06	73	0	0	0	3	0			450.8	1321.3	419.3	1114.1	399.2	982.4	400.1	899.4	421.1	832.9	6	394	951	1998	73.0003	1	do	240.8606
AY	1	NICE	852.2	1738.4	2818.0	107.6	115.7	529.9	243.227	243.227	243.347	0.12	47	3	4	1	4	0			783.1	1868.9	706.5	1966.3	617.1	2103.7	552.0	2149.9	538.6	2129.3	5	810	1745	3440	47.3424	1	nice	243.2292
AE	1	GRADUATED	475.5	2342.8		279.0	141.7		244.755	244.738	244.788	0.05	3	2	5	2	8	2			484.4	2349.1	475.5	2342.8	460.2	2325.5	452.8	2385.7	450.6	2424.2	3	481	2098	2430	3.25282	1	graduated	244.7378
EH	1	THERE	677.3	2061.3	2521.5	219.2	246.1	763.6	246.018	245.988	246.078	0.09	24	6	4	2	3	0			643.4	2138.4	679.2	2053.4	701.2	1949.7	728.2	1895.3	763.8	1856.5	4	639	2090	2544	24.6003	1	there	246.004
EY	1	CAME	464.7	2683.6		381.6	201.6		246.57	246.558	246.618	0.06	21	4	1	2	6	0			464.7	2683.6	452.3	2687.1	425.6	2717.3	394.4	2747.1	338.5	2737.4	3	577	2657	3806	21.412	1	came	246.5689
AE	1	BACK	546.2	2144.4	3403.1	393.4	689.0	919.8	246.758	246.728	246.818	0.09	3	1	6	1	1	0			541.9	2168.7	546.0	2139.2	547.5	2102.1	547.5	2119.5	541.4	2210.0	4	559	2138	3489	3.1611	1	back	246.7641
IH	1	CITY	566.4	1943.4	2768.6	111.1	226.0	388.9	247.844	247.824	247.884	0.06	1	1	4	1	3	1			553.3	1938.4	568.3	1944.1	581.9	1952.6	580.1	1974.1	566.9	1978.8	4	606	1987	2800	1.14131	1	city	247.8515
AH	1	LOVE	790.3	1273.5	3079.6	83.6	146.1	364.8	248.397	248.374	248.444	0.07	6	3	2	2	7	0			795.5	1314.2	787.4	1264.5	773.6	1242.3	748.8	1236.4	720.5	1250.3	4	804	1329	3074	6.3227	1	love	248.3864
IH	1	CITY	531.9	1965.1	2685.9	134.3	241.3	637.7	248.785	248.765	248.824	0.059	1	1	4	1	3	1			512.4	1971.1	532.7	1966.5	537.8	1966.8	536.3	1943.7	527.7	1929.3	4	524	2002	2689	1.14131	1	city	248.781
UW	1	DO	492.8	1694.8	2586.8	155.9	235.5	356.4	249.881	249.874	249.983	0.109	73	0	0	0	3	0			507.3	1570.7	532.5	1385.1	555.3	1175.7	638.5	1019.0	664.4	964.9	4	506	1584	2616	73.0003	1	do	249.8949
AA	1	PARDON	830.1	1602.2	2096.2	147.7	217.5	496.1	252.719	252.702	252.752	0.05	44	6	4	2	1	4			847.9	1612.6	830.1	1602.2	801.8	1605.6	773.9	1635.2	721.6	1573.6	6	758	1603	1865	44.60011	1	pardon	252.7319
IH	1	DID	550.3	2034.8	2780.1	80.3	269.1	322.0	254.764	254.714	254.865	0.151	1	1	4	2	3	0			499.6	2124.1	551.9	2025.1	560.1	1980.3	597.3	1904.9	586.8	1906.9	4	531	2102	2778	1.1423	1	did	254.751
OW	1	BOTH	584.5	1087.7	2693.2	123.2	115.6	647.7	255.185	255.174	255.314	0.14	62	3	3	1	1	0			590.4	1032.4	569.0	974.7	568.5	904.1	681.1	833.7	609.4	1631.6	5	628	1039	3365	62.3311	1	both	255.2013
IH	1	HERE	638.4	2007.4	2408.6	130.2	410.9	320.6	256.445	256.415	256.505	0.09	14	6	4	2	0	0			624.6	2141.3	639.0	1997.8	625.8	1872.7	625.6	1771.3	645.2	1678.9	5	624	2107	2536	14.6	1	here	256.4333
IY	1	DEGREE	463.3	2330.0	2557.6	103.9	175.6	526.8	259.906	259.876	259.966	0.09	12	0	0	0	8	0			461.9	2244.5	463.5	2345.7	460.7	2422.7	461.7	2470.8	470.3	2485.6	4	462	2227	2461	12.0008	1	(de)gree	259.903
AW	1	ACCOUNTING	898.8	1389.4	2126.5	438.5	495.4	164.4	260.233	260.216	260.326	0.11	42	4	4	2	6	4			881.4	1270.6	927.8	1087.0	901.0	1203.3	962.2	1414.4	962.7	1255.4	6	946	1648	2810	42.44203	1	(ac)counting	260.2534
AH	1	OTHER	819.6	1536.7	2940.8	126.3	190.3	483.9	261.322	261.289	261.389	0.1	6	3	3	2	0	1			808.1	1677.3	818.0	1515.3	786.9	1385.7	716.6	1281.6	737.1	1572.3	4	825	1582	2957	6.33101	1	other	261.3172
AA	1	GOT	917.6	1757.1	2820.5	115.2	132.1	392.6	261.962	261.898	262.089	0.191	5	1	4	1	6	0			798.2	1643.3	921.0	1747.3	944.2	1698.3	928.1	1686.6	885.0	1724.3	5	911	1638	2912	5.1416	1	got	261.9979
EH	1	SECRETARY	876.0	1719.0	2896.1	143.0	149.4	468.0	263.524	263.501	263.57	0.069	2	1	6	1	3	2			834.1	1670.4	878.7	1724.1	907.1	1779.1	917.5	1817.9	876.4	1851.8	4	920	1829	2777	2.16135	1	secretary	263.5451
EH	1	MEDICAL	863.3	1831.4	2847.6	69.6	96.5	501.1	264.687	264.66	264.74	0.08	2	1	4	2	2	2			868.4	1845.5	861.9	1829.5	837.3	1809.3	798.7	1774.3	705.1	1748.8	4	874	1839	2873	2.14222	1	medical	264.6805
AA	1	NOT	856.5	1690.4	2941.6	159.8	474.3	464.8	286.564	286.52	286.651	0.131	5	1	4	1	4	0			821.0	1796.2	862.1	1685.2	902.0	1718.2	895.7	1713.9	839.0	1649.5	4	898	1707	2894	5.1414	1	not	286.5769
AE	1	TRAVELER	569.2	2280.2	4370.6	88.9	445.3	1088.1	287.008	286.971	287.081	0.11	3	3	2	2	8	2			568.9	2171.9	569.2	2291.2	569.3	2374.7	578.9	2282.8	597.9	2032.5	3	554	2149	2446	3.32282	1	traveler	286.9853
OW	1	DON'T	697.1	1466.9	2606.4	130.0	213.1	1238.8	287.721	287.691	287.811	0.12	62	4	4	2	3	3			670.9	1572.6	751.5	1281.8	814.6	1038.2	772.2	1270.4	691.1	1568.3	4	660	1522	1817	62.44233	1	don't	287.7166
OW	1	GO	621.5	968.5	2302.7	187.1	264.3	1168.6	287.958	287.951	288.07	0.119	63	0	0	0	6	0			563.5	933.3	583.9	924.2	557.1	863.6	502.1	804.0	470.4	763.1	6	563	899	2650	62.0006	1	go	287.9976
AA	1	LOT	872.5	1545.3	3161.0	186.4	150.9	1129.8	288.281	288.231	288.381	0.15	5	1	4	1	7	0			848.2	1387.7	876.4	1557.8	855.9	1608.6	835.0	1641.3	812.4	1694.0	4	934	1603	2941	5.1417	1	lot	288.2893
EY	1	PLACES	648.9	1760.0	3060.6	75.8	160.8	671.0	288.683	288.671	288.801	0.13	21	3	4	1	8	1			576.2	1838.4	498.7	1800.1	450.9	1802.6	420.2	2023.0	369.0	2111.2	4	690	1606	3173	21.3428	1	places	288.6719
AO	1	CALIFORNIA	629.4	810.9	2248.7	93.1	101.0	1327.1	291.337	291.301	291.41	0.109	64	6	4	2	1	4			620.9	795.6	632.3	814.9	647.1	856.5	661.1	889.3	632.1	963.9	6	635	811	2138	54.60011	1	(Cali)fornia	291.3407
EH	1	SEVERAL	744.4	1580.8	2852.4	130.9	370.2	1187.3	291.777	291.75	291.831	0.081	2	3	2	2	3	2			694.5	1581.2	747.3	1578.6	774.6	1545.8	780.5	1485.8	782.8	1434.3	4	778	1499	2440	2.32232	1	several	291.7963
AY	1	TIMES	860.7	1736.3	3081.4	317.9	160.4	1142.9	292.109	292.11	292.221	0.111	41	4	1	2	3	3		m	841.6	1732.8	803.8	1697.3	777.9	1772.9	735.0	1994.1	708.5	2130.1	4	936	1739	2878	41.4123	1	times	292.1416
AE	1	FAMILY	543.1	2501.4		195.1	140.7		293.274	293.211	293.401	0.19	39	4	1	2	1	1			1460.7	2716.7	545.5	2503.6	586.0	2539.8	595.1	2582.4	654.0	2504.5	3	559	2522	3798	3.41212	1	family	293.2898
EY	1	BASICALLY	491.6	2589.8		116.0	180.4		298.326	298.31	298.451	0.141	21	3	4	1	1	2			481.9	2585.7	463.3	2560.1	460.8	2636.3	459.5	2754.5	462.4	2738.9	3	473	2276	2678	21.34212	1	basically	298.3346
EY	1	SAME	594.8	2407.8	3858.7	329.1	160.2	3582.2	299.29	299.26	299.39	0.13	21	4	1	2	3	0			591.4	2394.8	587.7	2451.9	566.0	2583.2	540.3	2609.0	547.0	2626.2	3	554	2110	2668	21.4123	1	same	299.2812
OW	1	ONLY	737.5	1510.2	2885.4	119.0	178.8	345.3	300.096	300.081	300.141	0.06	62	4	4	2	0	1			726.9	1533.2	769.9	1423.9	807.9	1304.0	847.6	1225.4	882.7	1165.4	4	903	1227	3071	62.44204	1	only	300.1284
AY	1	I	859.2	1911.6	2898.2	98.2	118.4	607.6	300.541	300.5	300.64	0.14	41	0	0	0	0	0		s	839.7	1936.9	850.3	1922.7	782.9	2024.0	668.9	2116.8	574.5	2198.1	4	853	1871	2589	41.0006	1	I	300.541
OW	1	GROCERY	561.0	1012.2	2117.4	91.0	63.4	384.2	302.575	302.568	302.648	0.08	62	3	4	1	8	1			558.2	1004.4	547.8	983.9	537.4	973.7	546.5	981.7	565.0	1061.8	5	559	999	2258	62.34282	1	grocery	302.5879
AO	1	STORES	537.5	1196.0	1864.1	122.7	141.7	290.3	303.071	303.038	303.138	0.1	64	6	4	2	3	3			521.9	1304.7	538.9	1182.3	551.8	1098.1	560.0	1052.6	563.1	1078.5	5	556	1063	1879	64.6003	1	stores	303.0941
AA	1	PRODUCTS	757.5	1040.8	1951.6	174.3	611.6	274.4	304.781	304.755	304.834	0.079	5	1	4	2	8	1			771.2	1117.6	757.8	1031.9	754.9	1027.4	733.0	1108.2	715.7	1507.6	6	835	1947	2187	5.14281	1	products	304.7657
EY	1	MAYONNAISE	637.7	2550.6		361.3	124.9		307.175	307.154	307.275	0.121	21	0	0	0	2	2			630.5	2578.7	618.6	2654.9	631.8	2693.0	612.1	2744.4	591.8	2738.6	3	602	2457	2802	21.44221	1	mayonnaise	307.1737
EY	2	MAYONNAISE	548.0	2749.7		232.2	165.5		307.397	307.355	307.615	0.26	21	3	4	2	4	0			538.6	2748.7	515.0	2769.0	508.9	2774.7	579.9	2786.2	613.4	2794.6	3	525	2705	3016	21.3424	1	(mayon)naise	307.3775
AY	1	BUY	829.1	1683.7	2794.9	82.6	144.7	372.1	308.834	308.781	308.951	0.17	41	0	0	0	1	0			805.1	1679.1	824.8	1699.3	765.0	1827.2	639.4	2058.9	503.6	2054.8	4	832	1676	2783	41.0001	1	buy	308.8303
IH	1	THINK	621.5	1666.6	2682.0	506.7	472.0	771.5	313.559	313.532	313.612	0.08	1	4	6	2	3	3			566.8	1498.1	622.9	1684.0	591.5	1887.1	562.1	2021.0	621.1	2150.5	5	637	2178	2766	1.46233	1	think	313.6005
AH	1	OTHER	802.9	1550.8	2703.5	84.3	168.7	475.2	315.758	315.722	315.831	0.109	6	3	3	2	0	1			763.1	1680.1	806.5	1533.6	805.7	1422.4	747.2	1346.2	697.3	1592.1	4	811	1512	2384	6.33101	1	other	315.7619
EY	1	STATES	615.9	2567.6		515.4	481.4		316.166	316.151	316.331	0.18	21	1	4	1	3	3			485.5	2491.8	486.6	2522.2	451.1	2628.2	444.2	2769.2	420.9	2810.4	3	482	2483	2530	21.1413	1	states	316.2059
EY	1	SAY	528.7	2013.0	2556.1	101.8	320.1	552.9	317.037	317.002	317.141	0.139	22	0	0	0	3	0			560.5	2186.5	550.5	2327.7	516.9	2373.6	496.8	2383.4	479.9	2333.9	4	522	2064	2595	22.0003	1	say	317.0453
IH	1	CITIES	489.9	2116.7	4654.0	161.5	169.1	2388.1	317.789	317.762	317.842	0.08	1	1	4	1	3	1			476.7	2098.0	491.1	2119.3	504.5	2165.2	502.5	2184.9	478.2	2188.4	3	487	2106	2374	1.35131	1	cities	317.8003
IH	1	SYRACUSE	530.1	1957.5	4242.7	349.6	234.4	1774.1	318.902	318.882	318.941	0.059	14	6	4	2	3	2			523.4	1996.2	531.8	1954.1	543.4	1940.5	546.3	1898.5	546.3	1865.2	3	525	1846	2695	14.60032	1	Syracuse	318.9206
EY	1	SAY	638.4	1910.9	3031.4	134.3	141.9	560.0	319.96	319.942	320.192	0.25	22	0	0	0	3	0			556.3	1136.8	525.9	1290.7	488.6	1326.9	449.5	1518.7	427.9	1468.1	5	601	1900	3092	22.0003	1	say	319.9595
AE	1	HAVE	528.7	2111.3	2654.0	117.5	455.4	226.1	320.978	320.952	321.031	0.079	3	3	2	2	0	0			525.3	2131.0	529.8	2104.8	537.5	2055.9	550.8	1946.3	561.0	1826.0	4	519	2146	2625	3.322	1	have	320.9611
AA	1	LOT	997.0	1454.1	2885.6	128.4	199.9	405.3	321.421	321.351	321.561	0.21	5	1	4	1	7	0			949.2	1338.7	999.3	1461.1	1001.3	1535.7	967.8	1508.5	940.9	1537.2	5	973	1469	3448	5.1417	1	lot	321.4372
AO	1	MORE	536.1	1212.0	2287.2	586.1	317.1	767.2	321.719	321.672	321.812	0.14	64	6	4	2	2	0			702.9	1824.5	521.3	1111.9	590.6	833.4	605.2	902.0	595.9	983.4	6	680	872	2123	64.6002	1	more	321.7662
IH	1	INDUSTRY	550.9	2223.7	2681.8	519.6	645.2	1270.6	321.911	321.881	321.971	0.09	1	4	4	2	0	5							555.3	2419.8	506.2	2427.5	494.6	2514.2	4	614	2219	2893	1.44205	1	industry	321.9657
AO	1	MORE	600.4	782.9	2016.0	691.9	530.8	1268.0	322.992	322.952	323.072	0.12	64	6	4	2	2	0			515.2	762.5	584.9	777.7	562.1	875.2	583.7	911.7	577.6	933.5	6	586	921	1905	64.6002	1	more	323.0346
OY	1	UNEMPLOYMENT	792.2	1459.8	2951.0	104.9	87.5	279.3	324.727	324.697	324.787	0.09	61	4	1	2	8	1			812.3	1268.6	789.7	1478.0	746.8	1740.2	699.9	1910.7	658.1	1933.5	4	804	1167	2234	61.41281	1	(unem)ployment	324.7083
AY	1	HIGHER	976.3	1852.5	2552.1	183.6	238.5	1205.8	325.197	325.207	325.327	0.12	41	0	0	0	0	1		s	895.5	1932.4	783.5	1919.3	674.3	1823.9	601.9	1863.4	556.8	1886.0	4	999	1815	2475	41.00001	1	higher	325.2102
EY	1	RATED	446.8	2377.7	4346.3	151.0	187.0	1830.7	325.55	325.538	325.637	0.099	21	1	4	1	7	1			437.1	2456.5	420.6	2511.8	402.6	2563.1	394.0	2576.7	492.3	2521.5	3	466	1927	2219	21.1417	1	rated	325.5319
OW	1	SO	715.1	1257.1	3327.2	437.7	307.8	918.4	326.757	326.745	326.824	0.079	63	0	0	0	3	0									881.6	3353.6	815.4	3163.1	4	717	974	2598	62.0003	1	so	326.8024
EY	1	PLACES	519.1	1907.0	2687.0	110.8	136.9	486.5	327.801	327.788	327.878	0.09	21	3	4	1	8	1			498.2	1946.0	457.7	2081.2	435.8	2205.6	411.5	2263.9	347.1	2007.8	4	584	1739	2301	21.3428	1	places	327.7855
OW	1	CLOSED	587.9	972.0	1675.9	130.5	81.4	1680.6	328.354	328.347	328.467	0.12	62	3	4	2	8	3			564.1	956.3	515.2	938.8	498.8	937.9	508.8	977.6	497.7	999.2	6	594	975	2783	62.3428	1	closed	328.371
AW	1	DOWN	814.8	1831.3		214.6	182.0		328.626	328.597	328.747	0.15	42	4	4	2	3	0			776.1	1843.3	883.6	1741.8	1031.1	1536.3	1050.4	2594.4	1088.4	3007.5	3	759	1797	3118	42.4423	1	down	328.6284
AO	1	LOST	867.4	1284.0	3038.1	149.0	258.1	158.1	329.297	329.247	329.397	0.15	53	3	4	1	7	3			835.4	1299.0	872.0	1285.3	904.6	1282.6	905.0	1307.3	828.8	1337.5	4	919	1304	3003	53.34173	1	lost	329.3327
EH	1	SPERRY	484.3	2055.5	4014.2	237.6	170.5	865.3	330.861	330.834	330.914	0.08	2	6	4	2	1	1			476.1	2118.4	485.3	2045.9	513.3	1948.1	542.4	1864.3	552.7	1789.3	3	462	2024	2715	2.60011	1	Sperry	330.8563
AE	1	RAND	546.6	2905.1		204.1	245.4		331.34	331.263	331.493	0.23	33	4	4	2	7	3			532.1	2874.9	553.4	2912.3	578.2	2909.7	610.6	2866.1	538.4	2722.1	3	579	2839	3292	3.44273	1	Rand	331.3346
AO	1	LOST	841.2	1233.2	3045.3	217.0	176.5	437.5	332.274	332.234	332.353	0.119	53	3	4	1	7	3			827.5	1266.3	841.6	1230.3	831.6	1227.2	803.4	1241.8	786.4	1320.2	4	831	1253	3038	53.34173	1	lost	332.2662
AO	1	LOST	833.3	1179.9	3000.7	304.3	273.2	1415.4	334.54	334.47	334.68	0.21	53	3	4	1	7	3			888.1	1451.3	839.3	1161.9	885.7	1222.6	917.2	1266.3	923.2	1458.1	5	854	1199	3568	53.34173	1	lost	334.5748
AA	1	LOT	893.7	1650.9	3063.4	213.4	154.4	1114.1	348.408	348.358	348.507	0.149	5	1	4	1	7	0			889.4	1557.7	888.5	1659.5	843.4	1724.8	822.2	1743.5	789.3	1723.9	4	959	1669	2831	5.1417	1	lot	348.408
IH	1	HERE	547.6	1917.4	4281.8	435.9	125.3	1576.3	349.745	349.728	349.778	0.05	14	6	4	2	0	0			543.1	1944.3	547.6	1917.4	551.5	1887.0	550.3	1866.2	564.0	1852.2	3	507	2111	2434	14.6	1	here	349.7185
OW	1	ROME	628.3	927.8	2503.0	176.6	85.5	667.9	351.755	351.738	351.958	0.22	62	4	1	2	7	0			614.8	858.7	580.3	712.6	525.2	696.1	527.7	847.1	572.7	1443.5	6	625	962	2284	62.4127	1	Rome	351.7405
UH	1	GOOD	505.8	1280.0	2416.2	96.8	175.7	298.6	356.616	356.579	356.689	0.11	7	1	4	2	6	0			492.9	1129.7	507.0	1294.7	518.4	1508.4	522.4	1653.4	496.5	1788.3	5	493	1120	2381	7.1426	1	good	356.6029
IY	1	EVEN	445.0	2659.6		341.0	180.5		356.782	356.749	356.848	0.099	11	3	2	2	0	1			426.6	2616.2	447.3	2662.9	454.8	2669.1	412.6	2617.7	353.4	2533.6	3	456	2640	3375	11.32201	1	even	356.7809
UW	1	STUDENTS	364.8	1155.6	2583.7	122.0	347.7	646.6	357.522	357.499	357.569	0.07	82	1	4	2	3	1			371.5	1272.0	363.8	1155.2	353.0	1147.3	350.3	1179.2	355.5	1210.6	5	352	1154	2457	82.14231	1	students	357.5346
AE	1	GRADUATING	423.4	2582.6		297.5	206.0		358.306	358.279	358.359	0.08	3	2	5	2	8	2			428.5	2478.8	422.4	2589.1	406.2	2625.2	384.8	2625.7	421.0	2735.8	3	431	2390	2876	3.25282	1	graduating	358.3088
AO	1	ALL	878.3	1176.9	2723.8	148.2	123.1	1339.4	359.495	359.469	359.548	0.079	53	5	4	2	0	0			862.2	1165.0	879.3	1177.6	888.1	1183.0	900.6	1171.9	882.7	1145.6	5	869	1173	2411	53.542	1	all	359.4828
OW	1	GOING	558.2	948.0	2891.6	153.2	100.7	656.2	359.668	359.659	359.788	0.129	62	0	0	0	6	1			560.9	948.0	509.0	906.5	419.3	869.0	302.1	844.5	270.8	881.8	5	565	956	2914	62.4426	1	going	359.6823
AH	1	COME	918.1	1451.1	2751.2	187.5	215.5	293.4	361.031	361.011	361.071	0.06	6	4	1	2	6	0			936.7	1504.7	915.7	1443.3	887.5	1394.9	870.0	1391.6	854.3	1356.8	5	872	1402	2860	6.412	1	come	361.0515
OW	1	KNOW	497.5	907.4	1868.1	525.2	135.2	903.9	363.461	363.421	363.601	0.18	63	0	0	0	4	0			510.9	915.1	569.2	859.1	557.9	866.5	514.0	942.5	460.3	1079.3	6	562	847	2080	62.0004	1	know	363.4866
EH	1	AREAS	449.9	2261.5	2403.3	156.5	468.2	527.3	365.512	365.469	365.598	0.129	2	6	4	2	0	2			476.1	2199.1	448.5	2271.6	449.5	2235.1	453.7	2050.5	497.3	1876.5	4	434	2197	2343	24.60001	1	areas	365.5171
EY	1	MAJOR	507.8	2558.7	2871.8	184.6	356.9	664.5	367.294	367.279	367.439	0.16	21	2	5	2	2	1			499.2	2641.4	438.8	2527.0	357.1	1775.9	377.8	1435.9	385.0	1721.4	5	499	2595	2909	22.00221	1	major	367.296
UW	1	STUDENTS	395.8	1135.0	2354.9	143.3	203.9	626.1	367.832	367.799	367.898	0.099	82	1	4	2	3	1			401.8	1171.8	396.7	1132.9	408.4	1183.2	411.6	1205.4	407.5	1155.4	5	390	1134	2374	82.14231	1	students	367.8278
IY	1	TEACH	375.1	2934.4		553.9	97.3		369.297	369.247	369.397	0.15	11	2	5	1	3	0			396.8	2911.0	374.9	2935.8	412.2	2947.8	387.1	2951.4			3	399	2859	3379	11.16133	1	teach	369.2721
EY	1	MAJOR	538.0	2394.5	2814.0	225.5	374.1	439.1	370.385	370.368	370.538	0.17	21	2	5	2	2	1			515.7	2519.4	460.1	1999.9	460.8	2192.5	396.0	1595.6	360.0	1593.5	5	536	2443	2848	22.00221	1	major	370.3925
OW	1	POETRY	505.7	829.2	2548.5	130.5	89.4	486.4	372.14	372.114	372.304	0.19	62	0	0	0	1	2			505.3	799.8	498.0	681.2	517.4	1000.9	502.7	1044.9	439.9	1523.5	5	505	835	2546	62.14114	1	poetry	372.1413
AY	1	WRITING	676.2	1631.9		465.8	398.3		373.874	373.876	373.976	0.1	47	1	4	1	7	1			590.4	1823.7	553.4	2059.7	499.1	2362.8	440.7	2546.7	423.3	2597.4	3	584	1816	3672	47.1417	1	writing	373.8973
IH	1	LITERATURE	561.3	1738.2	2880.1	59.0	296.9	165.7	374.278	374.255	374.325	0.07	1	1	4	1	7	2			562.6	1653.7	561.1	1748.3	555.8	1844.6	546.6	1866.6	532.5	1829.8	5	532	1824	2791	1.14172	1	literature	374.2962
OW	1	OVER	632.0	992.0	2172.7	255.9	358.6	377.0	377.248	377.222	377.332	0.11	62	3	2	2	0	1			647.2	996.2	572.8	875.7	564.2	872.3	505.0	837.2	480.7	834.7	6	579	884	2371	62.32201	1	over	377.2705
IH	1	HERE	518.7	2071.3	2489.3	228.6	153.9	288.8	377.585	377.552	377.651	0.099	14	6	4	2	0	0			526.3	2106.4	519.1	2068.7	533.4	2014.7	544.2	1931.8	542.5	1832.4	5	547	2127	2589	14.6	1	here	377.5665
EH	1	BEST	723.4	1763.6	2568.4	88.0	103.2	170.8	378.121	378.081	378.202	0.121	2	3	4	1	1	3			647.5	1775.4	729.9	1761.2	763.4	1735.2	781.0	1728.8	734.4	1714.7	5	772	1724	2604	2.34113	1	best	378.1477
EH	1	MEDICAL	834.1	1792.8	3142.1	336.9	189.4	871.8	381.202	381.175	381.255	0.08	2	1	4	2	2	2			817.7	1787.9	834.4	1792.2	815.5	1778.1	801.0	1756.8	770.9	1734.9	4	846	1797	3275	2.14222	1	medical	381.1992
IY	1	FIELD	455.5	2461.9		295.8	313.0		381.666	381.626	381.745	0.119	11	5	4	2	1	3			453.6	2266.9	456.3	2484.7	457.0	2552.8	468.8	2462.6	515.1	2263.4	3	437	2092	2618	11.54213	1	field	381.6933
ER	1	NURSES	508.2	1666.5	4485.5	357.4	339.2	1673.5	382.549	382.525	382.596	0.071	94	3	4	1	4	1			546.7	1682.5	502.3	1663.0	414.9	1629.1	432.9	1815.4	949.7	2604.2	3	692	1710	1907	94.6004	1	nurses	382.5312
AY	1	I	975.4	1899.1	3055.7	185.5	214.1	2506.2	387.756	387.72	387.87	0.15	41	0	0	0	0	0			895.9	1657.7	974.0	1792.6	954.3	2013.4	797.8	2190.1	462.5	1799.7	5	969	1794	2974	41.0006	1	I	387.7748
AY	1	TRYING	978.5	1692.9	2868.6	147.6	177.5	712.7	391.419	391.395	391.574	0.179	41	4	6	2	8	0			975.0	1718.3	960.4	1816.4	924.0	1933.5	864.2	2123.6	710.9	2361.3	4	938	1677	2364	41.00283	1	trying	391.4311
AO	1	BROUGHT	873.3	1869.4	3839.7	155.3	248.6	1782.8	392.272	392.255	392.305	0.05	53	1	4	1	8	0			880.8	1875.1	873.3	1869.4	860.7	1854.5	840.0	1839.8	815.4	1830.9	4	747	1148	1960	53.1418	1	brought	392.2662
AH	1	COMPANIES	913.6	1212.0	2487.9	272.2	217.7	1054.6	393.612	393.595	393.645	0.05	6	4	1	2	6	5			894.6	1227.9	913.6	1212.0	922.6	1156.6	909.9	1104.9	886.3	1079.6	6	924	1194	2460	6.41205	1	companies	393.6182
AE	1	LAST	550.4	2602.4		234.8	358.0		395.472	395.442	395.531	0.089	33	3	4	1	7	0			584.0	2593.1	548.3	2598.7	529.8	2526.2	509.7	2497.2	484.7	2625.6	3	648	2092	2795	3.34173	1	last	395.4635
AH	1	MONTHS	831.3	1200.3	2543.8	359.1	126.0	514.7	396.125	396.091	396.192	0.101	6	4	4	2	2	3			885.4	1174.7	829.2	1201.0	868.8	1180.5	940.4	1270.5	892.9	1361.6	6	863	1188	2525	6.44223	1	months	396.1134
AY	1	TRYING	935.4	1707.8	2199.9	226.4	119.5	1634.5	396.896	396.821	396.972	0.151	41	4	6	2	8	0			878.9	1450.3	885.6	1537.9	935.4	1707.8	892.0	1829.2	842.1	2005.4	6	930	1632	2297	41.00283	1	trying	396.8734
EH	1	THERE	633.2	2417.7	2576.9	213.2	258.0	352.4	397.335	397.292	397.422	0.13	24	6	4	2	3	0			613.0	2356.6	636.8	2420.9	646.5	2220.7	647.0	2060.0	641.7	1986.6	5	621	2442	2584	24.6003	1	there	397.3303
OW	1	OPENED	626.2	1300.1	2109.3	82.6	144.4	1658.1	399.037	399.015	399.174	0.159	62	1	1	1	0	1			626.3	1202.0	624.2	974.7	582.0	840.6	409.0	689.1	513.0	1199.6	6	629	1098	2318	62.11102	1	opened	399.0576
AH	1	UP	779.7	1569.4	3094.3	93.2	154.6	284.3	399.441	399.414	399.494	0.08	6	1	1	1	0	0			773.9	1387.8	778.8	1564.3	749.7	1515.2	672.5	1500.4	587.0	1489.9	5	786	1568	3096	6.111	1	up	399.4394
OW	1	ROME	644.7	932.4	2333.3	113.7	90.0	533.3	400.626	400.595	400.734	0.139	62	4	1	2	7	0			642.4	937.9	662.8	888.3	662.3	804.8	648.9	752.1	660.1	752.4	6	645	929	2309	62.4127	1	Rome	400.6284
UW	1	DO	404.4	1555.7	2598.8	282.3	477.6	275.1	401.262	401.255	401.375	0.12	73	0	0	0	3	0			413.8	1478.6	427.4	1247.9	426.1	1069.7	427.4	943.8	463.4	877.6	5	418	1040	2046	73.0003	1	do	401.3155
UW	1	STUDENTS	426.5	1253.0	2573.7	165.7	138.1	888.8	402.334	402.304	402.395	0.091	82	1	4	2	3	1			437.6	1399.4	425.4	1233.4	419.5	1118.2	418.0	1085.9	399.1	1093.6	5	391	1046	2034	82.14231	1	students	402.3686
AE	1	MATH	581.9	2443.3	2862.3	105.2	518.7	182.9	403.606	403.569	403.679	0.11	39	3	3	1	2	0			586.8	2496.2	581.8	2437.0	596.9	2398.1	611.2	2348.3	611.2	2290.2	4	591	2512	2870	3.3312	1	math	403.5855
EY	1	MAJOR	484.7	2384.6	2948.3	261.7	437.1	1899.3	403.851	403.839	403.979	0.14	21	2	5	2	2	1			463.5	2751.7	457.1	2714.6	479.1	2752.3	507.2	2528.5	427.6	2820.9	4	455	2674	3352	22.00221	1	major	403.8823
AA	1	JOB	819.3	1678.6	2912.3	200.5	154.7	1385.9	405.226	405.173	405.332	0.159	5	1	1	2	5	0			760.2	1728.0	827.1	1677.0	809.2	1656.8	739.1	1707.4	611.4	1699.4	4	850	1678	3086	5.1125	1	job	405.2378
AY	1	RIGHT	614.6	1593.3	2057.0	194.2	449.0	811.6	405.618	405.592	405.712	0.12	47	1	4	1	7	0			613.4	1568.6	601.8	1677.0	568.0	1880.5	530.5	1989.8	476.6	2115.1	5	603	1752	1824	47.1417	1	right	405.6332
OW	1	DON'T	708.8	1390.1	2445.3	127.2	155.9	375.7	407.236	407.217	407.376	0.159	62	4	4	2	3	0			726.2	1269.3	719.6	1078.3	682.6	957.7	651.1	913.9	522.8	1027.8	5	728	1204	2633	62.44233	1	don't	407.2555
IH	1	IS	538.5	2008.5	3249.5	112.2	153.8	2415.2	408.474	408.428	408.567	0.139	1	3	4	2	0	0			518.1	1989.3	540.6	2002.8	545.3	1963.9	538.6	1947.2	520.0	1900.2	4	549	1992	2707	1.342	1	is	408.4595
AW	1	MOUTH	876.3	1550.9	3258.8	238.1	332.2	543.8	410.013	409.967	410.167	0.2	42	3	3	1	2	0			930.6	1578.8	919.5	1507.9	892.9	1351.7	854.7	1138.4	828.6	1416.7	4	913	1524	2678	42.3312	1	mouth	410.0238
IH	1	KIDS	491.7	2417.5		185.5	251.5		410.806	410.783	410.853	0.07	1	1	4	2	6	3			481.4	2485.3	492.5	2411.2	489.2	2286.1	475.4	2234.5	462.7	2227.1	3	478	2086	2789	1.1426	1	kids	410.8131
AE	1	PASSING	526.0	2478.6	4560.9	124.3	67.4	1562.5	411.119	411.073	411.212	0.139	33	3	4	1	1	1			553.6	2476.5	521.2	2483.4	500.8	2546.4	517.4	2452.3	513.4	2357.1	3	536	2428	2736	3.3421	1	passing	411.1005
UW	1	THROUGH	531.6	1017.5	2155.4	249.3	215.9	409.5	411.619	411.612	411.702	0.09	73	0	0	0	8	0			540.2	1020.7	576.0	1027.7	583.4	1026.0	570.6	1051.2	586.5	1076.0	6	532	1012	2156	72.0008	1	through	411.6375
EH	1	TELL	811.6	1698.5	2770.0	167.4	276.3	265.7	412.109	412.073	412.182	0.109	2	5	4	2	3	0			827.7	1644.1	806.3	1704.3	747.8	1755.2	679.8	1876.7	608.0	2058.3	4	769	1546	2344	2.5423	1	tell	412.1051
EH	1	BED	851.2	1726.0	2823.8	171.9	463.3	614.1	893.665	893.598	893.799	0.201	2	1	4	2	1	0			802.3	1832.1	852.0	1701.6	886.0	1796.2	892.2	1951.1	769.3	2287.4	4	817	1833	3087	2.1421	1	bed	893.6484
EH	1	BED	813.8	1745.9	2656.0	94.5	159.3	235.0	895.807	895.754	895.914	0.16	2	1	4	2	1	0			715.7	1702.3	813.3	1748.6	839.5	1736.8	874.3	1808.5	777.3	1840.7	5	925	1823	2973	2.1421	1	bed	895.8463
AH	1	COMFORTABLE	925.3	1376.2	2550.1	235.6	135.2	1469.5	896.66	896.643	896.694	0.051	6	4	1	2	6	5			922.6	1387.0	925.2	1373.4	929.6	1355.1	917.6	1307.0	870.8	1265.8	5	926	1376	2531	6.41205	1	comfortable	896.657
AY	1	TINY	811.4	1892.8	2440.8	265.2	152.4	907.0	899.733	899.715	899.806	0.091	41	4	4	2	3	1			809.9	1880.7	791.2	1966.9	728.3	2071.8	655.7	2232.8	585.2	2345.6	5	798	1970	2479	41.44231	1	tiny	899.7471
AE	1	MATTRESS	548.1	2674.6	2970.0	92.7	211.6	222.1	900.058	900.005	900.165	0.16	3	1	4	1	2	1			537.1	2707.1	550.5	2673.8	569.6	2577.5	528.1	2480.0	573.4	2438.6	4	559	2675	3002	3.14124	1	mattress	900.0688
EH	1	BED	846.7	1879.1	2692.8	100.6	144.7	303.4	900.709	900.645	900.836	0.191	2	1	4	2	1	0			723.8	1833.3	862.1	1880.9	870.9	1875.7	865.5	1610.4	831.1	1953.4	5	932	1968	2940	2.1421	1	bed	900.7182
AE	1	AND	562.4	2708.6	3037.1	220.2	372.2	235.6	902.039	902.005	902.106	0.101	3	4	4	2	0	3							1103.0	3304.3	575.5	2988.2	551.5	3014.9	4	558	2664	3113	3.44203	1	and	902.0908
AE	1	MATTRESS	596.4	2522.2	2920.6	146.0	466.8	369.7	902.446	902.416	902.505	0.089	3	1	4	1	2	1			573.1	2502.8	596.2	2517.0	580.6	2525.0	570.6	2587.3	589.2	2563.1	4	554	2446	2873	3.14124	1	mattress	902.4254
EH	1	BED	860.6	1821.1	2557.9	145.9	209.8	2059.1	904.404	904.354	904.503	0.149	2	1	4	2	1	0			783.4	1787.5	864.5	1822.6	893.4	1865.1	898.6	1908.1	791.2	1884.3	5	883	1866	2754	2.1421	1	bed	904.4217
AH	1	COMFORTABLE	949.2	1246.5	2670.6	185.7	147.3	1427.4	905.353	905.333	905.394	0.061	6	4	1	2	6	5			954.6	1249.9	947.8	1246.2	942.2	1238.6	929.8	1233.5	924.3	1232.7	6	929	1226	2911	6.41205	1	comfortable	905.3825
AY	1	RIGHT	824.2	1571.4	2124.0	176.0	274.3	281.7	906.047	906.034	906.174	0.14	47	1	4	1	7	0			819.7	1723.5	805.4	1962.9	740.6	2146.5	668.8	2375.4	578.4	2454.9	5	824	1802	2393	47.1417	1	right	906.0688
AE	1	ASKING	565.9	2429.5	2779.0	252.0	212.7	152.0	908.675	908.638	908.748	0.11	33	3	4	1	0	4			520.1	2359.9	567.2	2432.3	569.8	2470.4	546.1	2459.5	507.7	2369.2	5	571	2482	2816	3.342	1	asking	908.6999
EH	1	GETTING	570.7	2225.7	2717.7	102.9	179.8	396.6	922.661	922.627	922.728	0.101	2	1	4	1	6	1			510.5	2220.7	574.6	2219.0	602.1	2156.1	582.4	2142.4	553.9	2109.5	5	597	2147	2772	2.1415	1	getting	922.6833
AO	1	CAUGHT	825.7	1099.0	2068.7	229.2	232.1	1921.0	923.26	923.187	923.407	0.22	53	1	4	1	6	0			829.5	1100.4	815.2	1094.1	858.2	1101.0	936.6	1207.0	852.0	1140.3	6	832	1106	2957	53.141	1	caught	923.2667
UW	1	DOING	392.7	1712.5	2520.5	110.5	293.0	311.5	924.138	924.131	924.281	0.15	73	0	0	0	3	1			400.4	1455.8	412.3	1172.8	448.7	967.8	498.0	899.6	523.7	873.4	5	411	1180	2549	73.4423	1	doing	924.1803
AW	1	FOUND	1082.9	1566.4	2847.9	390.8	396.5	808.6	929.314	929.29	929.41	0.12	42	4	4	2	1	3			1052.6	1565.5	1074.9	1506.4	1077.7	1477.4	1095.2	1499.0	1019.3	1454.0	5	1066	1480	3189	42.44213	1	found	929.3482
AW	1	OUT	871.7	1758.0	2458.8	248.2	211.2	1697.0	929.561	929.52	929.729	0.209	42	1	4	1	0	0			874.0	1750.1	811.3	1299.8	843.9	1300.0	653.6	1114.9	518.8	1153.1	6	941	1625	2752	42.141	1	out	929.5927
IY	1	ME	402.2	2503.1	3010.2	278.6	256.0	579.2	930.039	929.989	930.14	0.151	12	0	0	0	2	0			442.8	2501.5	400.1	2509.9	389.1	2513.4	390.9	2407.3	401.1	1924.4	4	395	2524	2906	12.0002	1	me	930.0559
IY	0	BE	384.8	2533.3	2814.2	239.8	236.2	642.6	930.426	930.369	930.539	0.17	12	0	0	0	1	0									449.4	2572.5	1631.3	2977.8	4	384	2524	2892	12.0001	1	be	930.4265
AW	1	MOUTH	940.7	1569.9	2551.8	184.7	289.7	461.7	931.17	931.15	931.38	0.23	42	3	3	1	2	0			997.4	1609.3	978.2	1407.2	971.9	1201.4	944.7	1069.6	825.2	977.7	6	984	1630	2634	42.3312	1	mouth	931.1986
EY	1	SAYING	598.2	2313.4	2761.4	182.4	157.3	231.3	933.915	933.88	933.96	0.08	21	0	0	0	3	1			573.2	2144.0	593.2	2261.2	594.8	2343.8	572.4	2456.8	547.0	2546.8	4	619	2395	2777	21.4423	1	saying	933.9284
OW	1	GOING	570.5	1017.1	1875.3	80.7	71.9	1187.9	934.547	934.54	934.65	0.11	62	0	0	0	6	1			567.4	956.2	553.7	877.0	552.7	864.6	550.0	857.4	603.4	894.7	6	595	888	2805	62.4426	1	going	934.5761
AW	1	OUT	865.2	1705.1	2605.4	217.5	191.4	286.3	934.756	934.73	934.871	0.141	42	1	4	1	0	0			869.4	1692.5	885.8	1524.7	872.7	1333.2	790.0	1145.2	806.5	947.7	5	879	1499	2837	42.141	1	out	934.782
AW	1	MOUTH	955.3	1317.0	2787.5	244.4	546.8	450.5	936.426	936.401	936.571	0.17	42	3	3	1	2	0			956.1	1364.2	937.5	1296.6	875.8	1191.1	802.2	1090.1	549.8	1043.6	5	967	1389	2816	42.3312	1	mouth	936.4308
AY	1	RIGHT	697.3	1427.5	1970.0	90.7	141.6	1371.9	937.238	937.231	937.351	0.12	47	1	4	1	7	0			663.4	1676.1	572.0	1951.0	480.3	2247.7	451.3	1893.1	450.4	1824.7	6	716	1429	2193	47.1417	1	right	937.2372
EH	1	THERE	534.3	2284.1	2579.7	275.0	146.3	328.5	937.576	937.539	937.65	0.111	24	6	4	2	3	0			2333.3	3269.0			901.9	2249.0	628.7	2059.4	701.5	1845.3	4	496	2282	2664	24.6003	1	there	937.546
IY	1	SEE	425.6	2527.5	2847.7	131.5	391.7	119.5	938.369	938.319	938.469	0.15	12	0	0	0	3	0			352.6	2648.9							872.2	2654.8	4	423	2377	2856	12.0003	1	see	938.3911
EH	1	TOGETHER	850.5	1843.3	2654.0	120.2	213.1	423.4	938.989	938.939	939.089	0.15	2	3	3	2	6	1			719.5	2047.0	861.0	1825.6	893.8	1651.6	841.3	1560.1	707.4	1430.5	4	904	1716	2711	2.33161	1	(to)gether	939.0045
IH	1	DIFFERENCE	479.7	2126.8	2892.6	139.8	154.5	171.1	941.854	941.828	941.907	0.079	1	3	2	1	3	2			505.0	2129.9	483.9	2125.0	524.4	2100.4	565.7	2041.2	593.3	1924.6	4	557	2064	2635	1.32132	1	difference	941.8758
EH	1	BET	869.7	1977.3	2574.9	125.3	425.0	672.0	954.602	954.539	954.728	0.189	2	1	4	1	1	0			841.1	1938.8	870.0	1975.3	939.5	1983.5	973.1	1956.2	994.5	1806.1	5	906	2021	3459	2.1411	1	bet	954.6195
IY	1	MEAN	462.1	2457.5	2962.3	152.8	111.3	358.9	956.813	956.78	956.879	0.099	11	4	4	2	2	0			464.1	2424.2	461.9	2461.2	464.0	2467.8	478.2	2436.9	504.8	2338.0	4	466	2473	2975	11.4422	1	mean	956.8286
EY	1	TAKING	471.8	2452.4	2742.6	136.4	364.8	789.1	957.293	957.279	957.359	0.08	21	1	6	1	3	1			471.6	2464.6	465.9	2485.6	454.7	2559.9	434.9	2588.6	427.7	2509.5	4	466	2476	2997	21.1613	1	taking	957.3064
EH	1	BETS	830.0	1751.6	2628.4	109.4	233.3	438.7	958.617	958.567	958.717	0.15	2	1	4	1	1	3			718.4	1688.3	835.9	1760.4	852.5	1766.6	843.7	1673.3	778.7	1887.4	5	871	1818	3361	2.1411	1	bets	958.6447
EH	1	WHATEVER	874.9	1731.2	2424.3	181.5	826.6	481.2	960.089	960.052	960.162	0.11	2	3	2	2	3	1			819.0	1716.8	878.8	1735.3	929.3	1834.5	936.7	1779.7	873.9	1626.7	5	909	2075	2659	2.32201	1	(what)ever	960.0919
AO	1	HORSES	520.1	807.5	2021.4	171.1	328.4	445.7	960.465	960.422	960.551	0.129	64	6	4	2	0	4			532.1	869.3	518.7	810.9	528.2	850.4	549.3	929.0	581.0	1017.9	6	576	954	2162	54.6	1	horses	960.5123
IY	1	ILLEGAL	427.6	2164.4	4037.0	276.4	267.5	1007.0	962.222	962.199	962.269	0.07	11	1	6	2	7	1			424.4	1958.3	428.2	2189.0	437.7	2400.1	440.8	2518.6	428.7	2540.5	3	460	2231	2619	11.16271	1	(il)legal	962.2581
AE	1	GAMBLING	520.6	2574.3	2917.6	177.1	164.5	301.3	963.747	963.714	963.814	0.1	33	4	1	2	6	5			443.1	2518.7	529.5	2576.8	532.9	2591.2	518.7	2576.5	503.6	2530.4	4	610	2592	2976	3.41263	1	gambling	963.7611
EH	1	BETTING	846.2	1800.7	2640.5	101.7	227.6	356.5	965.623	965.583	965.703	0.12	2	1	4	1	1	1			797.1	1761.8	847.4	1807.4	828.5	1854.4	803.5	1947.8	686.1	1990.5	5	837	1841	2610	2.1411	1	betting	965.6356
IY	1	ILLEGAL	422.2	2319.2	2757.9	187.2	143.3	71.4	966.342	966.312	966.402	0.09	11	1	6	2	7	1			430.2	2225.3	401.2	2344.1	382.3	2474.7	379.7	2578.6	377.7	2592.8	5	391	2507	2748	11.16271	1	(il)legal	966.375
UH	1	BOOK	548.9	963.1	2856.0	161.4	33.6	267.5	969.225	969.195	969.285	0.09	7	1	6	1	1	0			552.5	931.7	547.6	967.1	544.2	1241.2	535.4	1534.9	505.7	1594.9	5	551	925	2874	7.1611	1	book	969.2104
EY	1	TAKE	566.0	2323.3	2936.9	267.7	142.2	702.1	969.632	969.605	969.685	0.08	21	1	6	1	3	0			546.4	2293.3	565.7	2326.1	532.8	2367.6	480.8	2422.8	463.8	2469.8	4	587	2342	2960	21.1613	1	take	969.6367
AW	1	DOWN	769.7	2020.4	2804.6	209.7	134.5	285.4	969.952	969.915	970.085	0.17	42	4	4	2	3	0			704.1	2069.9	819.1	1811.7	857.9	1278.4	679.5	1048.5	857.4	2549.4	4	787	2037	2801	42.4423	1	down	969.9584
EH	1	BETTING	762.5	1837.2	2767.7	130.9	246.0	170.2	970.409	970.365	970.496	0.131	2	1	4	1	1	1			709.4	1750.4	765.5	1846.0	769.8	1878.1	738.2	1892.3	658.6	1909.5	4	770	1873	2887	2.1411	1	betting	970.4259
AE	1	MAT	593.2	2688.9	3063.3	155.4	258.0	243.5	978.425	978.342	978.591	0.249	3	1	4	1	2	0			582.2	2695.0	598.3	2688.7	632.3	2594.4	724.0	2494.1	787.8	2440.9	4	589	2684	3038	3.1412	1	mat	978.405
AE	1	MAT	631.3	2813.0		426.2	137.7		979.561	979.491	979.701	0.21	3	1	4	1	2	0			626.3	2770.8	636.0	2815.3	653.1	2805.0	675.9	2740.6	711.9	2727.4	3	641	2586	2910	3.1412	1	mat	979.5332
AO	1	SUPPORT	485.9	719.8	2415.5	103.3	50.2	583.6	982.49	982.44	982.589	0.149	64	6	4	2	1	3			450.1	717.8	490.2	720.9	513.4	798.9	558.5	892.2	596.5	993.7	6	517	710	2652	64.6001	1	(sup)port	982.486
AH	1	RUG	828.2	1164.0	2461.4	233.3	173.4	125.3	983.243	983.2	983.33	0.13	6	1	6	2	7	0			804.5	1153.5	827.4	1167.1	805.7	1206.2	693.7	1182.1	503.6	1265.1	6	796	1140	2392	6.1627	1	rug	983.2281
AE	1	MAT	595.6	2594.9	3146.7	162.4	117.8	247.5	984.272	984.225	984.365	0.14	3	1	4	1	2	0			574.4	2581.8	597.2	2595.8	625.9	2573.1	683.9	2527.4	706.6	2434.6	4	594	2593	3150	3.1412	1	mat	984.2704
AW	1	DOWN	814.5	1937.0	2602.0	106.0	109.3	201.6	984.697	984.655	984.825	0.17	42	4	4	2	3	0			770.4	1995.5	889.9	1756.3	932.9	1444.3	968.4	1315.9	877.1	1988.8	5	932	1402	2818	42.4423	1	down	984.7439
ER	1	FIRST	561.7	1157.1	1460.6	130.0	114.6	212.0	985.079	984.996	985.246	0.25	94	3	4	1	1	3			580.6	1125.6	564.1	1159.6	587.2	1222.5	535.6	1216.1	534.2	1362.5	6	689	1333	1572	94.60013	1	first	985.13
AH	1	RUG	791.3	1289.9	2580.8	195.0	118.2	142.8	988.979	988.933	989.072	0.139	6	1	6	2	7	0			814.2	1245.0	781.7	1298.5	674.3	1356.7	520.5	1407.3	443.4	1301.6	5	795	1290	2590	6.1627	1	rug	988.9793
AA	1	PROBABLY	779.7	1529.9	2286.1	103.2	233.3	147.5	989.862	989.832	989.922	0.09	5	1	1	2	8	1			792.3	1554.8	777.3	1526.6	730.3	1462.9	652.9	1388.3	536.3	1333.0	5	796	1565	2281	5.11282	1	probably	989.8457
IY	0	BE	482.7	2546.2	3104.2	244.6	252.5	244.0	990.253	990.173	990.412	0.239	12	0	0	0	1	0			431.7	2297.6	476.6	2559.0	460.2	2507.8	453.4	1972.3	413.7	1753.3	5	456	2578	3133	12.0001	1	be	990.2618
AH	1	PLUSH	773.0	1095.1	2931.9	105.0	139.9	139.0	990.72	990.674	990.813	0.139	6	3	5	1	8	0			768.7	1069.2	772.8	1098.6	786.3	1151.2	772.9	1232.4	741.8	1400.7	5	773	1103	2915	6.3518	1	plush	990.7268
AY	1	HIGH	1054.5	1600.9	2581.6	325.7	248.4	483.7	991.552	991.553	991.693	0.14	41	0	0	0	0	0			958.3	1610.1	891.1	1687.1	786.0	1839.7	672.9	2064.2	573.7	2235.2	5	953	1622	2269	41.	1	high	991.5846
EY	1	GRADE	494.4	2315.1	2532.2	125.1	187.8	380.1	991.965	991.953	992.084	0.131	21	1	4	2	8	0			462.2	2460.7	437.3	2508.7	438.0	2609.4	440.8	2667.4	428.3	2599.7	4	488	2309	2500	21.1428	1	grade	991.9664
IH	1	PICK	517.2	2159.1	2505.7	99.2	561.7	148.3	993.328	993.265	993.455	0.19	1	1	6	1	1	0			576.5	2183.8	506.2	2073.3	410.3	1751.8	417.0	2006.5	463.8	1927.1	5	591	2175	2611	1.1611	1	pick	993.2935
AE	1	MAT	573.4	2657.4	3028.8	157.2	124.1	119.9	993.745	993.685	993.864	0.179	3	1	4	1	2	0			562.4	2648.0	574.6	2656.6	594.4	2620.3	618.6	2583.6	601.3	2487.7	4	577	2659	3023	3.1412	1	mat	993.7439
AO	1	SUPPORT	512.6	838.4	2233.7	131.0	159.0	264.5	994.984	994.944	995.065	0.121	64	6	4	2	1	3			487.7	1041.9	507.0	842.4	535.0	882.9	557.6	972.4	584.6	1038.7	6	555	983	2022	64.6001	1	(sup)port	995.0222
IY	1	PEOPLE	531.3	2531.4	2834.8	298.7	298.3	385.0	996.209	996.179	996.269	0.09	11	1	1	1	1	1			528.7	2523.2	530.4	2534.5	517.4	2512.0	508.6	2328.8	479.8	2055.8	4	528	2484	2767	11.11111	1	people	996.212
EH	1	EDDIE	958.7	1933.2	2450.9	67.6	170.2	558.7	1000.732	1000.685	1000.826	0.141	2	1	4	2	0	1			948.7	1899.5	957.3	1927.2	878.6	1924.3	805.0	2043.3	681.9	2094.3	5	964	1954	2338	2.14201	1	Eddie	1000.7391
AA	1	GOT	797.1	1965.7	2617.8	120.2	98.3	214.7	1001.706	1001.672	1001.773	0.101	5	1	4	1	6	0			717.9	2025.9	800.9	1963.2	830.7	1925.6	828.2	1878.5	781.7	1813.7	5	833	1920	2627	5.1416	1	got	1001.7256
AY	1	RIGHT	636.4	1556.6	2822.4	287.0	253.0	1686.5	1002.86	1002.852	1002.922	0.07	47	1	4	1	7	0			609.8	1771.3	597.3	1881.3	584.4	1956.6	572.1	2025.1	557.0	2080.8	4	590	1710	2116	47.1417	1	right	1002.8726
OW	1	OVER	615.8	1529.7	2619.8	151.8	361.2	305.5	1002.976	1002.963	1003.052	0.089	62	3	2	2	0	1			609.7	1585.8	623.0	1418.0	637.4	1240.8	684.1	1022.1	751.0	1635.3	4	581	1122	2566	62.32201	1	over	1003.0141
AO	1	TALK	915.4	1222.6	2876.4	134.4	144.9	342.8	1014.557	1014.517	1014.637	0.12	53	1	6	1	3	0			919.3	1221.0	917.6	1225.3	933.3	1244.2	913.9	1226.4	848.6	1264.9	5	940	1251	2944	53.1613	1	talk	1014.5723
IH	1	DIFFERENT	463.8	2137.9	2714.3	126.9	143.8	186.1	1014.88	1014.857	1014.927	0.07	1	3	2	1	3	1									2089.6	2477.5	1875.9	3084.7	4	496	2040	2552	1.32132	1	different	1014.8983
EY	1	SAME	614.9	2198.1	2788.2	141.5	145.4	219.9	1020.118	1020.088	1020.238	0.15	21	4	1	2	3	0			1258.4	2503.7	606.1	2489.5	555.7	2582.1	505.2	2633.5	498.6	2692.0	4	596	2259	2760	21.4123	1	same	1020.1331
AW	1	NOW	909.2	1804.0	2970.9	114.8	210.4	518.7	1021.222	1021.189	1021.409	0.22	42	0	0	0	4	0			943.7	1695.7	965.8	1357.3	926.7	1236.5	899.9	1165.0	761.2	959.4	4	933	1338	2619	42.0004	1	now	1021.2672
AO	1	CALIFORNIA	593.6	759.9	2292.2	75.9	165.9	540.9	1021.925	1021.878	1022.019	0.141	64	6	4	2	1	4			565.7	700.1	594.8	763.7	622.2	819.0	693.8	847.0	805.0	938.8	6	634	795	2465	54.60011	1	(Cali)fornia	1021.9321
OW	1	THOSE	637.3	1134.2	3135.8	185.6	176.6	233.3	1026.097	1026.09	1026.2	0.11	62	3	4	2	3	0			637.6	1172.9	631.3	1065.4	644.2	1044.2	656.9	1071.4	665.0	1067.3	4	640	1110	3150	62.3423	1	those	1026.1203
IY	0	BE	429.9	2383.1	2710.6	197.3	85.6	102.9	1035.425	1035.398	1035.478	0.08	12	0	0	0	1	0			443.7	2376.6	429.0	2381.6	421.1	2342.7	452.1	2264.0	526.2	2127.7	5	378	2456	2785	12.0001	1	be	1035.4179
AO	1	ALBANY	792.4	1075.8	2889.2	308.7	201.7	936.6	1036.619	1036.579	1036.698	0.119	53	5	4	2	0	5			734.2	1157.7	804.6	1063.8	878.9	990.1	847.2	924.3	824.0	922.7	5	779	1167	2648	53.54205	1	Albany	1036.6061
IH	1	BIT	655.1	1765.5	2851.1	86.4	213.6	121.3	1037.582	1037.549	1037.649	0.1	1	1	4	1	1	0			634.7	1774.5	660.0	1765.3	696.0	1770.3	714.2	1754.8	743.5	1735.6	4	630	1784	2792	1.1411	1	bit	1037.6012
OW	1	TOLD	671.3	1427.3	2651.3	190.5	307.1	328.3	1039.587	1039.576	1039.676	0.1	62	5	4	2	3	3			676.3	1355.8	669.3	1242.5	638.0	1193.8	586.0	1230.6	544.0	1338.2	5	676	1302	2572	62.54233	1	told	1039.6018
AH	1	UP	800.9	1733.4	2587.9	106.7	124.2	180.0	1045.925	1045.898	1045.978	0.08	6	1	1	1	0	0			774.9	1822.3	801.5	1724.1	793.8	1597.3	727.0	1504.2	588.2	1496.5	5	804	1710	2567	6.111	1	up	1045.9266
OW	1	GOING	636.2	1442.8	2654.3	301.2	315.5	405.2	1046.457	1046.437	1046.517	0.08	62	0	0	0	6	1			644.3	1539.9	635.9	1270.9	676.4	1101.0	763.4	967.2	794.3	891.9	5	665	998	2070	62.4426	1	going	1046.4866
OW	1	HOME	832.1	869.2	2928.6	94.9	615.7	645.1	1046.707	1046.697	1046.797	0.1	62	4	1	2	0	0			832.9	863.9	823.1	881.9	798.4	942.0	757.6	1023.4	724.8	902.3	5	833	1004	2861	62.412	1	home	1046.7148
OW	1	GO	536.7	1183.8	1786.5	49.2	75.5	1687.1	1065.525	1065.492	1065.733	0.241	63	0	0	0	6	0			545.0	1126.6	539.2	1024.1	507.6	978.3	484.7	1012.7	460.9	1139.0	6	549	1057	1887	62.0006	1	go	1065.5631
UW	1	TO	431.6	1597.6	2499.3	162.8	318.7	203.1	1065.909	1065.902	1066.032	0.13	73	0	0	0	3	0			565.0	1772.2	540.8	1504.8	534.8	1521.2	487.6	1640.1	473.3	1613.3	5	473	1237	1873	73.0003	1	to	1065.9354
AE	1	HAVE	499.0	2383.7	4593.3	143.1	98.2	1655.8	1066.322	1066.292	1066.382	0.09	3	3	2	2	0	0			463.5	2417.2	498.1	2379.7	503.1	2384.9	516.2	2406.2	524.9	2401.6	3	488	2359	2657	3.322	1	have	1066.3026
EH	1	VERY	462.6	2320.3		304.3	69.2		1066.71	1066.663	1066.803	0.14	2	6	4	2	1	1			452.3	2443.8	463.4	2303.2	476.6	2253.7	492.3	2212.1	506.8	1856.8	3	442	2158	2555	2.60011	1	very	1066.7065
OW	1	CODE	596.7	1158.4	2205.1	160.3	132.3	1761.2	1068.213	1068.203	1068.363	0.16	62	1	4	2	6	0			597.5	1101.0	604.4	1091.1	525.5	1019.3	528.5	999.5	494.8	988.7	6	586	1097	2383	62.142	1	code	1068.2359
AH	1	BUTTON	851.7	1083.4	2267.0	646.1	429.4	432.0	1071.133	1071.089	1071.22	0.131	6	1	4	1	1	1			769.7	1082.4	855.6	1079.0	822.2	1080.5	897.6	1117.7	851.4	1234.2	6	805	1094	2293	6.14111	1	button	1071.1575
AW	1	DOWN	755.7	1863.0	2458.9	175.9	121.6	209.4	1071.539	1071.49	1071.689	0.199	42	4	4	2	3	0			717.3	1928.9	834.5	1753.1	898.4	1631.8	958.9	1504.8	977.6	1380.8	5	724	1932	2490	42.4423	1	down	1071.5305
ER	1	SHIRTS	478.5	1289.2	1601.8	79.6	128.3	101.8	1072.037	1071.95	1072.21	0.26	94	1	4	1	5	3			479.3	1519.6	480.0	1285.3	471.5	1273.6	463.8	1294.8	439.3	1418.4	6	518	1385	1716	94.60053	1	shirts	1072.0658
AA	1	COLLAR	978.8	1655.5	2561.6	177.3	128.4	686.1	1072.937	1072.88	1073.05	0.17	5	5	4	2	6	1			949.5	1687.7	981.4	1651.7	971.6	1548.2	913.2	1445.2	773.9	1281.3	5	948	1671	2306	5.54201	1	collar	1072.9175
OY	1	BOYS	504.3	999.2	2468.7	45.2	53.4	375.3	1075.224	1075.158	1075.357	0.199	61	3	4	2	1	0			477.7	820.7	506.5	1043.3	509.7	1450.6	470.0	1897.4	402.7	2427.9	5	534	1027	3027	61.0021	1	boys	1075.2197
AE	1	AND	569.6	2387.0	2755.1	126.9	631.8	198.6	1075.544	1075.488	1075.657	0.169	3	4	4	2	0	3			527.6	2412.1	573.1	2405.0	546.1	2535.7	536.2	2552.0	520.7	2537.6	4	558	2534	2749	3.44203	1	and	1075.5611
ER	1	GIRLS	461.9	1141.3	1710.2	103.7	125.4	118.5	1075.884	1075.817	1076.018	0.201	94	5	4	2	6	3			433.3	1103.1	465.3	1141.2	486.4	1122.5	511.3	1111.4	541.2	1079.8	6	541	1163	1631	94.60053	1	girls	1075.942
AE	1	MATTER	542.1	2303.5	2637.7	156.4	112.4	146.4	1076.954	1076.917	1077.028	0.111	3	1	4	1	2	1			540.9	2317.3	543.7	2299.1	548.2	2225.7	567.3	2127.8	573.3	2011.2	4	545	2313	2632	3.14121	1	matter	1076.9276
EH	1	SEX	764.6	1695.4	2490.0	195.8	132.1	213.4	1077.565	1077.518	1077.658	0.14	2	1	6	1	3	3			683.2	1659.5	770.1	1698.1	858.4	1742.2	915.7	1780.6	952.0	1821.8	5	923	1782	2658	2.16133	1	sex	1077.5957
EY	1	HATE	499.7	2580.4	3086.9	122.7	158.0	958.8	1079.79	1079.778	1079.978	0.2	21	1	4	1	0	0			466.0	2720.2	408.6	2560.7	373.2	2790.6	375.4	2360.4	373.0	2315.7	4	488	2590	2993	21.141	1	hate	1079.7949
OW	1	THOSE	589.2	1354.9	2551.7	153.2	275.0	1026.7	1080.25	1080.238	1080.478	0.24	62	3	4	2	3	0			569.9	1104.4	497.6	938.3	434.7	884.7	414.7	903.6	381.5	1010.0	5	613	1117	2925	62.3423	1	those	1080.2873
ER	1	SHIRTS	497.1	1510.3	1796.0	124.4	153.3	116.1	1080.831	1080.748	1080.998	0.25	94	1	4	1	5	3			461.2	1707.0	500.1	1500.4	513.8	1465.2	535.9	1466.4	513.9	1498.7	5	510	1465	1747	94.60053	1	shirts	1080.8724
EY	1	THEY	539.0	2159.6	2787.0	91.7	72.2	217.6	1081.958	1081.935	1082.135	0.2	22	0	0	0	3	0			512.7	2230.3	441.7	1986.1	429.1	2368.9	397.4	2256.5	417.5	2072.5	5	539	2195	2811	22.0003	1	they	1081.9643
UH	1	LOOK	542.8	1041.3	1948.9	203.4	114.5	1095.4	1082.341	1082.324	1082.375	0.051	7	1	6	1	7	0			557.7	1035.9	539.9	1044.5	546.8	1080.4	528.3	1130.7	523.0	1172.6	6	610	1121	2874	7.1617	1	look	1082.2961
AY	1	LIKE	797.2	1499.0	2764.5	161.6	141.6	333.8	1082.629	1082.614	1082.714	0.1	47	1	6	1	7	0			791.6	1552.5	739.0	1718.4	664.9	1891.6	572.0	1962.0	499.8	1998.1	5	810	1547	2783	47.1617	1	like	1082.6342
AE	1	SACKS	587.6	2207.8	2626.5	124.4	212.7	282.2	1083.092	1083.015	1083.245	0.23	3	1	6	1	3	3			581.9	2168.0	590.3	2212.2	600.8	2235.1	599.0	2219.7	590.2	2319.1	4	586	2147	2638	3.1613	1	sacks	1083.0597
AE	1	CAN'T	538.2	2761.1	2925.9	151.6	401.1	279.5	1084.042	1083.995	1084.135	0.14	33	4	4	2	6	3			526.2	2820.9	541.3	2752.5	552.2	2755.6	547.3	2734.3	550.8	2684.2	4	551	2704	2941	3.44203	1	can't	1084.0494
IY	1	EVEN	435.6	2661.1	3068.9	224.4	266.7	445.7	1084.258	1084.215	1084.345	0.13	11	3	2	2	0	1			466.5	2656.7	428.7	2661.9	381.3	2693.3	356.3	2640.9	356.2	2475.8	4	430	2665	3096	11.32201	1	even	1084.2621
AY	1	TIE	952.7	1689.0	2591.7	291.6	173.7	244.4	1088.039	1088.037	1088.217	0.18	41	0	0	0	3	0			924.3	1624.7	924.3	1743.2	788.0	1947.7	626.8	1995.8	500.3	2039.6	5	926	1616	2578	41.0003	1	tie	1088.068
AA	1	BOTTOM	904.8	1725.6	2596.7	153.7	109.0	336.9	1088.763	1088.687	1088.916	0.229	5	1	4	1	1	1			817.2	1725.6	914.9	1722.8	939.2	1695.1	921.4	1675.4	896.0	1681.1	4	953	1700	2553	5.14111	1	bottom	1088.8047
ER	1	GIRLFRIEND	479.5	1109.4	1764.9	66.2	94.7	177.8	1089.657	1089.607	1089.757	0.15	94	5	4	2	6	4			460.0	1075.4	481.1	1113.3	502.5	1146.5	544.7	1159.3	651.2	1154.4	6	538	1179	1799	94.60051	1	girlfriend	1089.6925
AE	1	JAN	544.3	2659.3	4972.1	272.0	81.8	1486.2	1090.959	1090.876	1091.126	0.25	33	4	4	2	5	0			534.8	2552.1	532.0	2663.9	546.5	2720.6	521.0	2742.5	576.0	2676.9	3	565	2621	2876	3.4425	1	Jan	1090.9491
AA	1	GOT	901.6	1811.5	2588.0	138.3	99.1	208.9	1091.438	1091.345	1091.625	0.28	5	1	4	1	6	0			773.6	1899.8	907.2	1810.7	871.4	1835.9	806.9	1796.7	797.6	1851.3	4	938	1827	2688	5.1416	1	got	1091.4587
EH	1	DETENTION	886.2	1851.1	2608.1	217.9	111.5	246.9	1092.715	1092.675	1092.796	0.121	2	4	4	2	3	4			891.0	1862.3	884.2	1853.8	857.0	1898.3	798.5	1967.6	696.9	2019.8	5	969	1898	2702	2.44234	1	(de)tention	1092.7153
AE	1	THAT	527.0	2273.3	2545.3	48.7	305.9	1541.1	1093.473	1093.396	1093.626	0.23	3	1	4	1	3	0			526.1	2258.4	527.0	2280.6	531.3	2252.7	539.4	2247.9	552.2	2215.5	5	533	2257	2735	3.1413	1	that	1093.4349
AE	1	HAD	469.6	2496.3	2794.2	53.2	176.9	362.0	1095.113	1095.063	1095.213	0.15	3	1	4	2	0	0			477.7	2514.0	468.6	2496.8	465.9	2456.0	465.0	2385.4	454.8	2333.5	4	474	2492	2814	3.142	1	had	1095.0999
EY	1	STAY	487.3	2225.7	2583.9	124.1	149.7	2015.8	1095.693	1095.653	1095.954	0.301	22	0	0	0	3	0			482.6	2293.5	453.1	2394.3	428.9	2470.0	394.3	2023.8	353.8	1658.8	5	494	2276	2783	22.0003	1	stay	1095.7062
IH	1	SIX	534.5	1879.5	2717.7	74.5	64.1	216.4	1096.577	1096.534	1096.664	0.13	1	1	6	1	3	3							820.0	2060.7	1723.8	2350.5	1722.4	2383.2	4	593	1961	2656	1.16133	1	six	1096.6241
AA	1	SOCKS	1019.0	1742.6	2782.0	151.8	101.6	311.4	1099.094	1099.011	1099.261	0.25	5	1	6	1	3	3			945.5	1713.1	1023.2	1745.4	1015.5	1755.5	995.9	1777.8	979.9	1838.6	5	1034	1767	3033	5.1613	1	socks	1099.1148
AA	2	FLIPFLOPS	853.4	1507.6	2533.5	227.2	204.1	981.3	1100.772	1100.722	1100.872	0.15	5	1	1	1	8	3			855.8	1451.7	854.8	1510.2	869.5	1513.0	870.5	1573.1	837.9	1574.0	5	868	1501	2557	5.1118	1	(flip)flops	1100.7901
AO	1	HALL	856.0	1121.6	2798.6	137.0	113.9	692.2	1101.806	1101.769	1101.879	0.11	53	5	4	2	0	0			888.8	1138.0	853.9	1120.0	848.0	1104.5	838.9	1087.0	808.0	1067.2	5	849	1096	2804	53.542	1	hall	1101.8322
AA	1	MONITOR	875.1	1762.7	1854.6	124.4	151.3	1156.0	1102.058	1102.018	1102.138	0.12	5	4	4	2	2	2			871.6	1691.1	876.5	1771.1	887.8	1724.2	893.4	1810.5	885.5	1846.5	6	915	1853	2785	5.44222	1	monitor	1102.0999
AO	1	STALKS	907.9	1402.0	2138.6	153.6	128.8	232.5	1102.675	1102.628	1102.769	0.141	53	1	6	1	3	3			830.3	1418.3	909.1	1400.6	921.7	1383.8	934.3	1377.6	917.3	1393.5	5	927	1380	2298	53.1613	1	stalks	1102.7028
IY	1	SEE	345.8	2451.6	2768.7	94.6	120.5	247.5	1103.482	1103.408	1103.629	0.221	12	0	0	0	3	0											2243.0	2571.0	4	352	2467	2813	12.0003	1	see	1103.492
AW	1	OUT	905.9	1509.3	2080.4	159.1	141.8	2444.2	1104.22	1104.169	1104.429	0.26	42	1	4	1	0	0			908.4	1509.7	945.5	1406.9	924.8	1307.5	837.2	1210.6	705.4	1114.2	6	946	1392	2404	42.141	1	out	1104.2768
AO	2	UNIFORM	574.2	709.5	2239.2	269.0	763.8	694.2	1105.106	1105.069	1105.179	0.11	64	6	4	2	1	3			589.3	1002.9	571.1	704.2	530.3	782.0	516.0	834.4	370.3	888.8	6	541	829	2031	54.6001	1	(uni)form	1105.1371
AE	1	LAST	566.0	2166.4	2733.1	55.6	110.7	161.4	1106.617	1106.58	1106.69	0.11	33	3	4	1	7	0			574.7	2083.8	565.3	2170.8	540.5	2218.7	498.1	2219.7	459.1	2214.2	4	591	1923	2822	3.34173	1	last	1106.5807
AA	1	JOHN	756.8	1898.3	2527.0	284.2	141.3	789.5	1107.283	1107.259	1107.33	0.071	5	4	4	2	5	0			713.3	1930.6	761.2	1896.2	801.4	1871.6	818.4	1861.0	819.9	1850.4	5	816	1849	2563	5.4425	1	John	1107.3089
EH	1	SUSPENDED	805.6	1615.7	2309.3	188.0	163.8	1330.2	1108.855	1108.825	1108.915	0.09	2	4	4	2	1	4			763.0	1569.4	811.1	1623.8	828.8	1571.1	823.3	1592.9	784.9	1678.0	5	846	1650	2605	2.44213	1	(su)spended	1108.8572
EH	1	SAID	689.6	1804.6	2735.5	208.0	254.0	297.7	1109.874	1109.774	1110.074	0.3	2	1	4	2	3	0			640.3	1554.8	696.2	1812.4	578.6	1781.8	577.8	1480.3	644.8	1420.9	5	679	1791	2694	2.1423	1	said	1109.8925
EH	1	DRESS	690.3	1729.4	2534.9	279.2	165.1	1650.1	1110.992	1110.959	1111.058	0.099	2	3	4	1	8	0			668.5	1759.5	693.6	1725.7	713.1	1711.6	719.4	1704.7	690.2	1656.5	4	705	1715	2814	2.3418	1	dress	1111.005
OW	1	CODE	832.5	1563.3	2814.9	391.7	468.4	712.0	1111.314	1111.298	1111.448	0.15	62	1	4	2	6	0			562.0	1106.1	539.9	1062.4	488.3	1044.8	471.7	1084.9	521.2	1602.7	5	619	1080	2683	62.142	1	code	1111.3516
IY	1	SEE	366.5	2326.5	2766.2	182.7	225.7	687.7	1112.906	1112.859	1112.999	0.14	12	0	0	0	3	0			356.7	2282.7	366.0	2326.9	349.2	2383.5	344.2	2372.6	377.6	1999.0	4	367	2314	2660	12.0003	1	see	1112.8981
IY	1	EVEN	386.0	2686.9	3048.0	210.5	181.6	395.8	1114.844	1114.814	1114.904	0.09	11	3	2	2	0	1							2682.8	3485.7					4	396	2663	3089	11.32201	1	even	1114.8486
AY	1	MY	892.3	1796.8	3040.4	230.1	142.0	646.2	1115.188	1115.174	1115.394	0.22	41	0	0	0	2	0			867.5	1893.8	753.1	2051.6	619.9	2223.9	567.4	2358.3	488.9	2258.4	4	892	1800	3135	41.0002	1	my	1115.1883
AA	1	FATHER	953.4	1687.3	2553.5	148.2	172.1	459.7	1115.618	1115.544	1115.765	0.221	43	3	3	2	1	1			914.2	1663.0	956.4	1687.9	940.0	1675.8	890.0	1640.2	709.5	1499.6	5	1004	1781	2882	43.33111	1	father	1115.6111
IY	1	MEAN	466.2	2533.5	2737.1	642.2	486.9	516.9	1117.332	1117.265	1117.465	0.2	11	4	4	2	2	0			474.1	2529.2	465.0	2554.2	429.0	2569.7	945.9	2531.9	365.7	2515.2	4	536	2572	2596	11.4422	1	mean	1117.3035
EH	1	DRESS	797.9	1608.1	2049.8	209.1	380.6	344.4	1126.24	1126.213	1126.293	0.08	2	3	4	1	8	0			752.8	1616.7	799.4	1610.2	811.2	1639.2	798.2	1648.1	779.3	1658.7	6	806	1613	2062	2.3418	1	dress	1126.2423
OW	1	CODE	599.5	965.4	2380.1	682.7	172.0	395.3	1126.585	1126.543	1126.743	0.2	62	1	4	2	6	0			602.1	964.3	623.3	1457.5	569.1	1001.0	474.4	1186.0	571.1	1662.6	5	567	988	2311	62.142	1	code	1126.6206
IY	1	REALLY	409.9	2342.5	2685.0	166.3	180.1	652.4	1126.997	1126.964	1127.063	0.099	11	5	4	2	7	1			414.3	2335.4	410.6	2342.0	427.7	2309.7	495.7	2224.0	616.9	2076.3	4	422	2282	2678	11.54271	1	really	1127.0099
IY	1	MEAN	502.0	2996.3		480.0	97.5		1127.627	1127.563	1127.754	0.191	11	4	4	2	2	0			506.9	2982.5	500.1	3002.6	546.9	3003.6	601.7	2976.9	522.8	2948.9	3	554	2986	3317	11.4422	1	mean	1127.666
IH	1	KIDS	465.4	2247.8	2842.5	59.7	133.1	505.5	1128.147	1128.124	1128.194	0.07	1	1	4	2	6	3			470.4	2260.0	464.4	2240.9	460.3	2195.1	455.9	2156.8	444.3	2123.5	4	459	2206	2830	1.1426	1	kids	1128.1567
UH	1	LOOK	597.8	1165.4	3064.3	122.8	60.1	635.3	1129.606	1129.589	1129.639	0.05	7	1	6	1	7	0			605.0	1142.8	595.2	1170.9	568.9	1205.9	523.2	1252.2	531.8	1220.0	5	622	1042	3007	7.1617	1	look	1129.5763
AE	1	BAGGED	543.7	2444.2	2848.7	183.3	113.9	154.1	1131.083	1131.03	1131.19	0.16	3	1	6	2	1	3			540.1	2268.6	547.9	2453.1	568.7	2502.8	577.8	2525.3	555.7	2516.2	4	582	2522	2911	3.1621	1	bagged	1131.1167
AO	1	SHORTS	553.6	935.9	1740.7	134.5	1310.1	650.1	1136.125	1136.075	1136.225	0.15	64	6	4	2	5	3			531.3	959.0	549.7	916.5	547.7	848.9	558.5	905.3	553.0	954.7	6	573	1003	1693	54.60053	1	shorts	1136.114
IH	1	IN	595.1	2120.9	2889.5	155.5	124.1	148.2	1137.793	1137.776	1137.826	0.05	1	4	4	2	0	0			588.1	2121.2	597.0	2120.0	610.5	2101.0	617.7	2052.7	617.6	2012.8	4	660	2143	2881	1.442	1	in	1137.7876
IY	1	SPEEDO	355.6	2398.0	3414.0	444.4	791.7	1895.6	1138.656	1138.606	1138.756	0.15	11	1	4	2	1	1			363.0	2657.7	351.6	2307.2	336.5	2129.0	346.9	2088.9	362.1	2415.2	4	373	2672	3809	11.14211	1	Speedo	1138.6461
AE	1	HAVE	559.1	2327.7	2673.3	243.1	170.3	169.8	1143.269	1143.245	1143.316	0.071	3	3	2	2	0	0			570.3	2372.9	557.7	2322.4	550.7	2266.6	541.2	2165.8	513.3	2000.4	5	571	2345	2679	3.322	1	have	1143.2642
AO	1	HALL	913.5	1117.4	2991.1	149.9	386.2	274.0	1143.599	1143.566	1143.665	0.099	53	5	4	2	0	0			933.2	1124.3	914.1	1115.5	902.5	1097.9	867.3	1055.9	826.2	1003.4	5	796	1037	2081	53.542	1	hall	1143.6263
EH	1	PRESENTABLE	687.4	1782.7	2667.5	152.2	127.2	1507.5	1150.629	1150.606	1150.676	0.07	2	4	4	2	3	5			629.5	1772.0	702.7	1786.0	767.7	1795.5	799.4	1782.4	776.3	1737.4	5	814	1792	2760	2.44235	1	(pre)sentable	1150.6495
IY	1	BE	405.5	2564.9	2744.3	382.2	393.5	646.6	1151.318	1151.265	1151.425	0.16	12	0	0	0	1	0													4	400	2471	2791	12.0001	1	be	1151.293
AA	1	STOPPED	882.4	1640.8	2554.4	105.3	167.9	98.9	1152.039	1151.975	1152.166	0.191	5	1	1	1	3	3			825.5	1612.5	886.1	1642.8	895.1	1628.7	915.1	1602.2	876.2	1545.4	5	965	1705	2611	5.1113	1	stopped	1152.0606
AO	1	TALKED	817.5	1211.2	2061.0	158.5	132.1	707.6	1152.546	1152.496	1152.646	0.15	53	1	6	1	3	3			825.8	1242.4	823.3	1209.2	860.5	1224.5	870.8	1213.5	907.5	1205.1	6	1011	1307	3164	53.1613	1	talked	1152.5565
UW	1	TO	455.1	1421.1	2414.3	186.1	256.9	237.0	1152.883	1152.876	1153.006	0.13	73	0	0	0	3	0			464.6	1278.2	539.3	1230.6	650.5	1469.8	606.5	1088.5	510.5	1257.1	5	442	1224	2402	73.0003	1	to	1152.9037
AY	1	TYPE	846.0	1756.1	2587.3	203.6	196.5	107.6	1154.921	1154.915	1155.014	0.099	47	1	1	1	3	0		m	789.1	1407.6	727.3	1334.8	670.1	1190.9	607.9	1246.8	463.6	1225.7	6	803	1757	2588	47.1113	1	type	1154.9307
EH	1	NEVER	837.1	1756.8	2586.5	117.9	146.5	229.5	1159.128	1159.098	1159.188	0.09	2	3	2	2	4	1			803.3	1864.6	840.0	1738.3	833.4	1614.0	793.8	1478.0	740.0	1340.9	5	846	1755	2591	2.32241	1	never	1159.1285
ER	1	HEARD	502.4	1177.2	1696.3	87.0	111.4	133.0	1159.394	1159.347	1159.487	0.14	94	1	4	2	0	0			497.8	1164.1	502.1	1179.7	491.9	1235.1	487.5	1334.8	480.0	1561.7	6	536	1226	1732	94.6	1	heard	1159.3893
EY	1	SAY	708.6	2117.7	3146.0	70.4	387.0	1301.3	1165.752	1165.718	1165.887	0.169	22	0	0	0	3	0			708.6	2117.7	653.0	2191.0	629.9	2389.4	553.6	2490.5	557.6	2377.8	5	701	2157	3683	22.0003	1	say	1165.7633
AH	1	MUCH	885.5	1139.3	2998.5	237.7	357.2	958.8	1166.695	1166.658	1166.768	0.11	6	2	5	1	2	0			861.2	1156.2	883.5	1142.4	822.3	1235.2	803.8	1300.7	744.4	1427.3	5	899	1109	3136	6.16123	1	much	1166.6956
AA	1	PROCTOR	893.7	1583.6	2201.6	113.2	283.3	309.4	1171.049	1171.019	1171.109	0.09	5	1	6	1	8	4			844.2	1474.3	899.3	1597.3	904.1	1627.1	947.1	1700.0	977.6	1765.2	6	862	1584	2271	5.16184	1	Proctor	1171.0701
AA	1	COT	968.6	1740.2	2625.2	160.8	150.8	634.5	1188.902	1188.815	1189.075	0.26	5	1	4	1	6	0			969.4	1792.4	971.0	1741.3	1045.7	1750.2	970.3	1713.9	997.1	1775.8	6	1076	1776	2799	5.141	1	cot	1188.9449
AO	1	CAUGHT	955.1	1176.6	2305.5	160.5	159.9	1102.8	1189.856	1189.783	1190.003	0.22	53	1	4	1	6	0			920.3	1171.4	961.6	1186.6	977.2	1243.0	982.2	1276.4	980.7	1370.0	6	969	1225	3076	53.141	1	caught	1189.8851
AA	1	DON	917.4	1882.8	2413.1	124.7	232.6	649.6	1197.09	1196.984	1197.303	0.319	5	4	4	2	3	0			880.8	1886.6	918.5	1897.3	916.0	1922.8	948.8	1879.1	935.4	1898.1	5	1015	1975	2982	5.4423	1	Don	1197.1664
AO	1	DAWN	924.7	1153.2	2830.9	148.3	158.9	223.9	1198.531	1198.444	1198.704	0.26	53	4	4	2	3	0			817.2	1060.0	930.2	1151.6	970.2	1164.6	903.6	1156.2	994.2	1252.9	6	827	1159	2905	53.4423	1	dawn	1198.5105
AA	1	FATHER	1053.6	1776.6	2962.4	209.0	181.1	695.7	1202.136	1202.049	1202.309	0.26	43	3	3	2	1	1			1053.9	1776.9	1057.1	1783.1	1054.2	1781.4	1033.6	1762.3	940.7	1680.2	4	1010	1726	2606	43.33111	1	father	1202.1706
AH	1	BROTHER	825.9	1285.3	2042.3	202.3	178.7	1142.0	1202.835	1202.795	1202.914	0.119	6	3	3	2	8	1			833.2	1273.4	821.5	1283.7	816.2	1268.3	794.1	1269.1	655.8	1255.5	6	868	1318	2550	6.33181	1	brother	1202.85
AA	1	FATHER	987.4	1650.9	1808.7	117.1	250.8	1987.2	1206.968	1206.905	1207.095	0.19	43	3	3	2	1	1			931.3	1560.5	990.0	1654.0	999.6	1643.2	1005.7	1594.7	930.3	1552.3	6	1019	1663	2704	43.33111	1	father	1207.0015
AA	1	BOTHER	981.5	1680.8	2785.3	134.3	181.1	719.9	1207.444	1207.374	1207.584	0.21	5	3	3	2	1	1			928.0	1706.3	985.1	1678.6	1013.5	1661.7	1006.4	1630.2	944.2	1596.1	4	1045	1687	2770	5.33111	1	bother	1207.4836
AA	1	FATHER	982.7	1737.7	2608.8	209.9	280.2	664.0	1208.883	1208.816	1209.016	0.2	43	3	3	2	1	1			937.7	1727.4	980.4	1735.6	968.9	1679.7	938.7	1616.9	819.1	1415.2	4	979	1693	2587	43.33111	1	father	1208.9049
AA	1	BOTHER	960.8	1673.5	2537.2	93.2	177.3	295.5	1209.315	1209.235	1209.475	0.24	5	3	3	2	1	1			894.2	1665.4	964.5	1673.2	963.2	1726.0	947.6	1731.9	849.7	1591.8	5	968	1717	2686	5.33111	1	bother	1209.3517
IH	1	NEARER	507.9	2561.8	2971.4	151.6	88.6	232.9	1213.64	1213.567	1213.787	0.22	14	6	4	2	4	1			498.4	2537.7	511.7	2558.2	527.9	2502.0	533.0	2217.0	545.6	1900.9	5	505	2564	2990	14.60041	1	nearer	1213.6363
IH	1	MIRROR	485.2	2518.8	2869.0	63.3	85.1	640.4	1214.3	1214.246	1214.407	0.161	14	6	4	2	2	1			480.2	2482.7	485.5	2518.6	483.9	2456.5	521.0	2261.5	595.0	1989.2	4	480	2478	3074	1.60021	1	mirror	1214.277
AY	1	RHYME	849.4	1693.2	2241.6	114.2	179.6	166.5	1215.323	1215.298	1215.489	0.191	41	4	1	2	7	0			847.2	1797.3	822.4	1991.4	738.6	2114.1	664.0	2330.8	673.4	2427.7	5	828	1917	2497	41.4127	1	rhyme	1215.3551
AA	1	FARM	976.1	1548.4	1923.0	153.9	226.0	1123.4	1237.242	1237.189	1237.349	0.16	44	6	4	2	1	3			911.5	1486.3	984.3	1563.6	1016.7	1658.5	989.9	1703.6	960.8	1713.4	6	1050	1641	2535	44.6001	1	farm	1237.2524
AH	1	DUSK	882.7	1530.5	2609.7	203.0	255.5	232.6	1238.052	1237.988	1238.179	0.191	6	3	4	1	3	3			757.2	1772.3	898.4	1513.5	960.2	1375.9	942.5	1302.4	921.3	1287.5	5	968	1362	2645	6.34133	1	dusk	1238.0846
AY	1	SIGHT	784.9	1348.8	1904.3	134.2	152.6	1089.4	1238.988	1238.918	1239.148	0.23	47	1	4	1	3	0		s	778.8	1329.3	781.4	1348.4	725.8	1159.6	559.1	1450.6	442.3	1451.4	6	835	1373	2513	47.1413	1	sight	1238.9781
AA	1	SOCKS	1022.8	1762.4	2589.0	242.0	243.4	623.7	1239.56	1239.497	1239.687	0.19	5	1	6	1	3	3			873.8	1735.4	1037.7	1766.1	1088.9	1774.0	1087.4	1802.6	1065.5	1803.4	5	1084	1762	2735	5.1613	1	socks	1239.5875
EH	1	ELEMENTARY	755.2	1850.2	2154.0	220.1	189.9	1625.9	1240.26	1240.237	1240.307	0.07	2	4	4	2	2	5			767.1	1817.3	753.8	1849.9	744.2	1703.0	733.0	1690.2	706.0	1807.6	5	765	1803	2414	2.44225	1	(ele)mentary	1240.2467
AY	1	HIGHSCHOOL	973.4	1722.6	2374.9	193.5	296.5	360.9	1241.043	1241.041	1241.181	0.14	47	3	4	1	0	4		s	896.8	1273.7	817.2	1171.0	652.1	1411.2	529.4	1800.2	442.8	1922.0	6	937	1716	2302	47.34201	1	highschool	1241.0536
OW	1	BOAT	562.2	970.3	2486.4	65.5	72.7	2282.3	1241.779	1241.76	1242.001	0.241	62	1	4	1	1	0			576.5	922.2	544.4	841.3	529.5	737.6	482.9	750.2	461.2	756.9	6	539	834	2260	62.1411	1	boat	1241.8469
AY	1	SLIDER	945.6	1572.7	2650.7	202.0	167.2	151.0	1242.425	1242.37	1242.58	0.21	41	1	4	2	8	1			917.5	1428.3	902.9	1760.8	734.4	1989.8	590.8	1873.9	465.1	2127.7	5	951	1636	2659	41.14281	1	slider	1242.431
AY	1	TIGER	836.5	1491.3	2296.1	446.4	391.5	223.8	1244.026	1244.017	1244.167	0.15	41	1	6	2	3	1			812.9	1455.5	785.5	1498.8	732.9	1703.9	633.0	1945.4	530.8	2152.7	5	799	1466	2253	41.25231	1	tiger	1244.0608
ER	1	BURN	619.8	1170.0	1543.0	148.1	149.0	384.8	1245.137	1245.037	1245.338	0.301	94	4	4	2	1	0			562.7	1197.9	619.9	1155.4	731.7	1162.1	682.1	1236.7	606.5	1345.8	6	634	1152	1536	94.6001	1	burn	1245.1505
AY	1	WRITING	717.6	1603.0	2141.7	130.1	178.6	141.5	1246.433	1246.42	1246.57	0.15	47	1	4	1	7	1			695.7	1869.9	613.1	2120.9	505.2	2361.9	453.5	2494.3	411.5	2364.9	5	718	1484	2073	47.1417	1	writing	1246.4262
OW	1	GO	606.4	1167.8	2672.8	53.6	47.0	298.5	1247.024	1246.989	1247.329	0.34	63	0	0	0	6	0			633.7	1119.6	601.4	1002.6	546.8	938.6	467.2	920.8	462.1	1048.5	5	628	1138	2730	62.0006	1	go	1247.0471
AO	1	STALKS	829.4	1249.9	2407.8	162.1	170.6	130.0	1247.666	1247.599	1247.8	0.201	53	1	6	1	3	3			793.1	1305.8	834.6	1247.5	843.1	1239.4	831.2	1265.3	767.2	1232.7	5	855	1242	2449	53.1613	1	stalks	1247.689
AY	1	WIDE	916.6	1700.7	2378.9	190.9	143.3	237.0	1248.288	1248.229	1248.51	0.281	41	1	4	2	9	0			915.3	1684.5	865.3	1908.9	752.3	2066.4	564.1	2460.3	449.1	1831.1	5	910	1643	2345	41.1429	1	wide	1248.2774
IH	2	INVENTORY	488.2	2321.1	3010.6	173.1	137.4	357.9	1248.62	1248.59	1248.68	0.09	1	4	4	2	0	5			489.2	2291.5	490.3	2315.1	475.8	2272.0	475.1	2224.4	501.7	2174.0	4	525	2242	2984	1.44205	1	inventory	1248.6553
ER	1	FIRM	636.1	1153.5	1750.3	254.1	109.3	922.5	1249.5	1249.42	1249.66	0.24	94	4	1	2	1	0			561.0	1130.5	631.3	1149.0	594.7	1080.3	515.2	1126.1	583.5	1234.1	6	537	1124	1537	94.6001	1	firm	1249.4644
AY	1	SPIDER	879.1	1527.3	2401.6	186.8	159.6	1512.5	1250.821	1250.766	1250.976	0.21	41	1	4	2	1	1			830.5	1354.1	801.4	1752.5	603.6	2079.9	459.6	2303.2	415.4	2385.2	5	898	1533	2515	41.14211	1	spider	1250.8223
EH	1	DESK	738.3	1791.4	2593.8	135.0	159.5	195.6	1251.346	1251.286	1251.467	0.181	2	3	4	1	3	3			675.1	1917.2	744.1	1781.5	823.7	1772.5	824.5	1730.1	762.8	1746.7	4	854	1780	2606	2.34133	1	desk	1251.3777
AH	1	STUCK	872.3	1447.2	2149.4	316.7	378.7	268.0	1257.729	1257.679	1257.829	0.15	6	1	6	1	3	0			824.7	1538.1	877.4	1433.7	907.1	1424.5	834.1	1378.2	439.5	1240.4	6	778	1251	2083	6.1613	1	stuck	1257.7281
EH	1	RUDIMENTARY	729.7	1884.0	2860.4	173.9	73.9	208.2	1263.784	1263.761	1263.831	0.07	2	4	4	2	2	5			748.1	1865.8	725.8	1887.0	706.9	1901.4	688.4	1919.4	665.2	1942.2	4	758	1854	2792	2.44225	1	(rudi)mentary	1263.8017
AH	1	W	679.4	1569.2	2308.8	142.6	242.1	872.3	1267.766	1267.739	1267.819	0.08	6	1	1	2	3	2			676.2	1642.8	678.3	1563.5	660.3	1509.0	601.8	1468.5	519.5	1403.8	6	681	1552	2443	6.11232	1	W	1267.7694
AY	1	WHITE	739.1	1340.9	2758.4	116.8	154.5	1145.0	1268.346	1268.338	1268.468	0.13	47	1	4	1	9	0			704.7	1759.5	573.2	2039.6	487.1	2334.0	416.6	2583.4	367.2	1980.6	5	728	1273	2822	47.1419	1	white	1268.3464
EY	1	CRAYON	615.4	2258.5	2724.7	134.1	128.5	195.9	1269.432	1269.42	1269.58	0.16	21	0	0	0	8	1			585.1	2418.6	526.7	2468.1	495.3	2523.9	500.5	2522.5	546.5	2434.1	4	529	2472	3004	21.4428	1	crayon	1269.475
EY	1	GRAHAM	554.4	2355.2	2814.0	223.1	100.2	185.9	1270.89	1270.868	1270.968	0.1	21	0	0	0	8	1			553.8	2343.6	536.1	2419.4	517.9	2466.7	497.0	2518.9	484.9	2440.1	4	518	2446	2956	22.00081	1	graham	1270.9108
AE	1	CRACKER	601.7	2483.2	4662.3	405.8	94.9	1690.0	1271.257	1271.217	1271.337	0.12	3	1	6	1	8	1			587.1	2485.5	602.7	2483.9	593.0	2502.4	561.4	2496.5	598.9	2427.6	3	564	2310	2737	3.16181	1	cracker	1271.2526
EH	1	MARY	550.3	2432.2	2875.1	139.7	136.2	141.5	1271.811	1271.758	1271.917	0.159	2	6	4	2	2	1			536.0	2545.0	553.1	2416.6	582.3	2260.4	593.1	2216.3	571.4	1685.4	5	483	2564	2821	24.60021	1	Mary	1271.7841
AY	1	MINER	877.4	1740.6	2607.2	208.9	160.1	328.6	1272.44	1272.407	1272.607	0.2	41	4	4	2	2	1			873.7	1730.3	873.3	1848.6	822.7	2087.5	724.6	2343.7	584.6	1616.0	5	836	1704	2719	41.44221	1	miner	1272.4526
EY	1	VAGUE	451.3	2188.4	2661.5	44.9	173.0	1042.3	1273.699	1273.662	1273.952	0.29	21	1	6	2	1	0			448.2	1855.0	448.1	2259.9	440.1	2050.3	422.5	1745.5	405.6	1372.4	6	443	2258	2910	21.16211	1	vague	1273.7651
AH	1	SUCKS	812.6	1369.1	2494.3	191.2	184.3	189.4	1275.061	1275.021	1275.141	0.12	6	1	6	1	3	3			773.3	1447.0	815.5	1359.9	850.8	1302.2	875.1	1277.4	882.4	1251.2	5	880	1291	2585	6.1613	1	sucks	1275.0921
AY	1	SIDE	856.3	1746.5	2480.8	139.3	262.6	509.4	1275.687	1275.582	1275.892	0.31	41	1	4	2	3	0			823.9	1662.6	854.6	1753.8	750.2	2018.1	628.2	2114.4	447.9	1962.8	5	865	1741	2443	41.1423	1	side	1275.6826
AO	1	HORSE	484.5	784.4	2124.1	81.9	103.5	217.8	1276.185	1276.132	1276.292	0.16	64	6	4	2	0	3			484.9	770.2	487.6	794.9	509.0	889.9	528.9	943.8	552.7	1024.0	6	560	779	2236	54.6	1	horse	1276.1882
AA	1	BARN	795.8	1497.6	2338.4	120.3	302.2	264.0	1276.719	1276.682	1276.792	0.11	44	6	4	2	1	3			736.7	1496.0	799.3	1497.6	840.9	1484.5	861.2	1481.5	876.3	1551.8	5	885	1580	2367	44.6001	1	barn	1276.781
AA	1	PA	842.6	1645.9	2451.0	209.0	206.8	319.3	1282.265	1282.218	1282.359	0.141	43	0	0	0	1	0			843.8	1682.3	841.0	1649.7	854.4	1662.9	899.3	1694.1	942.8	1701.4	5	947	1834	2481	43.0001	1	pa	1282.3137
AY	1	MINOR	906.8	1799.3	2589.2	144.7	523.9	115.4	1282.768	1282.718	1282.929	0.211	41	4	4	2	2	1			904.6	1775.6	885.9	1880.2	771.5	1701.4	624.1	2439.6	575.8	2520.1	5	860	1516	2555	41.44221	1	minor	1282.7572
EH	1	SEDIMENTARY	629.8	1872.5	2845.2	389.2	78.9	232.2	1284.653	1284.623	1284.712	0.089	2	4	4	2	2	5			630.8	1849.9	628.8	1873.5	604.2	1891.9	592.5	1908.1	548.1	1923.6	4	652	1868	2841	2.44225	1	(sedi)mentary	1284.6661
AE	1	SACKS	542.8	2342.7	4284.2	120.7	129.0	992.6	1285.575	1285.502	1285.722	0.22	3	1	6	1	3	3			572.3	2320.0	541.3	2337.4	591.9	2392.9	706.4	2415.5	868.3	2440.1	3	544	2153	2535	3.1613	1	sacks	1285.5423
AY	1	RIDING	758.6	1738.7	2548.6	157.3	336.1	576.6	1286.2	1286.172	1286.353	0.181	41	1	4	2	7	1			747.6	1799.4	681.7	1579.7	576.9	2349.5	487.2	2045.0	412.3	1553.5	5	760	1644	2474	41.1427	1	riding	1286.1913
OW	1	NO	693.1	1200.8	2676.8	287.9	252.5	546.3	1286.7	1286.653	1286.973	0.32	63	0	0	0	4	0			693.1	1200.8	687.3	846.1	671.2	721.2	597.0	777.5	592.5	1062.7	5	691	1270	2590	62.0004	1	no	1286.7077
AE	1	BAG	512.5	2386.9	2895.1	71.3	97.0	264.2	1287.18	1287.093	1287.353	0.26	3	1	6	2	1	0			511.4	2373.6	513.4	2388.2	511.8	2401.0	512.8	2403.2	509.1	2390.3	4	509	2378	2852	3.1621	1	bag	1287.1858
AY	1	TIED	856.4	1734.2	2408.2	190.0	221.6	278.9	1287.912	1287.829	1288.119	0.29	41	1	4	2	3	0			841.1	1689.9	837.9	1786.8	737.4	2086.8	565.1	2332.3	435.8	1755.6	5	838	1683	2369	41.0023	1	tied	1287.8796
EH	1	SEX	769.7	1636.3	2387.9	133.8	272.7	461.7	1288.548	1288.508	1288.628	0.12	2	1	6	1	3	3			718.7	1646.1	773.5	1641.8	813.3	1688.3	835.4	1717.5	834.0	1791.5	5	842	1684	2337	2.16133	1	sex	1288.574
OW	1	HOME	639.0	1013.6	2407.3	1050.6	345.4	860.5	1289.105	1289.098	1289.229	0.131	62	4	1	2	0	0			658.9	996.8	698.1	989.2	664.7	1875.0	658.8	2291.4	658.3	2262.2	5	839	1221	2365	62.412	1	home	1289.1142
