vowel	stress	word	F1	F2	F3	B1	B2	B3	t	beg	end	dur	cd	fm	fp	fv	ps	fs	style	glide	F1@20%	F2@20%	F1@35%	F2@35%	F1@50%	F2@50%	F1@65%	F2@65%	F1@80%	F2@80%	nFormants	F1_man	F2_man	F3_man	plt_code	plt_stress	plt_word	t_man
AY	1	NINETEEN	724.0	2068.2	2535.7	124.9	108.3	2301.5	25.824	25.818	25.877	0.059	41	4	4	2	4	4		s	715.0	2088.4	693.4	2132.7	673.0	2192.2	649.8	2185.5	625.1	2162.6	5	740	2063	3260	41.44241	1	nineteen	25.8175
AO	1	BORN	675.1	936.5	2899.5	227.4	271.0	473.9	31.747	31.704	31.834	0.13	64	6	4	2	1	3			611.1	946.4	677.7	938.5	694.3	1016.5	685.3	1151.1	694.5	1321.2	6	663	934	2927	54.6001	1	born	31.7403
AO	1	NORTH	701.3	1536.5	2290.6	56.3	179.9	243.9	32.327	32.304	32.374	0.07	64	6	4	2	4	3			698.7	1522.2	701.6	1544.3	702.2	1598.3	698.7	1651.3	687.6	1674.1	6	700	1517	2352	54.6004	1	north	32.3193
AY	1	CAROLINA	710.5	1682.7	1817.2	155.6	302.2	358.5	32.766	32.734	32.844	0.11	41	4	4	2	7	1		m	701.5	1614.8	710.0	1692.9	690.3	1652.3	669.3	1626.4	643.5	1519.3	6	818	1710	3325	41.44271	1	(Caro)lina	32.7612
AE	1	JACKSONVILLE	690.0	2019.0	3013.8	109.4	134.4	553.5	33.3	33.276	33.347	0.071	3	1	6	1	5	5			661.5	2016.0	693.5	2021.0	731.3	2046.6	754.9	2072.1	708.9	2089.5	5	636	2056	3139	3.16155	1	Jacksonville	33.2759
AO	1	NORTH	638.9	1436.4	2493.8	80.0	82.0	555.4	33.739	33.716	33.786	0.07	64	6	4	2	4	3			634.0	1418.7	640.4	1440.3	644.9	1466.5	644.0	1503.7	633.9	1546.7	5	634	1420	2584	54.6004	1	north	33.7319
AY	1	CAROLINA	724.1	1867.6	2114.2	237.0	116.5	2136.8	34.132	34.106	34.256	0.15	41	4	4	2	7	1		s	676.4	1557.3	702.9	1760.0	716.1	1911.2	682.6	2010.2	634.8	2084.9	5	761	1825	3203	41.44271	1	(Caro)lina	34.166
EY	1	CAME	605.4	2813.0	3263.8	152.3	161.5	207.7	34.937	34.905	34.975	0.07	21	4	1	2	6	0			584.9	2808.6	600.8	2811.8	604.8	2812.1	592.1	2796.2	579.2	2717.1	4	632	2797	3348	21.412	1	came	34.8995
IH	1	HERE	606.3	2525.6	3067.2	139.7	167.3	1085.1	35.231	35.144	35.404	0.26	14	6	4	2	0	0			594.1	2620.3	613.0	2499.7	646.9	2167.1	656.5	2043.9	660.3	1913.2	5	600	2645	3217	14.6	1	here	35.1869
UW	1	TWO	528.9	1741.0	2619.3	121.7	173.1	1088.8	41.257	41.25	41.341	0.091	73	0	0	0	3	0			531.7	1666.7	546.7	1524.3	565.8	1346.9	584.1	1161.6	587.8	950.6	6	545	1528	2532	73.0003	1	two	41.2834
IY	1	THREE	640.7	2247.6	2700.6	211.9	151.4	288.0	41.67	41.65	41.71	0.06	12	0	0	0	8	0			627.6	2183.4	642.8	2255.2	661.8	2309.0	672.7	2339.7	672.2	2342.1	5	654	2365	3035	12.0008	1	three	41.711
IH	1	LIVE	607.7	1595.5	2433.4	102.9	90.9	1007.1	45.373	45.356	45.406	0.05	1	3	2	2	7	0			616.2	1600.9	607.7	1595.5	590.6	1573.6	576.6	1556.5	564.2	1548.5	6	641	1611	3340	1.3227	1	live	45.348
IY	1	EAST	530.6	2731.8	3229.5	143.4	151.4	278.2	45.582	45.555	45.635	0.08	11	3	4	1	0	3			559.7	2689.3	527.1	2733.7	486.8	2669.9	461.9	2426.7	451.4	2202.7	5	509	2732	3240	11.34103	1	east	45.5861
EY	1	SAME	610.6	2154.3	2430.6	47.3	143.3	1658.9	46.71	46.665	46.785	0.12	21	4	1	2	3	0			580.4	2023.7	610.1	2138.6	605.7	2255.3	598.8	2221.2	596.1	2100.4	6	613	2219	2805	21.4123	1	same	46.7193
AA	1	PART	846.1	1576.6	2311.8	85.8	292.6	416.4	46.935	46.915	46.976	0.061	44	6	4	2	1	3			836.4	1590.7	847.0	1574.8	840.4	1577.1	820.7	1633.5	803.3	1668.9	6	860	1657	2300	44.6001	1	part	46.9488
IY	1	EAST	571.2	2591.5	3295.5	285.6	193.8	500.6	47.226	47.196	47.286	0.09	11	3	4	1	0	3			562.2	2484.9	570.4	2595.3	539.8	2599.3	486.6	2563.8	425.6	2496.9	4	579	2523	2947	11.34103	1	east	47.2298
AY	1	I	804.7	1648.3	2729.3	98.7	543.7	397.1	48.076	48.086	48.226	0.14	41	0	0	0	0	0			786.5	1711.7	788.4	1788.3	739.4	1947.8	641.6	2099.2	588.3	2292.8	5	798	1744	2995	41.0006	1	I	48.125
EY	1	CAME	625.5	2783.1	3357.5	155.8	259.0	839.7	48.369	48.326	48.416	0.09	21	4	1	2	6	0			596.0	2766.4	625.0	2779.5	621.6	2650.7	618.8	2631.9	613.6	2689.7	5	628	2793	3407	21.412	1	came	48.3588
OW	1	OVER	677.4	1026.5	2649.8	56.8	109.5	506.3	50.035	49.996	50.126	0.13	62	3	2	2	0	1			727.0	1108.7	677.1	1016.5	632.3	1039.1	591.5	1056.9	586.3	1033.1	6	595	1071	2909	62.32201	1	over	50.0818
AH	1	CULVER	791.1	1266.1	2395.9	160.0	96.8	1071.9	51.786	51.752	51.853	0.101	6	5	4	2	6	4			800.6	1298.1	792.3	1264.1	799.2	1250.8	782.9	1248.2	750.2	1238.6	6	827	1302	2848	6.54204	1	Culver	51.7791
AE	1	AVE	690.3	1897.9	2404.0	75.4	158.1	353.7	52.053	52.003	52.153	0.15	3	3	2	2	0	2			654.2	1854.8	692.4	1901.7	730.6	1975.2	762.1	2007.9	777.2	1967.4	5	759	2006	2828	3.322	1	Ave	52.0995
AA	1	PROCTOR	872.7	1668.4	2572.2	57.3	192.5	377.1	60.128	60.101	60.181	0.08	5	1	6	1	8	4			855.9	1674.7	872.7	1668.7	871.3	1693.9	866.1	1716.7	869.1	1700.8	5	874	1687	2596	5.16184	1	Proctor	60.14
IH	1	STILL	748.4	1641.2	3308.6	68.3	205.3	821.9	60.623	60.59	60.69	0.1	1	5	4	2	3	0			738.4	1678.2	750.0	1632.8	751.9	1541.9	751.2	1441.7	704.8	1338.3	5	737	1673	3407	1.5423	1	still	60.614
AE	1	GRADUATE	681.5	1991.0	2828.7	121.0	210.4	289.1	61.111	61.078	61.178	0.1	3	2	5	2	8	2			666.4	2006.5	683.0	1989.6	677.1	1980.8	640.2	1991.2	609.7	2013.3	5	689	1982	2892	3.25281	1	graduate	61.1231
ER	1	NURSING	643.5	1736.8	2234.3	73.8	214.7	284.1	69.942	69.908	70.009	0.101	94	3	4	1	4	1			648.8	1757.5	642.9	1735.9	632.3	1687.6	597.8	1304.3	523.0	1553.2	6	656	1815	2278	94.6004	1	nursing	69.955
IY	1	EITHER	599.5	2739.0	3205.2	466.4	305.4	313.8	72.689	72.659	72.749	0.09	11	3	3	2	0	1			667.7	2846.5	592.7	2726.1	552.7	2599.9	505.2	2374.0	440.9	2077.6	4	573	2702	3223	11.33101	1	either	72.6912
IY	0	BE	490.1	2628.5	3019.7	286.4	544.7	567.1	73.101	73.078	73.148	0.07	12	0	0	0	1	0			498.3	2486.4	487.4	2631.3	464.1	2664.2	457.2	2674.4	483.7	2636.3	5	448	2683	3126	12.0001	1	be	73.1231
IY	2	NEONATAL	504.1	2789.9	3190.8	108.7	97.6	1148.3	73.339	73.299	73.419	0.12	11	0	0	0	4	2			492.9	2516.4	504.0	2791.3	500.3	2384.7	513.0	2078.0	560.2	2079.0	6	474	2758	3225	11.44242	1	neonatal	73.314
EY	1	NEONATAL	658.2	2205.4	3064.8	128.1	233.0	584.9	73.599	73.579	73.688	0.109	21	1	4	1	4	1			657.7	2223.7	626.6	2353.5	588.9	2469.6	566.2	2529.8	539.9	2444.3	5	653	2164	3166	21.14141	1	(neo)natal	73.5907
ER	1	NURSE	718.2	1804.0	2452.5	106.1	132.3	297.2	73.995	73.948	74.089	0.141	94	3	4	1	4	0			710.5	1816.4	718.0	1804.2	706.9	1794.0	674.3	1789.1	591.7	1884.8	5	705	1821	2514	94.6004	1	nurse	73.9724
IY	2	PEDIATRIC	458.5	2445.2	2929.7	233.9	981.1	502.2	74.559	74.539	74.599	0.06	11	1	4	2	1	2			480.8	2627.0	455.1	2420.2	421.7	2206.3	406.0	2072.3	419.2	1987.0	5	464	2732	3240	11.14212	1	pediatric	74.563
AE	1	PEDIATRIC	706.7	2212.1	3083.5	157.9	338.0	313.6	74.742	74.709	74.809	0.1	3	1	4	1	0	1			654.3	2301.5	713.7	2200.6	735.1	2103.7	738.9	2036.5	717.6	2017.7	4	726	2038	2694	3.14104	1	(pedi)atric	74.7647
AA	1	SORRY	719.6	1635.0	2882.5	101.0	214.7	1164.5	79.912	79.875	79.985	0.11	44	6	4	2	3	1			690.8	1601.6	724.7	1639.4	749.4	1672.0	748.7	1684.9	738.2	1685.7	6	710	1639	3044	5.60031	1	sorry	79.9102
AO	1	BORN	668.2	967.1	2642.9	119.6	175.4	544.2	88.368	88.315	88.474	0.159	64	6	4	2	1	3			604.2	937.6	672.3	972.9	675.0	1020.3	668.9	1132.9	662.1	1297.0	6	681	984	2647	54.6001	1	born	88.3805
AA	1	HARTFORD	792.6	1633.7	2037.1	94.5	200.7	2030.5	88.971	88.944	89.024	0.08	44	6	4	2	0	4			836.8	1595.6	789.4	1637.3	760.6	1686.7	735.7	1602.2	703.6	1525.4	6	914	1556	2253	44.60004	1	Hartford	88.9424
AE	1	DAD	598.8	2307.7	3362.6	48.1	116.8	394.5	90.317	90.277	90.397	0.12	3	1	4	2	3	0			559.8	2350.0	602.8	2301.7	666.8	2246.9	731.1	2141.1	756.6	2005.8	4	592	2325	3245	3.1423	1	dad	90.3094
AO	1	BORN	590.9	1009.1	2461.4	75.4	145.3	211.2	90.657	90.627	90.717	0.09	64	6	4	2	1	3			589.3	1034.6	596.0	1019.9	632.3	1102.6	656.0	1167.9	676.2	1251.5	5	685	1232	2358	54.6001	1	born	90.6976
AE	1	DAD	648.4	2292.9	3354.0	81.5	175.4	248.7	94.876	94.819	94.989	0.17	3	1	4	2	3	0			606.1	2340.1	651.5	2280.3	705.8	2098.6	735.8	1891.6	681.7	1681.9	4	617	2311	3087	3.1423	1	dad	94.8587
IY	1	MARINES	555.1	2259.5	2451.6	57.7	116.9	1065.0	95.568	95.528	95.648	0.12	11	4	4	2	7	3			561.9	2117.8	555.3	2278.4	573.2	2153.4	571.3	2368.2	558.4	2719.3	5	548	2755	3374	11.4427	1	(ma)rines	95.6167
AY	1	MY	1095.1	1739.5	3186.0	223.6	137.8	420.3	101.957	101.916	102.355	0.439	41	0	0	0	2	0			1056.5	1793.0	793.8	2079.6	684.4	2415.6	566.2	2587.3	476.2	2696.1	4	1091	1748	3057	41.0002	1	my	101.9641
AO	1	BORN	689.6	949.9	2588.4	61.4	77.7	229.8	104.952	104.912	105.032	0.12	64	6	4	2	1	3			654.2	925.3	692.1	954.5	715.2	996.7	724.4	1094.0	719.5	1213.2	6	717	990	2576	54.6001	1	born	104.9705
IY	1	BELIEVE	461.4	2241.8	3406.8	118.1	179.5	297.4	108.193	108.16	108.26	0.1	11	3	2	2	7	0			490.3	2078.2	457.7	2260.0	436.6	2372.4	428.2	2499.2	452.6	2495.7	4	427	2321	3102	11.3227	1	(be)lieve	108.2172
EY	1	CAPE	563.9	2703.5	3723.9	259.2	390.8	914.7	108.402	108.389	108.509	0.12	21	1	1	1	6	0			558.7	2652.0	540.0	2666.3	496.6	2691.1	487.4	2527.4	593.4	2402.7	4	530	2570	3149	21.111	1	cape	108.4338
AA	1	COD	949.6	1839.6	2864.6	128.4	163.9	547.0	108.699	108.619	108.859	0.24	5	1	4	2	6	0			949.5	1904.2	949.6	1832.2	981.6	1833.6	944.0	1816.6	842.6	1787.1	4	966	1805	2780	5.142	1	cod	108.7341
AE	1	GRANDMOTHER	648.6	1811.7	2267.7	92.0	196.3	733.7	110.457	110.414	110.543	0.129	39	4	1	2	8	2			638.4	1793.0	650.3	1815.0	653.7	1718.6	645.2	1494.9	655.0	1466.2	6	660	1945	2472	3.44285	1	grandmother	110.4957
AH	2	GRANDMOTHER	679.9	1281.6	2612.4	127.3	110.9	860.1	110.664	110.644	110.703	0.059	6	3	3	2	2	1			673.6	1269.9	680.4	1283.4	677.0	1294.8	649.8	1298.3	613.0	1338.5	5	667	1262	2559	6.33121	1	(grand)mother	110.651
AO	1	BORN	615.4	1030.0	2686.5	91.3	180.7	203.2	111.167	111.113	111.274	0.161	64	6	4	2	1	3			614.1	1008.2	615.4	1033.4	635.4	1115.7	659.4	1172.1	697.1	1219.6	5	615	1041	2670	54.6001	1	born	111.1743
AW	1	SOUTH	918.5	1668.6	3045.7	88.5	173.8	311.4	113.174	113.143	113.292	0.149	42	3	3	1	3	0			917.5	1674.1	946.2	1566.3	940.9	1520.5	883.4	1505.9	784.3	1386.6	5	962	1529	2860	42.3313	1	south	113.2083
AE	1	AND	634.8	2706.9	3403.7	165.0	170.6	550.1	115.852	115.716	116.125	0.409	3	4	4	2	0	3			712.9	2883.7	634.4	2676.3	670.1	1720.5	866.0	1885.0	723.0	1919.1	5	775	2958	3485	3.44203	1	and	115.7536
AY	1	MY	1034.5	1749.3	2674.7	302.8	149.5	3082.0	117.498	117.427	117.787	0.36	41	0	0	0	2	0			1034.5	1753.3	950.2	1993.8	724.3	2261.4	579.6	2584.2	524.5	2699.6	5	1033	1670	2932	41.0002	1	my	117.4638
AH	1	OTHER	907.2	1450.5	2861.1	80.8	113.7	350.2	118.761	118.721	118.841	0.12	6	3	3	2	0	1			899.8	1506.8	908.9	1455.6	868.1	1492.9	768.2	1503.4	702.3	1511.8	5	888	1511	2880	6.33101	1	other	118.7772
OW	1	BOTH	654.3	1103.1	2582.9	85.4	86.7	273.0	120.512	120.493	120.594	0.101	62	3	3	1	1	0			648.2	1101.8	686.6	1106.2	687.7	1099.7	652.3	1078.0	611.2	1072.1	6	683	1104	2801	62.3311	1	both	120.526
AO	1	MALL	959.4	1285.0	2640.9	213.8	235.2	1288.3	143.327	143.254	143.473	0.219	53	5	4	2	2	0			994.8	1185.8	960.0	1287.9	991.8	1284.9	980.4	1239.9	905.8	1164.8	6	1019	1329	3346	53.5422	1	mall	143.3713
OW	1	GO	596.9	992.1	2704.1	147.6	132.5	658.3	144.608	144.583	144.733	0.15	63	0	0	0	6	0			600.8	979.4	608.3	975.7	589.4	993.0	535.1	1001.8	509.9	1092.1	6	601	992	3081	62.0006	1	go	144.6483
EH	1	THERE	764.3	2074.8	3537.5	311.9	192.1	797.7	144.933	144.803	145.192	0.389	24	6	4	2	3	0			716.5	2158.2	766.0	2063.8	728.8	1950.3	680.1	1928.8	617.5	1963.7	4	692	2105	3172	24.6003	1	there	144.8584
AH	1	COUPLE	818.2	1282.7	1664.1	206.2	128.1	1200.3	146.095	146.078	146.128	0.05	6	1	1	1	6	1			828.8	1266.7	818.2	1282.7	798.7	1262.3	773.7	1243.5	735.4	1221.9	6	899	1326	2815	6.11101	1	couple	146.1011
EY	1	MAYBE	599.2	2407.7	3080.5	118.9	213.8	402.2	147.859	147.83	147.93	0.1	21	1	1	2	2	1			589.4	2359.9	592.1	2409.6	552.7	2397.9	518.8	2302.7	528.4	2077.5	5	603	2416	3092	21.1122	1	maybe	147.8584
AH	1	MONTH	983.2	1330.0	2436.6	293.4	175.0	876.1	148.496	148.459	148.569	0.11	6	4	4	2	2	3			956.4	1251.6	985.4	1342.5	957.2	1420.7	837.0	1446.3	695.1	1467.1	6	984	1358	2474	6.44223	1	month	148.5027
AE	1	HAVE	814.5	2094.1	3130.7	37.3	160.2	340.8	149.209	149.179	149.269	0.09	3	3	2	2	0	0			810.3	2154.5	814.8	2087.1	815.9	1952.9	813.0	1833.7	807.0	1737.3	4	802	2108	3005	3.322	1	have	149.1912
AH	1	CLUB	796.6	1328.0	1950.1	40.4	118.1	2587.6	149.573	149.549	149.62	0.071	6	1	1	2	8	0			799.5	1310.9	796.0	1328.6	786.5	1324.7	760.1	1308.0	688.9	1260.3	6	808	1333	3133	6.1128	1	club	149.5622
IY	1	ME	620.2	2503.4	3175.4	134.2	312.8	318.1	150.073	150.049	150.12	0.071	12	0	0	0	2	0			628.8	2386.4	619.3	2510.2	617.1	2537.1	614.9	2500.6	616.1	2447.8	5	618	2576	3218	12.0002	1	me	150.0778
EH	1	FRIENDS	830.7	1620.7	2543.0	257.7	162.8	1333.2	150.47	150.45	150.51	0.06	2	4	4	2	8	3			818.8	1608.6	831.7	1622.7	832.0	1636.0	811.4	1642.9	778.4	1633.8	5	848	1637	2731	2.44283	1	friends	150.4788
OW	1	GO	593.9	1213.2	2190.8	83.7	117.6	474.9	150.755	150.74	150.86	0.12	63	0	0	0	6	0			595.7	1155.6	591.6	1064.7	576.0	1036.2	564.0	1080.4	559.5	1158.3	6	657	1082	2539	62.0006	1	go	150.7898
OW	1	SO	796.8	1454.7	3337.3	153.4	162.0	177.1	151.311	151.28	151.45	0.17	63	0	0	0	3	0			786.0	1487.5	839.7	1387.1	891.1	1233.4	866.1	1248.1	830.0	2914.7	4	756	1489	3056	62.0003	1	so	151.3075
EH	1	NEVER	856.2	1680.8	2743.3	226.1	194.9	1059.3	156.001	155.975	156.054	0.079	2	3	2	2	4	1			794.1	1704.5	863.4	1676.6	860.5	1651.2	832.3	1635.0	788.1	1613.9	5	881	1664	2801	2.32241	1	never	156.0091
AA	1	ROCHESTER	876.0	1629.3	3142.3	114.4	159.5	1230.0	156.491	156.445	156.584	0.139	5	2	5	1	7	2			835.7	1639.6	878.5	1633.0	860.2	1679.6	822.6	1735.3	758.7	1817.4	4	865	1596	2547	5.16175	1	Rochester	156.5003
AA	1	SHOPPING	939.9	1727.3	3173.2	108.1	160.4	280.2	164.549	164.502	164.642	0.14	5	1	1	1	5	1			848.4	1782.1	946.8	1723.2	987.8	1666.6	997.7	1621.8	933.6	1574.0	4	951	1654	3061	5.1115	1	shopping	164.56
EH	1	FRIEND	803.3	1792.1	3254.0	202.9	299.0	425.7	168.812	168.795	168.846	0.051	2	4	4	2	8	3			812.6	1813.9	800.8	1786.3	784.0	1757.3	766.2	1756.6	751.6	1765.5	4	741	1658	2737	2.44283	1	friend	168.822
AO	1	LAUREN	658.4	1012.8	2762.0	103.8	199.1	343.9	169.078	169.035	169.165	0.13	64	6	4	2	7	1			659.7	981.1	659.2	1020.3	670.0	1077.7	677.2	1175.8	682.1	1260.6	5	659	1001	2795	54.60071	1	Lauren	169.0737
AH	1	BROTHER	804.5	1542.1	2993.6	47.3	147.5	518.5	169.812	169.786	169.865	0.079	6	3	3	2	8	1			796.3	1534.6	804.7	1543.2	799.3	1552.0	785.2	1564.0	743.7	1570.8	5	802	1543	2827	6.33181	1	brother	169.803
AE	1	HAD	762.3	2095.4	3398.5	90.0	153.4	331.0	170.098	170.075	170.145	0.07	3	1	4	2	0	0			755.9	2097.0	762.8	2093.9	756.3	2063.7	732.1	1996.7	686.8	1926.2	4	767	2107	3419	3.142	1	had	170.0968
AA	1	HOCKEY	997.1	1640.9	1745.0	110.8	334.6	658.1	170.358	170.335	170.405	0.07	5	1	6	1	0	1			994.1	1602.3	997.0	1647.5	987.6	1633.2	967.0	1558.4	939.4	1418.9	6	1096	1733	3272	5.16101	1	hockey	170.3584
EH	1	THERE	736.2	1919.6	3215.4	97.1	93.0	242.3	171.023	170.986	171.096	0.11	24	6	4	2	3	0			733.8	1914.4	736.5	1919.5	738.3	1918.6	738.6	1922.1	739.6	1929.0	4	728	1898	3355	24.6003	1	there	170.9941
AO	0	ALREADY	804.6	1655.9	2831.7	68.8	131.3	823.6	171.946	171.929	171.979	0.05	64	6	4	2	0	2			791.1	1648.7	804.6	1655.9	810.8	1658.7	810.1	1662.9	807.1	1670.1	5	815	1661	2688	53.54205	1	already	171.9528
EH	1	THERE	734.6	2082.4	3130.0	82.1	175.4	879.4	172.295	172.218	172.449	0.231	24	6	4	2	3	0			726.6	2017.7	735.3	2083.0	721.7	2034.7	698.1	1932.6	650.7	1830.9	5	728	2078	3221	24.6003	1	there	172.2775
OW	1	SO	749.8	1502.2	3223.5	104.8	130.7	462.5	173.077	173.058	173.218	0.16	63	0	0	0	3	0			800.2	1462.3	792.8	1357.9	775.0	1309.6	755.2	1240.7	701.1	1113.6	5	807	1486	3344	62.0003	1	so	173.0882
AA	1	SHOPPING	981.2	1674.6	3533.9	130.0	156.8	467.4	173.885	173.845	173.966	0.121	5	1	1	1	5	1			939.6	1714.2	985.6	1670.0	1018.5	1634.1	1024.2	1611.7	953.2	1548.8	4	991	1593	2926	5.1115	1	shopping	173.9083
AA	1	HOCKEY	1035.8	1609.4	2901.6	121.9	230.1	750.7	174.906	174.876	174.965	0.089	5	1	6	1	0	1			1024.8	1555.7	1036.0	1614.2	1021.7	1670.3	996.3	1708.4	955.7	1743.8	5	1035	1586	2892	5.16101	1	hockey	174.8992
EH	1	NEVER	792.6	1716.0	2879.3	202.1	215.0	641.2	178.491	178.448	178.578	0.13	2	3	2	2	4	1			853.9	1752.5	782.3	1706.1	724.4	1634.0	663.8	1602.0	632.7	1626.0	5	873	1754	3052	2.32241	1	never	178.4684
AO	1	ALBANY	968.0	1348.4	2122.8	110.0	99.4	2348.6	182.626	182.58	182.719	0.139	53	5	4	2	0	5			978.7	1394.1	962.9	1341.3	936.5	1321.7	932.6	1315.0	904.4	1308.1	6	951	1325	2766	53.54205	1	Albany	182.6467
EH	1	SCHENECTADY	940.1	1849.1	2808.4	370.8	208.9	1868.6	184.051	184.028	184.097	0.069	2	1	6	1	4	5			872.5	1835.3	945.0	1852.9	969.3	1917.8	976.4	1949.6	930.9	1956.6	5	970	1883	2648	2.16145	1	(Sche)nectady	184.0609
EH	1	NEVER	702.0	1653.4	2614.3	145.9	262.6	458.9	184.524	184.507	184.557	0.05	2	3	2	2	4	1			689.5	1651.3	702.0	1653.4	723.6	1662.9	730.4	1666.4	730.6	1667.6	5	729	1662	2557	2.32241	1	never	184.5349
AO	1	ALBANY	928.9	1346.7	1781.5	106.3	174.8	1827.6	185.448	185.428	185.487	0.059	53	5	4	2	0	5			923.0	1350.1	929.6	1346.4	934.4	1344.6	929.9	1341.3	923.4	1331.7	6	954	1384	2923	53.54205	1	Albany	185.4657
AE	1	BASKETBALL	715.1	2170.1	3042.8	104.9	239.2	1299.7	187.729	187.679	187.829	0.15	39	3	4	1	1	5			645.6	2148.1	722.3	2158.0	761.0	2058.8	781.3	1980.4	789.3	1880.6	5	611	2101	2976	3.34212	1	basketball	187.6984
EY	1	GAME	618.7	2745.3	3237.3	62.3	197.2	305.4	188.323	188.228	188.418	0.19	21	4	1	2	6	0			605.4	2619.3	616.7	2227.6	618.7	2745.3	615.9	2744.9	623.2	2710.2	5	599	2594	3068	21.4126	1	game	188.2576
AA	1	PROCTOR	875.4	1614.4	2344.9	159.9	216.7	759.4	189.266	189.223	189.353	0.13	5	1	6	1	8	4			864.2	1648.5	879.9	1614.6	907.5	1630.9	899.8	1679.5	812.5	1759.4	5	912	1645	2463	5.16184	1	Proctor	189.3008
EY	1	PLAYOFFS	728.0	1750.1	3408.6	54.5	134.9	175.8	190.389	190.377	190.556	0.179	21	0	0	0	8	1			711.0	1997.8	666.0	2214.0	661.1	2301.9	712.5	2158.5	780.5	1966.4	4	718	1927	3369	21.3218	1	playoffs	190.3847
AH	1	SOMETHING	768.6	1449.0	3010.9	253.8	309.4	508.8	194.2	194.183	194.233	0.05	6	4	1	2	3	4			749.6	1480.3	768.6	1449.0	810.0	1404.8	827.3	1369.6	813.5	1343.4	5	852	1368	3009	6.41232	1	something	194.2169
EH	1	THERE	653.4	2095.5	2749.8	57.5	219.8	415.1	200.375	200.272	200.582	0.31	24	6	4	2	3	0			655.8	2181.5	652.2	2078.8	654.8	1973.2	643.6	1870.4	630.1	1845.7	5	661	2182	3216	24.6003	1	there	200.3048
AO	1	FOUR	624.0	912.2	2674.3	115.2	83.1	612.3	205.479	205.446	205.546	0.1	64	6	4	2	1	0			594.5	906.9	628.3	915.1	654.9	980.7	659.9	1087.3	657.1	1192.7	6	597	910	2785	64.6001	1	four	205.4619
EY	1	DAYS	617.4	2183.4	3285.4	98.6	162.8	303.7	205.652	205.636	205.777	0.141	21	3	4	2	3	0			613.3	2260.4	581.9	2398.4	518.4	2475.0	475.7	2352.0	467.9	2156.6	4	614	2214	3199	22.0023	1	days	205.6614
AO	1	OFF	891.2	1530.0	3053.0	120.3	168.2	313.2	205.866	205.826	205.946	0.12	53	3	2	1	0	0			820.1	1581.8	898.0	1528.2	926.6	1515.9	919.3	1495.4	908.0	1484.2	4	899	1490	2842	53.321	1	off	205.8802
EY	1	DAYS	674.3	2282.7	3312.5	124.0	203.3	369.9	208.339	208.287	208.507	0.22	21	3	4	2	3	0			673.2	2277.2	633.9	2435.1	576.0	2559.5	556.5	2644.8	501.4	2546.1	4	682	2243	3167	22.0023	1	days	208.3311
AE	1	AND	673.8	2697.3	3200.8	147.4	324.4	318.4	209.713	209.563	210.013	0.45	3	4	4	2	0	3			668.4	2780.2	670.7	2637.6	660.1	2298.6	778.8	1981.1	749.8	1847.5	5	709	2841	3290	3.44203	1	and	209.666
EH	1	SECOND	858.4	1846.6	3250.5	121.8	217.9	372.5	214.195	214.172	214.242	0.07	2	1	6	1	3	1			832.9	1822.0	864.1	1851.7	888.5	1878.9	892.5	1911.4	875.2	1962.6	4	864	1823	2982	2.16131	1	second	214.211
AY	1	TIME	882.4	1933.4	3235.7	115.6	250.1	841.4	214.519	214.492	214.612	0.12	41	4	1	2	3	0		m	882.0	1933.4	879.2	1952.0	871.9	1997.6	837.5	2011.1	782.4	1933.6	4	884	1934	2721	41.4123	1	time	214.5263
AE	1	GRANDPARENTS	673.6	2193.4	3342.4	130.1	100.2	798.0	217.944	217.911	218.011	0.1	33	4	1	2	8	5			663.8	2190.4	675.8	2192.8	682.9	2192.0	676.4	2212.3	681.0	2211.9	4	650	2183	2385	3.44284	1	grandparents	217.981
AY	1	LIKE	776.7	1638.4	3435.1	161.2	155.6	292.5	222.093	222.024	222.175	0.151	47	1	6	1	7	0			724.6	1209.8	738.3	1360.7	766.1	1758.9	670.8	2035.2	602.6	2296.8	5	787	1627	3416	47.1617	1	like	222.0906
AY	1	SCIENCE	1045.6	1844.0	3263.1	246.7	159.7	872.0	223.734	223.747	223.847	0.1	41	0	0	0	3	1			790.2	2070.6	711.6	2204.6	684.6	2312.2	679.4	2413.9	666.5	2488.3	4	1078	1821	3160	41.44203	1	science	223.73
AO	1	CALLED	965.8	1265.4	3267.7	326.5	370.2	196.6	225.725	225.698	225.778	0.08	53	5	4	2	6	3			984.1	1270.8	962.4	1265.9	921.8	1276.4	884.6	1283.2	850.9	1282.8	4	846	1272	3273	53.542	1	called	225.749
AE	1	AUNT	635.5	2736.2	3375.8	126.9	291.9	802.4	237.424	237.381	237.511	0.13	33	4	4	2	0	3			626.7	2425.9	640.7	2740.1	671.9	2715.4	658.5	2613.7	649.8	2325.4	5	670	2706	3379	3.44203	1	aunt	237.4509
AH	1	UNCLE	674.3	1416.1	1604.3	252.7	222.7	657.0	237.691	237.661	237.751	0.09	6	4	6	2	0	4			698.4	1479.3	670.6	1411.2	635.9	1362.9	616.8	1210.4	643.2	1232.7	6	805	1466	2837	6.44204	1	uncle	237.6911
EH	1	THERE	775.2	1867.9	3203.7	125.0	224.0	201.5	238.137	238.11	238.19	0.08	24	6	4	2	3	0			747.6	1828.0	776.3	1870.8	787.5	1896.7	791.7	1902.2	798.6	1909.1	4	768	1819	3109	24.6003	1	there	238.1424
AA	1	LOT	815.1	1432.0	3346.6	96.5	194.8	217.9	238.714	238.66	238.821	0.161	5	1	4	1	7	0			796.8	1436.7	818.0	1431.3	909.1	1529.7	956.8	1625.9	929.2	1749.8	4	941	1567	2997	5.1417	1	lot	238.7622
AY	1	TIMES	767.5	1820.8	3182.6	230.8	247.9	387.4	239.013	238.99	239.09	0.1	41	4	1	2	3	3		s	765.9	1794.9	725.4	1907.1	675.5	2001.4	677.3	2062.3	650.5	2106.9	4	744	1776	2497	41.4123	1	times	238.9852
ER	1	MYRTLE	679.1	1666.8	2073.1	114.5	139.6	234.7	247.749	247.722	247.803	0.081	94	1	4	1	2	1			668.0	1637.6	680.6	1669.6	692.9	1701.3	692.5	1739.9	658.7	1752.3	6	694	1690	2117	94.60021	1	myrtle	247.7557
IY	1	BEACH	564.3	2718.1	3649.3	362.7	102.4	1306.6	248.009	247.972	248.082	0.11	11	2	5	1	1	0			575.8	2681.2	562.6	2721.2	520.7	2747.4	488.0	2759.3	553.8	2546.0	4	544	1967	2738	11.16113	1	beach	247.9809
IH	1	BIG	679.7	1951.8	3231.7	184.5	151.3	230.1	248.419	248.392	248.472	0.08	1	1	6	2	1	0			663.4	1880.1	680.0	1959.0	661.6	2043.5	623.6	2124.6	597.6	2212.5	4	683	1966	3158	1.1621	1	big	248.4249
EY	1	BREAK	698.6	1915.1	2547.8	90.8	215.2	405.7	249.546	249.492	249.703	0.211	21	1	6	1	8	0			692.1	1895.5	687.4	2024.6	646.2	2232.6	577.9	2262.7	565.7	2482.2	5	670	2187	2733	21.1618	1	break	249.586
AO	1	FLORIDA	668.9	1186.3	2490.6	88.3	155.3	264.1	250.895	250.875	250.935	0.06	5	6	4	2	8	2			682.8	1218.6	669.1	1189.9	675.6	1229.5	679.0	1257.1	678.2	1288.4	5	672	1211	2398	54.60082	1	Florida	250.8994
AA	1	LOT	911.3	1578.4	3147.4	136.5	164.9	227.1	257.072	257.052	257.112	0.06	5	1	4	1	7	0			884.9	1553.0	913.9	1579.9	930.7	1585.5	928.2	1582.2	914.2	1581.1	4	898	1550	2925	5.1417	1	lot	257.0882
IY	1	PEOPLE	528.5	2430.3	3859.4	443.1	337.2	777.3	257.261	257.231	257.322	0.091	11	1	1	1	1	1			606.4	2354.1	533.9	2444.2	555.7	2507.4	575.9	2441.9	524.0	2376.7	3	552	2199	2766	11.11111	1	people	257.2791
EY	1	MAIN	651.7	2277.1	3187.6	121.1	196.6	355.0	259.056	259.044	259.223	0.179	21	4	4	2	2	0			622.3	2637.7	585.5	2768.5	561.3	2825.9	548.0	2400.3	657.4	2599.3	5	650	2305	3205	21.4422	1	main	259.0587
UW	1	CRUISE	493.8	1377.8	2265.2	122.0	136.2	199.0	259.431	259.424	259.543	0.119	73	3	4	2	8	0			483.0	1348.6	470.8	1290.8	470.2	1261.3	468.4	1318.0	457.3	1323.2	5	472	1285	2563	82.3428	1	cruise	259.4683
EY	1	PLACE	684.6	1793.7	3409.9	141.9	91.3	226.3	259.776	259.763	259.853	0.09	21	3	4	1	8	0			671.7	1867.2	625.4	2083.8	567.7	2250.7	503.9	2376.4	482.0	2509.8	4	625	2075	3322	21.3428	1	place	259.7943
UW	1	ARUBA	475.2	1119.2	2436.5	140.7	129.8	313.9	260.454	260.424	260.513	0.089	72	1	1	2	7	1			499.0	1200.6	473.0	1113.0	447.0	1013.6	417.5	923.1	410.9	1015.7	6	471	1102	2521	72.11271	1	(A)ruba	260.4571
AO	1	ALL	802.8	1437.5	2883.8	89.6	341.8	1995.1	262.976	262.953	263.023	0.07	53	5	4	2	0	0			748.2	1442.9	806.7	1434.9	817.9	1416.8	810.4	1400.2	806.4	1399.6	5	804	1407	3160	53.542	1	all	263.0088
AA	1	NOT	1076.9	1702.0	3299.9	281.2	143.6	176.4	268.71	268.683	268.763	0.08	5	1	4	1	4	0			1035.3	1695.4	1078.6	1702.8	1092.7	1717.0	1080.7	1719.6	1026.4	1702.3	4	1096	1720	3356	5.1414	1	not	268.7236
OW	1	KNOW	689.1	1640.8	2213.2	178.4	149.8	986.1	269.109	269.084	269.183	0.099	63	0	0	0	4	0			667.5	1677.2	718.3	1557.2	780.4	1456.6	865.8	1379.0	842.9	1242.4	5	887	1373	3154	62.0004	1	know	269.1525
UW	1	DO	563.0	1908.7	3197.5	129.6	165.1	528.9	277.602	277.595	277.845	0.25	73	0	0	0	3	0			614.6	1835.8	616.9	1581.5	612.8	1286.8	640.5	1109.9	633.3	1330.7	5	609	1856	2963	73.0003	1	do	277.6335
UW	1	MOVIES	536.4	837.4	2647.9	99.1	193.0	692.2	278.105	278.065	278.186	0.121	72	3	2	2	2	1			531.4	810.0	539.3	845.6	573.2	898.2	594.3	1041.0	577.4	1050.7	6	529	824	2714	72.32221	1	movies	278.101
AA	1	LOT	995.0	1589.1	3122.1	250.6	226.9	245.7	279.809	279.775	279.876	0.101	5	1	4	1	7	0			957.0	1584.9	997.1	1589.0	996.8	1602.1	943.3	1643.7	886.9	1671.6	4	953	1557	2978	5.1417	1	lot	279.8134
EH	1	RESTAURANTS	883.7	1692.1	3156.0	135.6	252.4	448.1	280.032	280.005	280.085	0.08	2	3	4	1	7	5			879.8	1764.5	885.0	1686.9	914.1	1651.9	932.8	1631.2	911.9	1621.0	4	885	1599	2964	2.34272	1	restaurants	280.0501
AW	1	ABOUT	874.2	1491.2	2981.2	89.5	184.9	301.1	281.641	281.606	281.785	0.179	42	1	4	1	1	0			877.1	1492.4	905.5	1495.5	894.9	1458.2	833.3	1357.9	788.1	1275.7	5	905	1496	2959	42.1411	1	(a)bout	281.6659
AE	1	ITALIAN	671.2	2038.6	3434.7	157.0	254.2	921.0	282.556	282.512	282.643	0.131	39	5	4	2	3	1			685.6	2158.4	668.6	2016.0	672.8	1911.2	683.4	1782.1	658.5	1746.3	4	668	1930	3368	3.54231	1	(I)talian	282.571
AA	1	LOT	953.3	1549.6	3135.6	123.4	194.1	485.4	283.776	283.743	283.842	0.099	5	1	4	1	7	0			921.4	1480.6	955.5	1557.7	954.5	1597.4	924.6	1639.7	845.6	1682.0	4	963	1588	3149	5.1417	1	lot	283.7858
OW	1	KNOW	788.8	1425.0	2370.0	228.9	137.7	812.3	288.819	288.798	288.948	0.15	63	0	0	0	4	0			818.0	1402.7	823.6	1314.9	773.5	1238.0	711.1	1217.0	659.5	1164.9	5	825	1402	2453	62.0004	1	know	288.8284
AH	1	STUFF	767.1	1425.4	3220.5	151.9	203.2	1101.0	290.294	290.277	290.327	0.05	6	3	2	1	3	0			751.3	1442.7	767.1	1425.4	792.5	1380.4	800.6	1341.2	796.9	1311.0	5	808	1430	3341	6.3213	1	stuff	290.2984
AE	1	THAT	785.4	2137.2	3245.7	48.9	196.1	269.7	290.821	290.698	291.068	0.37	3	1	4	1	3	0			756.9	2215.7	789.0	2122.6	831.4	2022.8	855.0	1921.6	823.2	1873.9	4	749	2214	3323	3.1413	1	that	290.7603
AH	1	MUCH	840.2	1346.7	2408.4	248.0	147.1	877.5	293.343	293.313	293.403	0.09	6	2	5	1	2	0			797.4	1275.7	841.7	1354.9	834.7	1373.3	833.6	1409.7	832.0	1428.9	6	894	1393	3198	6.16123	1	much	293.3455
UW	1	DO	576.4	1983.5	3280.0	75.9	119.9	177.2	294.18	294.173	294.394	0.221	73	0	0	0	3	0			635.3	1843.6	676.6	1608.0	652.3	1328.0	672.7	1912.0	710.7	2744.3	4	594	1904	3224	73.0003	1	do	294.2
IH	1	HERE	614.7	2260.3	3106.5	199.9	159.9	632.7	294.65	294.614	294.723	0.109	14	6	4	2	0	0			573.6	2302.6	619.7	2252.0	661.8	2169.8	662.3	2079.4	648.4	2033.5	4	609	2279	3211	14.6	1	here	294.6461
EH	1	DEPENDS	1055.1	1738.0	3177.0	296.3	188.2	830.3	304.62	304.57	304.721	0.151	2	4	4	2	1	3			991.1	1773.9	1060.0	1733.8	1083.3	1759.0	997.1	1779.4	907.4	1784.3	4	1091	1748	3199	2.44213	1	(de)pends	304.6399
EH	1	DEPENDS	777.6	1631.6	2101.5	120.9	122.8	1288.0	305.974	305.934	306.054	0.12	2	4	4	2	1	3			810.9	1351.4	775.0	1629.4	756.8	1600.7	731.9	1594.9	701.5	1598.4	6	896	1653	2957	2.44213	1	(de)pends	305.9512
IH	0	FINISH	639.8	1962.0	3246.7	70.6	95.0	1651.4	308.26	308.24	308.3	0.06	1	3	5	1	4	0			636.3	1961.5	639.8	1961.5	637.6	1953.4	631.7	1946.4	611.9	1916.8	5	682	1938	3390	1.44211	1	finish	308.1804
IH	1	HERE	588.2	2248.3	2669.2	152.2	247.6	427.0	308.53	308.49	308.61	0.12	14	6	4	2	0	0			549.3	2297.2	592.0	2241.9	616.0	2154.4	626.2	2034.7	636.3	1934.6	5	579	2402	3174	14.6	1	here	308.5201
EH	1	DEPENDS	814.0	1659.6	2647.7	223.3	283.6	916.0	309.043	309.02	309.09	0.07	2	4	4	2	1	3			848.4	1712.3	809.3	1655.5	759.7	1628.0	733.7	1645.2	686.7	1638.7	5	859	1739	3117	2.44213	1	(de)pends	309.0434
OW	1	GOING	567.0	1059.2	2796.2	103.0	58.2	246.5	310.74	310.721	310.801	0.08	62	0	0	0	6	1			562.0	1069.9	581.9	1048.1	598.5	1046.4	609.7	1052.0	629.2	1075.8	5	608	1050	2663	62.4426	1	going	310.775
OW	1	GOING	562.0	1065.1	2714.9	114.0	63.9	211.4	311.913	311.894	311.974	0.08	62	0	0	0	6	1			556.0	1067.9	582.5	1063.9	606.2	1075.2	625.8	1107.7	640.9	1186.4	5	614	1081	2745	62.4426	1	going	311.934
EY	1	SAINT	583.9	2335.3	3386.1	120.3	289.6	544.8	313.317	313.293	313.343	0.05	21	4	4	2	3	3			553.4	2157.6	562.6	2212.2	587.4	2353.4	611.1	2437.3	626.7	2476.7	5	650	2494	3168	21.44233	1	saint	313.3439
AY	1	RIGHT	761.8	1804.3	2908.0	183.0	110.0	1104.9	314.086	314.042	314.163	0.121	47	1	4	1	7	0			731.9	1719.6	761.5	1793.3	753.7	1899.4	693.4	1961.6	619.6	2063.0	4	765	1866	2534	47.1417	1	right	314.0989
AA	1	ON	1079.0	1622.3	3111.3	261.9	162.1	484.9	315.11	315.06	315.21	0.15	53	4	4	2	0	0			906.2	1646.1	1087.6	1620.9	1131.8	1615.4	1110.4	1622.9	1027.0	1646.4	4	1168	1628	3052	5.442	1	on	315.1313
AA	1	PARKWAY	847.6	1588.2	2345.3	94.2	154.0	389.0	315.526	315.499	315.579	0.08	44	6	4	2	1	4			865.5	1603.1	845.7	1589.4	814.5	1614.1	781.1	1649.4	756.1	1688.4	5	855	1587	2367	44.60014	1	parkway	315.526
ER	1	NURSING	618.4	1745.1	2326.1	102.8	172.6	436.7	317.172	317.132	317.252	0.12	94	3	4	1	4	1			622.7	1735.9	617.1	1743.3	607.9	1743.9	599.7	1767.0	553.7	1515.1	5	626	1760	2390	94.6004	1	nursing	317.1697
AA	1	HOSPITAL	1119.4	1709.3	3131.9	137.6	262.6	417.8	318.064	318.031	318.13	0.099	5	3	4	1	0	5			1108.0	1711.5	1119.2	1707.8	1079.4	1695.7	962.9	1692.7	856.8	1647.9	4	1103	1669	3010	5.34202	1	hospital	318.067
AH	1	PLUS	784.8	1334.2	2922.2	70.8	133.6	1365.5	318.794	318.77	318.841	0.071	6	3	4	1	8	0			792.2	1281.2	783.6	1338.8	776.0	1373.2	786.0	1392.1	739.2	1327.1	5	794	1283	2910	6.3418	1	plus	318.7855
OW	1	SO	689.6	1391.6	3165.0	76.9	139.7	316.6	320.36	320.337	320.538	0.201	63	0	0	0	3	0			727.8	1280.9	698.2	1153.7	628.0	1032.8	625.0	1025.8	658.7	1177.9	5	729	1224	2995	62.0003	1	so	320.3863
AY	1	I	940.4	1777.6	3224.7	108.9	97.9	1034.4	320.753	320.678	320.987	0.309	41	0	0	0	0	0			930.5	1741.6	933.4	1875.3	826.4	2051.4	644.7	2255.9	543.1	2330.5	4	942	1772	3077	41.0006	1	I	320.7539
AA	1	JOB	947.7	1664.6	2057.4	157.2	122.9	843.4	321.715	321.669	321.808	0.139	5	1	1	2	5	0			912.0	1699.5	951.6	1664.4	938.7	1671.6	895.0	1660.0	787.5	1602.2	5	954	1664	2057	5.1125	1	job	321.7168
EH	1	THERE	663.8	2092.1	3144.8	81.4	102.5	734.0	321.965	321.908	322.078	0.17	24	6	4	2	3	0			645.7	2097.0	665.9	2091.0	698.6	2025.8	715.0	1964.7	706.5	1901.7	4	636	2052	3283	24.6003	1	there	321.9249
EY	1	STAY	611.0	2097.5	3356.4	69.0	131.2	227.1	322.517	322.498	322.639	0.141	22	0	0	0	3	0			605.3	2205.1	584.0	2399.5	562.6	2591.8	565.4	2735.2	666.7	2847.4	4	573	2357	3004	22.0003	1	stay	322.5498
OW	1	DON'T	759.1	1356.2	2737.0	184.3	174.6	697.8	323.289	323.248	323.469	0.221	62	4	4	2	3	0			760.4	1337.3	840.9	1004.0	747.0	915.4	769.4	839.0	664.9	1066.9	5	801	1190	2656	62.44233	1	don't	323.3155
AA	1	PROBABLY	847.0	1479.2	3383.6	136.9	190.2	491.3	323.912	323.889	323.959	0.07	5	1	1	2	8	1			880.3	1514.3	842.6	1475.0	806.3	1434.1	774.1	1379.0	727.3	1294.9	4	887	1488	3016	5.11282	1	probably	323.9018
OW	1	GO	548.7	1153.8	2242.4	109.1	144.3	717.4	324.13	324.109	324.209	0.1	63	0	0	0	6	0			546.8	1159.4	586.7	1092.6	593.8	1072.0	568.2	1039.3	558.9	1078.6	6	660	1211	2781	62.0006	1	go	324.1528
EH	1	ELSE	903.5	1685.1	1884.3	217.9	99.0	1804.9	324.536	324.509	324.589	0.08	2	5	4	2	0	3			837.8	1710.9	908.1	1682.3	931.9	1624.9	939.6	1575.2	930.4	1535.4	5	946	1633	3510	2.54203	1	else	324.5496
AA	1	NOT	955.6	1761.0	2993.1	271.9	436.2	1454.4	325.394	325.37	325.441	0.071	5	1	4	1	4	0			897.5	1752.7	957.5	1761.2	966.6	1771.0	946.3	1769.9	885.0	1758.9	5	966	1771	3433	5.1414	1	not	325.4061
IY	0	REALLY	570.5	1936.0	3477.2	82.5	136.6	147.1	325.621	325.601	325.661	0.06	12	0	0	0	7	0			582.6	1856.1	568.8	1944.5	555.6	2016.0	541.8	2091.8	527.3	2118.5	4	603	1610	3432	11.54271	1	really	325.5541
AY	1	MY	1038.0	1702.2	2929.5	188.4	195.3	579.3	330.801	330.745	330.906	0.161	41	0	0	0	2	0		s	898.7	1591.6	1038.0	1702.2	933.6	1795.2	773.1	1922.8	722.8	1970.5	5	1048	1710	2943	41.0002	1	my	330.8026
AE	1	BAG	831.1	2136.5	4042.2	275.5	117.6	553.4	330.982	330.925	331.095	0.17	3	1	6	2	1	0			807.0	2131.7	830.9	2135.3	830.2	2145.1	853.9	2154.5	885.4	2191.5	3	788	2066	2913	3.1621	1	bag	330.9785
AO	1	YOURS	687.8	1268.9	2476.8	43.1	103.5	128.2	332.528	332.481	332.621	0.14	64	6	4	2	9	3			689.3	1312.2	687.5	1269.5	690.6	1328.6	694.9	1413.8	698.6	1571.9	5	687	1258	2478	64.6009	1	yours	332.5265
OW	1	NO	867.6	1453.8	1693.5	295.4	328.6	502.2	339.975	339.933	340.123	0.19	63	0	0	0	4	0			879.1	1448.9	879.8	1462.4	877.6	1367.5	793.2	1311.7	739.6	1271.3	6	982	1547	2532	62.0004	1	no	339.9806
AE	1	HAVE	788.7	2052.7	3168.7	75.1	219.1	191.9	347.535	347.505	347.594	0.089	3	3	2	2	0	0			785.0	2169.7	788.9	2044.2	789.2	1959.5	780.1	1879.8	771.9	1815.5	4	774	2256	3317	3.322	1	have	347.5064
EH	1	MANY	828.9	1804.4	3437.2	308.6	200.5	472.8	348.201	348.177	348.248	0.071	2	4	4	2	2	1			758.5	1724.4	833.1	1812.0	834.5	1888.8	768.9	1965.7	685.7	2034.9	4	863	1844	3358	2.44221	1	many	348.2064
AY	1	TIMES	870.6	2022.5	3037.0	192.7	184.6	864.0	348.466	348.448	348.548	0.1	41	4	1	2	3	3		s	870.0	2032.2	843.2	2000.7	788.6	2065.7	717.9	2034.3	669.2	1887.0	5	835	2020	3144	41.4123	1	times	348.4659
OW	1	NO	774.2	1594.3	2139.9	192.4	251.1	1222.0	350.356	350.339	350.558	0.219	63	0	0	0	4	0			894.6	1437.1	857.5	1351.4	805.0	1285.6	801.6	1223.1	676.0	1011.1	6	998	1534	3211	62.0004	1	no	350.3798
EH	1	NEVER	945.8	1669.8	2933.7	183.0	139.7	1069.2	350.818	350.738	350.978	0.24	2	3	2	2	4	1			910.4	1736.7	945.9	1662.2	767.9	1509.9	638.6	1479.6	644.6	1528.1	5	981	1705	3358	2.32241	1	never	350.816
AA	1	PROCTOR	1031.1	1753.9	3223.3	251.7	205.4	626.7	357.617	357.564	357.723	0.159	5	1	6	1	8	4			980.2	1818.3	1040.0	1754.0	1072.6	1803.3	1048.5	1876.2	1020.0	1969.6	4	1074	1822	3062	5.16184	1	Proctor	357.6482
EY	1	MAYBE	585.2	2407.6	3231.3	99.0	367.7	402.1	360.664	360.652	360.783	0.131	21	1	1	2	2	1			559.1	2405.4	500.7	2336.6	472.4	2264.4	461.8	2211.7	471.5	2271.7	4	594	2379	3293	21.1122	1	maybe	360.6461
AA	1	PROBABLY	664.6	1337.1	3415.3	136.7	88.8	435.5	362.185	362.165	362.226	0.061	5	1	1	2	8	1			700.9	1355.2	659.6	1335.1	617.8	1322.9	586.8	1313.3	587.1	1307.4	4	924	1529	3595	5.11282	1	probably	362.1289
AY	1	FIGHT	772.8	1468.7	1719.5	72.9	132.1	2336.2	362.614	362.565	362.746	0.181	47	1	4	1	1	0			745.5	1340.0	766.2	1546.1	727.0	1458.2	627.0	1574.4	551.0	1373.7	6	828	1510	3359	47.1411	1	fight	362.6144
ER	1	GIRL	606.2	1569.4	2000.7	80.4	146.6	136.2	365.963	365.943	366.002	0.059	94	5	4	2	6	0			584.5	1590.6	609.1	1566.3	629.3	1537.9	649.9	1496.7	673.8	1458.1	5	616	1563	1995	94.6005	1	girl	365.9662
AY	1	FIGHTS	821.0	1435.5	2708.2	86.1	124.4	243.8	366.287	366.212	366.432	0.22	47	1	4	1	1	3			763.6	1218.9	820.6	1451.9	756.3	1796.7	616.6	2181.3	555.8	2431.8	5	820	1397	2709	47.1411	1	fights	366.2814
OY	1	BOYS	576.9	955.7	3101.0	59.0	112.4	243.4	367.196	367.093	367.402	0.309	61	3	4	2	1	0			643.7	939.2	577.1	964.5	638.4	1193.3	673.6	1732.7	574.0	2205.5	5	573	952	3080	61.0021	1	boys	367.1959
AY	1	FIGHTS	750.3	1467.7	2860.4	78.9	123.1	271.8	368.502	368.433	368.633	0.2	47	1	4	1	1	3			723.0	1270.7	750.1	1476.7	702.1	1802.7	619.8	2110.1	508.3	1795.1	5	744	1392	2875	47.1411	1	fights	368.4922
AE	1	THAT	774.7	1878.8	3199.2	240.2	166.4	291.8	369.293	369.243	369.393	0.15	3	1	4	1	3	0			738.7	1160.5	787.4	1923.1	793.1	1922.3	807.7	1876.7	919.3	1820.7	5	761	1890	3305	3.1413	1	that	369.2943
ER	1	GIRLS	648.5	1627.8	2042.8	100.7	79.8	153.4	374.792	374.772	374.832	0.06	94	5	4	2	6	3			612.9	1619.5	652.5	1628.7	679.5	1630.2	691.9	1620.8	695.3	1607.2	5	681	1635	2042	94.60053	1	girls	374.801
AY	1	FIGHT	795.6	1330.4	2935.0	72.2	125.9	594.0	375.614	375.552	375.822	0.27	47	1	4	1	1	0			788.6	1281.4	775.7	1523.0	663.6	1868.5	554.7	2283.8	531.1	2546.4	5	798	1281	2893	47.1411	1	fight	375.6074
OW	1	OVER	659.3	1143.1	2516.4	62.7	103.2	1070.0	375.896	375.852	375.981	0.129	62	3	2	2	0	1			658.6	1312.6	658.9	1136.4	642.5	1049.3	609.4	1006.6	582.6	974.4	6	583	975	2769	62.32201	1	over	375.957
AH	1	SOME	754.6	1455.9	3016.0	148.3	319.6	545.7	376.404	376.381	376.451	0.07	6	4	1	2	3	0			724.3	1531.0	757.1	1451.0	760.2	1417.6	740.5	1378.8	708.4	1334.8	5	747	1376	2911	6.4123	1	some	376.4297
OY	1	BOY	677.6	1095.8	3066.9	101.2	94.3	811.0	377.203	377.12	377.37	0.25	61	0	0	0	1	0			565.2	926.5	687.8	1131.3	719.4	1576.8	659.9	2114.7	562.9	2161.7	5	626	988	3096	61.0001	1	boy	377.1889
ER	1	GIRL	645.0	1563.0	1914.3	88.6	195.8	163.4	378.735	378.689	378.828	0.139	94	5	4	2	6	0			630.6	1620.0	647.4	1551.5	672.3	1497.5	695.6	1462.2	714.6	1438.9	5	632	1618	1898	94.6005	1	girl	378.7168
IH	1	RIPPED	673.9	1816.3	3258.8	135.3	170.0	240.0	379.882	379.852	379.942	0.09	1	1	1	1	7	3			667.2	1815.0	675.2	1816.5	679.2	1820.0	664.7	1800.7	613.9	1784.7	4	659	1760	3098	1.1117	1	ripped	379.8865
AW	1	OUT	829.6	1529.5	3005.6	103.0	151.6	314.9	381.161	381.125	381.325	0.2	42	1	4	1	0	0			849.2	1524.8	903.7	1475.0	864.5	1373.1	756.9	1311.7	683.9	1189.8	5	904	1486	2899	42.141	1	out	381.1914
EY	1	FAKE	705.3	2053.8	3081.3	245.1	308.1	1088.2	381.557	381.545	381.656	0.111	21	1	6	1	1	0			590.5	2070.2	590.2	2196.2	575.4	2328.6	508.4	2460.7	444.6	2239.9	5	591	2129	2782	21.1611	1	fake	381.5774
EH	1	HAIR	661.6	2117.7	2813.6	76.1	134.8	678.6	381.865	381.815	381.965	0.15	24	6	4	2	0	0			665.5	2188.2	662.3	2108.7	670.4	2042.8	682.0	2030.4	695.3	1953.3	4	651	2138	2422	24.6	1	hair	381.8434
AW	1	OUT	944.1	1694.0	2987.9	141.2	222.9	705.1	382.03	381.995	382.275	0.28	42	1	4	1	0	0			956.6	1643.3	936.9	1546.3	829.6	1289.6	771.3	1266.3	812.9	1451.9	4	957	1610	2820	42.141	1	out	382.078
AH	1	OTHER	828.6	1320.1	2090.6	74.8	97.4	2694.8	384.634	384.594	384.715	0.121	6	3	3	2	0	1			800.1	1360.6	828.9	1318.1	816.4	1342.8	790.5	1344.3	622.3	1340.9	6	819	1382	2830	6.33101	1	other	384.6611
IH	1	RIPPED	608.2	1658.2	2420.5	43.8	84.3	156.2	385.638	385.615	385.684	0.069	1	1	1	1	7	3			601.4	1652.3	608.6	1658.5	609.7	1658.0	603.7	1648.2	585.9	1619.9	5	609	1657	2436	1.1117	1	ripped	385.6399
AO	1	OFF	898.0	1408.3	2856.9	160.7	160.0	257.9	385.908	385.835	386.055	0.22	53	3	2	1	0	0			895.2	1405.4	899.1	1409.7	905.8	1409.2	900.3	1423.2	889.2	1404.1	4	874	1377	2783	53.321	1	off	385.9359
AW	1	DOWN	779.1	1817.1	2565.9	161.9	128.5	2759.2	387.018	386.985	387.115	0.13	42	4	4	2	3	0			717.1	1856.0	902.3	1728.3	967.6	1625.3	914.0	1532.2	794.3	1443.7	5	968	1657	2840	42.4423	1	down	387.0434
IY	1	STREET	466.0	2273.1	3241.6	406.2	311.0	1280.2	387.472	387.425	387.565	0.14	11	1	4	1	8	0			475.5	2084.1	464.2	2293.5	446.6	2414.9	439.5	2464.7	480.2	2408.0	4	438	2216	2770	11.1418	1	street	387.4873
AA	1	BRA	1087.9	1638.9	3136.5	191.9	106.7	843.2	388.422	388.315	388.635	0.32	43	0	0	0	8	0			1074.3	1602.3	1090.6	1640.0	1071.6	1653.2	1056.7	1662.2	1035.8	1674.7	4	1134	1628	3001	43.0008	1	bra	388.3975
AY	1	TIME	896.8	1873.0	3422.9	307.3	95.2	817.5	398.25	398.186	398.335	0.149	41	4	1	2	3	0		s	839.9	1793.2	873.6	1845.1	868.7	1873.6	736.2	1898.2	659.0	2043.9	4	827	1780	1809	41.4123	1	time	398.2104
AH	1	SOME	825.0	1449.8	2942.4	68.7	134.8	573.2	405.73	405.71	405.77	0.06	6	4	1	2	3	0			819.1	1491.2	825.8	1443.7	827.6	1390.8	820.6	1344.8	801.2	1306.3	5	819	1430	2800	6.4123	1	some	405.7318
AY	1	I	973.0	1736.3	3119.3	243.8	139.5	272.4	406.414	406.37	406.699	0.329	41	0	0	0	0	0		s	932.0	1842.9	786.7	2140.7	649.8	2389.9	482.0	2540.4	453.1	2643.6	4	923	1706	2928	41.0006	1	I	406.4168
AH	1	LUCKILY	836.3	1391.3	2993.6	80.3	153.4	673.8	406.859	406.829	406.92	0.091	6	1	6	1	7	2			830.1	1356.1	838.2	1392.9	852.6	1386.5	814.5	1374.6	661.1	1413.8	5	832	1374	3183	6.16172	1	luckily	406.8501
AE	1	HAD	785.0	1953.2	3241.8	62.5	220.0	470.5	407.356	407.329	407.41	0.081	3	1	4	2	0	0			788.0	2053.9	784.6	1948.0	778.3	1890.0	756.8	1841.2	693.7	1761.0	4	785	1966	3071	3.142	1	had	407.3476
AE	1	BAD	757.3	2094.4	3200.2	133.4	145.8	1403.0	422.552	422.505	422.645	0.14	33	1	4	2	1	0			666.0	2115.5	767.1	2089.4	789.9	2006.7	793.2	1947.5	810.5	1880.6	5	651	2135	3612	3.1421	1	bad	422.5346
AE	1	MATH	842.8	2073.2	3321.4	189.5	212.9	1029.1	422.833	422.786	422.926	0.14	39	3	3	1	2	0			765.0	2134.2	847.7	2059.7	869.2	1936.7	905.0	1610.5	874.0	1679.5	5	755	2169	3316	3.3312	1	math	422.8032
AE	1	MATH	875.9	1978.6	3196.0	249.3	261.4	323.6	423.249	423.206	423.335	0.129	39	3	3	1	2	0			817.5	2040.2	880.5	1971.1	888.2	1894.0	855.6	1840.6	836.9	1771.1	4	682	2024	2535	3.3312	1	math	423.2085
EY	1	FAVORITE	648.6	2014.5	2754.5	355.4	456.9	482.6	423.787	423.775	423.845	0.07	21	3	2	2	1	2			600.4	2015.1	561.8	2032.9	565.9	2042.7	572.8	2044.9	579.6	2019.4	5	572	2047	2688	21.32212	1	favorite	423.8219
AH	0	SUBJECT	771.2	1474.7	3303.2	131.1	169.7	689.9	424.442	424.412	424.502	0.09	6	1	1	2	3	4			713.9	1506.2	779.8	1475.0	814.5	1478.3	792.3	1481.7	692.5	1470.3	4	820	1477	3007	6.11234	1	subject	424.4597
EH	1	VERY	672.4	1869.2	2544.5	100.7	141.7	448.6	428.652	428.579	428.798	0.219	2	6	4	2	1	1			649.6	1882.5	674.3	1866.6	664.4	1866.0	638.2	1888.7	630.6	1907.4	5	666	1876	2614	2.60011	1	very	428.638
EY	1	FAVORITE	603.9	2111.5	2774.4	192.9	270.8	291.3	429.422	429.39	429.47	0.08	21	3	2	2	1	2			569.5	2014.8	601.1	2101.5	597.8	2130.4	585.7	2166.5	575.2	2189.2	5	607	2134	2782	21.32212	1	favorite	429.4294
IY	1	TEACHER	450.5	2645.6	3814.8	169.2	248.1	1068.5	429.689	429.669	429.73	0.061	11	2	5	1	3	1			456.8	2647.4	449.7	2646.2	444.6	2656.0	434.5	2680.5	417.2	2729.3	3	444	2582	2953	11.16134	1	teacher	429.6889
AA	1	COT	1133.1	1633.2	2972.4	119.1	183.2	451.4	452.568	452.498	452.707	0.209	5	1	4	1	6	0			1136.0	1595.0	1132.1	1637.3	1101.8	1664.4	1059.9	1689.1	1028.6	1749.2	4	1144	1623	2915	5.141	1	cot	452.5522
AY	1	LIKE	841.9	1481.9	3325.3	154.7	158.8	263.0	453.189	453.147	453.297	0.15	47	1	6	1	7	0			826.9	1349.6	819.3	1588.2	698.3	1935.1	603.3	2230.8	494.1	2528.9	5	812	1265	3359	47.1617	1	like	453.1613
AO	1	SMALLER	1026.8	1261.4	2900.9	319.3	150.6	1025.2	455.22	455.19	455.281	0.091	53	5	4	2	2	1			996.6	1229.3	1029.1	1266.9	1039.4	1299.3	1031.4	1314.1	1003.5	1314.6	6	1079	1303	2980	53.54201	1	smaller	455.2383
EH	1	BED	905.2	1655.2	3436.2	71.0	150.1	526.3	456.458	456.411	456.551	0.14	2	1	4	2	1	0			857.7	1602.6	906.5	1662.1	901.0	1688.7	853.6	1658.9	800.2	1587.4	4	889	1650	2986	2.1421	1	bed	456.4723
AE	1	HAS	752.6	1980.3	3263.5	93.9	101.4	178.9	456.985	456.962	457.031	0.069	3	3	4	2	0	0			768.2	2003.6	751.0	1976.7	730.7	1923.1	673.1	1855.4	595.2	1790.7	4	792	2299	3209	3.3416	1	has	456.9034
EH	1	LEGS	846.4	1787.0	3410.5	114.9	143.5	395.3	457.743	457.716	457.796	0.08	2	1	6	2	7	3			862.4	1687.2	844.3	1796.0	809.4	1907.1	737.8	2018.5	627.9	2203.4	4	843	1646	2943	2.1627	1	legs	457.7342
OW	1	OPEN	638.8	1064.6	2241.9	120.6	78.0	1502.0	458.52	458.505	458.616	0.111	62	1	1	1	0	1			641.9	1036.9	631.6	958.4	596.4	865.4	529.2	824.0	552.2	954.4	6	625	892	3148	62.11101	1	open	458.5544
AH	1	UP	1022.2	1555.9	3377.8	197.9	181.5	456.6	458.838	458.785	458.945	0.16	6	1	1	1	0	0			1004.5	1574.9	1023.1	1551.5	1010.3	1484.8	969.9	1449.1	839.3	1398.5	4	1031	1554	3393	6.111	1	up	458.8439
EH	1	BED	985.0	1776.1	3224.1	65.9	95.1	768.8	459.941	459.871	460.08	0.209	2	1	4	2	1	0			944.7	1754.3	986.5	1777.8	986.6	1805.7	939.3	1822.7	835.5	1839.6	4	998	1789	3178	2.1421	1	bed	459.9506
EH	1	HEADBOARD	899.1	1816.9	3085.9	69.1	162.5	617.9	461.674	461.651	461.721	0.07	2	1	4	2	0	4			956.7	1806.6	892.2	1818.6	815.4	1831.1	714.5	1820.7	560.6	1791.5	4	1032	1718	2493	2.14204	1	headboard	461.6466
AO	2	HEADBOARD	504.9	845.2	2893.8	302.3	84.5	141.8	461.898	461.841	462.011	0.17	64	6	4	2	1	3			485.7	839.4	511.1	846.5	599.3	934.5	612.0	1044.0	631.6	1177.6	5	607	959	2858	64.6001	1	(head)board	461.9297
AE	1	MATTRESS	918.3	2161.5	3216.4	163.3	306.1	307.9	462.748	462.691	462.861	0.17	3	1	4	1	2	1			837.6	2259.9	925.8	2149.3	971.1	2029.4	935.1	1934.0	895.6	1836.2	4	785	2269	3264	3.14124	1	mattress	462.7061
EY	1	FRAME	620.2	2465.1	2867.2	302.6	1102.4	1685.5	463.543	463.531	463.75	0.219	21	4	1	2	8	0			583.8	2221.8	568.7	2299.3	620.2	2465.1	545.3	2500.0	553.8	2163.1	5	610	2436	3360	21.4128	1	frame	463.5905
AO	1	ALL	983.8	1395.3	2925.9	229.1	141.3	1364.0	463.931	463.911	463.971	0.06	53	5	4	2	0	0			918.3	1391.3	987.8	1395.3	1006.4	1394.2	1009.2	1387.1	965.6	1358.3	5	1010	1392	3373	53.542	1	all	463.9466
AE	1	THAT	902.1	2076.3	3812.6	232.5	276.6	259.1	464.188	464.141	464.281	0.14	3	1	4	1	3	0			941.1	2076.8	901.3	2077.3	891.6	2066.7	913.4	2048.7	944.6	2009.8	3	845	1939	3184	3.1413	1	that	464.1782
AO	1	CAUGHT	941.4	1325.7	1796.4	162.5	188.4	1511.1	472.195	472.128	472.328	0.2	53	1	4	1	6	0			902.4	1302.5	945.2	1328.2	953.0	1357.1	923.8	1380.2	941.4	1351.9	6	993	1408	2701	53.141	1	caught	472.2216
AO	1	CAUGHT	948.8	1322.7	2763.4	86.0	59.6	162.8	473.948	473.888	474.067	0.179	53	1	4	1	6	0			921.0	1334.8	951.6	1322.8	966.2	1337.8	948.1	1387.8	917.6	1463.8	5	963	1345	2792	53.141	1	caught	473.9833
AH	1	TROUBLE	867.9	1371.1	1684.0	144.1	106.5	1862.3	474.924	474.897	474.977	0.08	6	1	1	2	8	1			874.8	1376.0	866.2	1369.7	834.5	1344.4	780.5	1280.4	678.0	1178.5	6	900	1391	2836	6.11281	1	trouble	474.9205
AW	1	FOUND	1047.9	1618.3	2817.4	220.4	312.1	227.4	477.052	477.007	477.196	0.189	42	4	4	2	1	3			1025.6	1612.7	1061.4	1600.6	1076.6	1548.1	916.5	1400.0	774.4	1195.5	5	1064	1610	2811	42.44213	1	found	477.0734
AW	1	OUT	990.9	1611.1	2830.4	93.0	202.3	199.4	477.422	477.406	477.586	0.18	42	1	4	1	0	0			997.4	1593.1	970.7	1487.2	925.6	1365.6	813.9	1285.1	822.3	1107.6	5	998	1578	2774	42.141	1	out	477.4444
AY	1	FIND	961.7	1657.7	2228.8	295.1	321.3	826.8	481.255	481.198	481.349	0.151	41	4	4	2	1	3		s	793.8	1470.9	950.2	1611.6	908.0	1752.5	656.7	1625.0	572.0	1388.9	6	957	1731	2188	41.44213	1	find	481.2602
AW	1	OUT	877.5	1834.4	2882.9	159.2	185.9	469.4	481.442	481.418	481.548	0.13	42	1	4	1	0	0			889.1	1817.4	925.0	1675.1	889.9	1532.2	811.4	1424.7	710.6	1294.7	5	924	1693	2886	42.141	1	out	481.4597
AH	1	SOMETHING	799.8	1280.8	2611.9	349.8	126.1	409.2	481.718	481.688	481.778	0.09	6	4	1	2	3	4			789.9	1305.0	796.1	1276.7	723.5	1261.5	592.6	1253.3	538.4	1195.0	6	772	1284	2692	6.41232	1	something	481.7064
EH	1	NECESSARILY	615.3	2030.5	3529.6	91.1	123.8	1028.2	482.725	482.689	482.798	0.109	2	6	4	2	3	2			606.3	2039.5	616.6	2027.7	632.1	2017.1	636.7	2006.3	631.8	1968.1	4	602	2012	3355	2.60032	1	(neces)sarily	482.7109
IY	1	MEAN	548.0	2834.2	3732.7	199.0	317.5	719.1	483.289	483.259	483.349	0.09	11	4	4	2	2	0			539.3	2782.1	548.4	2836.6	558.5	2871.1	575.7	2890.5	584.8	2917.3	3	588	2846	3684	11.4422	1	mean	483.2986
AH	1	TROUBLE	840.6	1414.2	2591.0	122.3	107.1	845.2	483.886	483.859	483.939	0.08	6	1	1	2	8	1			829.8	1414.0	840.3	1414.0	823.4	1403.6	783.4	1351.6	690.8	1256.7	5	841	1415	2679	6.11281	1	trouble	483.8905
AE	1	HAPPEN	865.1	2206.8	3717.0	108.5	151.6	523.5	486.028	485.985	486.115	0.13	3	1	1	1	0	1			805.0	2282.2	868.8	2197.0	898.3	2101.5	884.0	1993.1	770.5	1832.7	4	779	2313	3462	3.11101	1	happen	485.9959
EH	1	BET	918.0	1779.8	3268.1	157.8	78.6	756.2	493.55	493.5	493.65	0.15	2	1	4	1	1	0			820.6	1729.0	925.4	1782.8	1001.5	1815.3	1029.6	1838.7	1036.1	1864.5	4	957	1790	3205	2.1411	1	bet	493.5519
AH	1	MONEY	798.9	1220.2	2630.1	348.6	87.4	979.7	494.548	494.508	494.628	0.12	6	4	4	2	2	1			744.1	1190.0	806.5	1227.9	876.2	1321.2	888.0	1412.3	783.4	1589.0	5	883	1352	2643	6.44221	1	money	494.5728
AH	1	SOMETHING	645.1	1201.1	1723.0	506.0	238.2	538.7	497.055	497.028	497.108	0.08	6	4	1	2	3	4			585.6	1148.9	646.6	1205.2	649.4	1236.9	640.0	1235.0	614.9	1245.9	6	773	1264	2051	6.41232	1	something	497.0752
EY	1	SAY	549.5	2027.4	3225.8	53.3	118.5	82.2	500.714	500.702	500.802	0.1	22	0	0	0	3	0			539.9	2086.2	528.1	2159.5	540.3	2159.0	572.9	2119.1	601.6	2028.3	4	555	2011	3219	22.0003	1	say	500.7109
AO	1	MORE	691.5	1128.9	2416.5	337.3	77.6	361.1	502.142	502.122	502.181	0.059	64	6	4	2	2	0			655.7	1091.2	694.5	1134.6	712.4	1183.8	713.9	1238.0	703.5	1267.7	6	665	1094	2541	64.6002	1	more	502.1337
EH	1	BET	934.2	1575.3	3182.0	78.3	148.1	226.8	502.635	502.572	502.761	0.189	2	1	4	1	1	0			929.3	1589.1	938.3	1573.7	981.6	1589.0	984.1	1623.3	944.4	1677.9	5	964	1575	3203	2.1411	1	bet	502.6527
EH	1	BET	878.3	1622.5	3165.3	155.2	110.8	133.7	503.391	503.354	503.464	0.11	2	1	4	1	1	0			764.7	1548.1	881.2	1628.2	904.0	1701.7	898.3	1734.8	854.9	1746.6	4	924	1734	3145	2.1411	1	bet	503.4141
AY	1	LIKE	620.7	1411.4	1615.1	119.3	94.9	1354.9	503.944	503.933	504.033	0.1	47	1	6	1	7	0		m	615.0	1461.7	595.4	1500.4	576.0	1496.7	552.2	1486.1	472.1	1454.6	6	667	1533	3082	47.1617	1	like	503.9576
EH	1	BET	737.1	1677.2	3133.2	239.5	156.1	207.0	504.98	504.95	505.039	0.089	2	1	4	1	1	0			652.2	1647.6	744.0	1681.4	808.6	1732.4	823.8	1778.6	857.5	1860.2	4	866	1750	3101	2.1411	1	bet	504.9956
EH	1	BET	777.5	1808.3	3004.9	189.3	152.2	147.2	506.492	506.472	506.532	0.06	2	1	4	1	1	0			745.8	1772.3	780.5	1813.0	794.9	1844.1	807.9	1873.6	808.6	1903.2	4	815	1842	2979	2.1411	1	bet	506.4999
AE	1	HAPPEN	942.7	2007.6	3068.5	166.0	224.2	205.6	507.548	507.511	507.622	0.111	3	1	1	1	0	1			916.3	2061.1	945.0	1999.9	950.3	1928.4	931.4	1859.9	833.9	1764.8	5	810	2052	3039	3.11101	1	happen	507.5023
EH	1	BET	792.7	1766.1	3034.9	236.7	163.0	115.6	508.387	508.36	508.44	0.08	2	1	4	1	1	0			755.7	1718.1	796.3	1769.6	829.4	1793.0	831.1	1813.8	814.4	1867.8	4	840	1785	3062	2.1411	1	bet	508.4061
EH	1	NECESSARILY	621.3	1894.8	2726.6	132.7	362.1	304.5	510.39	510.34	510.49	0.15	2	6	4	2	3	2			603.6	1897.3	622.1	1890.2	622.7	1849.5	618.0	1778.0	642.8	1714.3	5	597	1902	2936	2.60032	1	(neces)sarily	510.3629
EH	1	SET	939.8	1660.8	2996.8	74.9	192.0	404.8	510.91	510.87	510.99	0.12	2	1	4	1	3	0			889.7	1684.3	940.2	1663.4	890.3	1721.1	814.1	1796.2	679.8	1838.3	5	941	1642	2994	2.1413	1	set	510.9034
IY	1	DEAL	441.2	2818.2	3247.2	118.2	222.9	2566.3	511.15	511.1	511.25	0.15	11	5	4	2	3	0			441.4	2741.5	439.6	2815.0	413.0	2852.0	446.1	2582.2	555.7	2130.5	4	503	2101	3054	11.5423	1	deal	511.2088
AE	1	MAT	934.8	2138.5	3220.8	470.0	399.3	207.0	516.83	516.73	517.029	0.299	3	1	4	1	2	0			736.9	2086.9	956.5	2125.9	978.6	2061.9	997.5	1901.7	1056.0	1841.7	5	729	2096	3250	3.1412	1	mat	516.7468
IY	1	FEET	433.9	2588.8	3143.0	126.2	302.6	1422.9	519.01	518.977	519.077	0.1	11	1	4	1	1	0			431.6	2311.6	433.3	2624.8	419.9	2760.5	417.8	2766.1	421.3	2629.9	4	413	2777	3414	11.1411	1	feet	519.0348
AA	1	ON	1031.9	1749.5	3104.0	153.4	128.1	166.2	519.167	519.107	519.287	0.18	53	4	4	2	0	0			912.5	1810.9	1040.4	1746.3	1082.8	1717.6	1054.5	1699.0	944.0	1692.2	4	1145	1756	3081	5.442	1	on	519.1978
AH	1	RUG	847.7	1412.2	1558.3	108.5	166.9	739.2	520.629	520.583	520.722	0.139	6	1	6	2	7	0			834.9	1397.2	846.8	1416.8	820.8	1468.9	789.0	1552.6	673.4	1368.6	6	888	1439	2826	6.1627	1	rug	520.6334
AE	1	HAVE	808.4	1995.7	3111.5	160.7	153.6	240.5	521.456	521.422	521.523	0.101	3	3	2	2	0	0			755.7	1970.4	811.2	1998.1	838.5	1991.3	831.4	1922.1	767.8	1835.8	4	853	2007	3028	3.322	1	have	521.4613
AW	1	HOUSE	973.4	1434.3	3086.9	208.1	179.0	110.8	521.889	521.882	521.992	0.11	42	3	4	1	0	0			955.1	1397.3	918.8	1295.6	859.0	1179.8	782.4	1149.6	915.0	1591.3	4	1038	1574	2970	42.342	1	house	521.8482
OW	1	GO	566.4	1458.6	2599.6	138.7	112.9	433.0	548.226	548.197	548.357	0.16	63	0	0	0	6	0			777.8	1738.3	1132.0	1990.6	722.4	1259.3	571.8	1282.6	468.5	1390.1	5	671	1280	2579	62.0006	1	go	548.2554
EH	1	VERY	544.3	2139.3	2626.9	79.9	435.9	366.4	549.261	549.198	549.387	0.189	2	6	4	2	1	1			545.4	2111.4	544.8	2140.1	568.1	2099.5	591.3	2002.6	583.6	1946.7	5	540	2120	2636	2.60011	1	very	549.2557
EH	1	DRESS	845.9	1697.1	2818.6	196.7	201.7	2111.9	550.121	550.088	550.188	0.1	2	3	4	1	8	0			783.4	1740.3	852.5	1690.4	877.7	1646.1	891.5	1631.7	922.9	1642.1	5	908	1636	3193	2.3418	1	dress	550.1616
OW	1	CODE	654.0	1247.2	2308.7	240.7	120.3	653.9	550.465	550.458	550.588	0.13	62	1	4	2	6	0			637.7	1224.5	575.7	1204.2	597.1	1192.7	552.6	1190.8	497.2	1203.8	6	702	1257	2763	62.142	1	code	550.4468
AH	1	BUTTON	695.7	1258.1	2813.6	138.9	57.9	281.7	552.539	552.496	552.626	0.13	6	1	4	1	1	1			596.8	1235.3	708.7	1262.0	795.8	1333.1	834.2	1414.0	903.9	1505.0	5	741	1264	2857	6.14111	1	button	552.5452
AW	1	DOWN	827.7	1848.3	3124.2	278.9	198.6	1538.8	552.795	552.776	552.916	0.14	42	4	4	2	3	0			895.5	1842.1	910.4	1812.8	843.1	1732.7	700.0	1573.4	592.6	1426.7	5	928	1830	2872	42.4423	1	down	552.8154
ER	1	SHIRTS	549.8	1756.7	2073.3	153.5	348.9	307.1	553.152	553.105	553.245	0.14	94	1	4	1	5	3			557.6	1823.0	555.2	1754.6	594.5	1710.0	586.1	1679.6	554.8	1730.4	5	594	1665	2086	94.60053	1	shirts	553.1852
OY	1	BOYS	588.5	1464.8	2498.7	80.5	122.3	534.3	554.838	554.801	554.911	0.11	61	3	4	2	1	0			581.9	1284.7	588.5	1476.3	569.9	1676.4	513.1	1826.2	460.0	1934.5	5	587	1294	2480	61.0021	1	boys	554.8224
ER	1	GIRLS	603.4	1728.7	2150.3	89.6	262.1	183.4	555.227	555.181	555.32	0.139	94	5	4	2	6	3			590.3	1778.0	606.8	1721.2	639.1	1667.4	665.2	1618.9	687.6	1566.0	5	587	1792	2057	94.60053	1	girls	555.2042
AE	1	MATTER	641.3	1957.6	2539.3	173.5	170.8	1613.0	555.733	555.7	555.8	0.1	3	1	4	1	2	1			624.1	1945.4	643.6	1959.4	685.7	1966.3	688.1	1938.7	651.9	1873.5	5	617	1932	3263	3.14121	1	matter	555.7082
EY	1	HATE	496.7	2482.8	2966.8	229.5	874.5	347.0	556.854	556.841	556.931	0.09	21	1	4	1	0	0			489.3	2511.8	472.0	2556.6	459.9	2540.4	461.7	2507.5	481.9	2365.1	4	492	2485	2989	21.141	1	hate	556.8543
ER	1	SHIRTS	601.2	1796.9	2323.2	97.2	178.8	259.9	557.354	557.321	557.421	0.1	94	1	4	1	5	3			605.5	1800.1	600.2	1797.6	598.4	1809.8	588.6	1830.4	579.0	1842.9	5	600	1791	2295	94.60053	1	shirts	557.3605
AE	1	SACKS	763.5	2168.8	2651.4	78.7	164.8	1079.0	558.511	558.441	558.651	0.21	3	1	6	1	3	3			727.6	1972.2	765.8	2169.1	798.8	2127.6	824.3	2067.5	758.9	1877.3	5	719	2169	3297	3.1613	1	sacks	558.4744
AE	1	THAT	715.2	1942.6	3295.6	152.6	125.9	253.3	562.829	562.812	562.863	0.051	3	1	4	1	3	0			703.8	1939.8	717.6	1942.8	733.0	1935.1	741.0	1913.5	742.9	1886.3	4	683	1926	3284	3.1413	1	that	562.82
EY	1	SAY	549.4	2198.1	3041.4	136.2	112.0	709.7	564.223	564.203	564.314	0.111	22	0	0	0	3	0			548.8	2213.2	505.2	2336.7	479.9	2410.5	469.7	2222.4	529.6	1861.5	4	523	2146	2971	22.0003	1	say	564.2149
UW	1	TOO	584.9	1898.5	2954.6	74.6	124.4	371.3	564.45	564.443	564.583	0.14	73	0	0	0	3	0			583.7	1785.2	582.9	1572.8	553.5	1347.8	550.4	1226.3	535.5	1368.8	5	593	1964	3229	73.0003	1	too	564.4465
AE	1	CAN'T	549.0	2520.1	3356.8	100.9	113.6	761.0	565.443	565.413	565.503	0.09	33	4	4	2	6	3			548.6	2543.4	549.4	2517.3	556.2	2478.4	567.3	2439.1	608.8	2387.9	4	558	2483	3321	3.44203	1	can't	565.4554
AY	1	TIE	1028.1	1751.9	2890.5	256.0	215.4	1031.2	565.987	565.982	566.152	0.17	41	0	0	0	3	0			967.5	1824.6	878.8	2022.4	759.7	2154.0	631.1	2164.9	531.1	1909.6	5	1040	1886	2828	41.0003	1	tie	566.0152
AA	1	BOTTOM	950.6	1594.4	2136.5	243.0	186.8	1152.2	566.629	566.563	566.762	0.199	5	1	4	1	1	1			890.3	1575.8	962.7	1600.5	970.9	1602.9	953.8	1627.3	886.7	1633.8	6	981	1628	2979	5.14111	1	bottom	566.6487
EH	2	GIRLFRIEND	661.5	1705.7	2564.8	141.0	146.8	327.5	569.37	569.334	569.443	0.109	2	4	4	2	8	3			630.2	1704.8	665.3	1707.1	666.9	1719.6	645.7	1740.4	620.6	1781.6	5	669	1718	2509	2.44283	1	(girl)friend	569.3862
AE	1	JAN	558.6	2628.4	3418.2	136.9	353.4	356.1	570.296	570.233	570.423	0.19	33	4	4	2	5	0			487.1	2641.5	566.5	2623.7	623.3	2582.0	624.5	2388.0	653.2	2210.4	4	537	2620	2933	3.4425	1	Jan	570.2921
AA	1	GOT	880.7	1884.8	2710.8	221.5	244.2	1583.0	570.649	570.582	570.782	0.2	5	1	4	1	6	0			804.1	1900.6	886.3	1867.9	917.6	1787.8	872.4	1636.9	694.2	1493.0	6	916	1808	2967	5.1416	1	got	570.6803
EH	1	DETENTION	714.9	1823.4	3306.6	357.8	140.2	211.5	571.022	571.002	571.062	0.06	2	4	4	2	3	4			751.9	1811.7	710.2	1824.1	679.3	1831.6	652.4	1842.4	626.1	1863.5	4	811	1774	3211	2.44234	1	(de)tention	571.0029
AE	1	HAD	752.7	2202.9	3214.0	164.6	102.5	543.9	572.136	572.099	572.21	0.111	3	1	4	2	0	0			691.3	2230.3	757.4	2200.2	771.7	2163.6	697.5	2105.5	597.9	2063.2	4	648	2215	3134	3.142	1	had	572.116
IH	1	SIX	746.4	1778.0	3141.1	421.1	178.0	1026.0	573.093	573.049	573.18	0.131	1	1	6	1	3	3			714.9	1726.9	744.0	1784.0	795.5	1823.7	736.7	1859.0	828.9	1872.3	5	707	1791	3322	1.16133	1	six	573.1055
AA	1	GOT	819.6	1955.2	2676.7	198.9	117.8	1654.1	574.204	574.181	574.251	0.07	5	1	4	1	6	0			742.7	1974.4	826.6	1953.4	867.0	1922.8	880.4	1880.5	882.8	1821.0	5	885	1862	2689	5.1416	1	got	574.2302
AA	1	SOCKS	965.9	1662.6	1996.1	109.5	162.0	1235.4	574.717	574.66	574.83	0.17	5	1	6	1	3	3			856.5	1594.1	973.6	1663.2	1011.2	1660.5	1009.0	1673.5	965.5	1696.2	6	1024	1685	3084	5.1613	1	socks	574.7342
OW	1	NO	556.3	1291.5	2229.1	111.1	242.7	583.3	575.057	575.041	575.15	0.109	63	0	0	0	4	0			557.6	1234.9	558.9	1201.2	550.6	1120.1	563.8	1031.5	531.2	1291.7	6	588	1295	2504	62.0004	1	no	575.0817
AA	2	FLIPFLOPS	991.7	1592.7	3362.2	207.9	200.6	442.9	575.554	575.521	575.62	0.099	5	1	1	1	8	3			988.9	1577.1	992.9	1594.4	963.2	1588.6	890.4	1536.9	874.2	1495.4	4	962	1578	3052	5.1118	1	(flip)flops	575.5693
AO	1	HALL	949.5	1412.8	3338.1	182.7	189.3	52.4	578.787	578.764	578.834	0.07	53	5	4	2	0	0			948.1	1428.6	950.5	1410.8	962.5	1382.3	979.1	1351.4	972.0	1298.2	5	964	1393	3336	53.542	1	hall	578.7988
AA	1	MONITOR	1102.2	1701.3	3310.8	264.7	176.6	153.9	579.024	578.984	579.103	0.119	5	4	4	2	2	2			1075.2	1666.3	1103.2	1706.1	1104.5	1750.3	1071.5	1771.9	966.4	1765.1	4	1180	1798	3293	5.44222	1	monitor	579.039
AO	1	STALKS	844.1	1416.8	1938.1	108.8	147.2	1085.4	580.042	579.992	580.142	0.15	53	1	6	1	3	3			805.4	1493.5	845.7	1413.9	863.5	1408.9	840.7	1414.8	835.0	1284.5	6	888	1425	2571	53.1613	1	stalks	580.0642
AW	1	OUT	911.4	1729.9	2984.1	87.2	380.4	504.3	581.458	581.451	581.601	0.15	42	1	4	1	0	0			893.8	1574.4	869.7	1549.6	853.8	1459.6	784.4	1389.6	582.3	1272.8	5	935	1786	3082	42.141	1	out	581.4514
AE	1	LAST	805.2	2035.3	3269.2	78.9	90.4	278.5	582.751	582.707	582.838	0.131	33	3	4	1	7	0			785.2	2023.8	807.6	2032.5	807.0	1993.2	762.7	1995.9	721.2	1933.1	4	806	2044	3272	3.34173	1	last	582.7361
AA	1	JOHN	1055.5	1818.0	3338.4	666.9	212.2	317.6	583.374	583.337	583.447	0.11	5	4	4	2	5	0			906.4	1876.0	1062.8	1814.6	1130.4	1766.9	1076.4	1775.8	944.6	1829.5	4	1138	1767	3265	5.4425	1	John	583.391
AA	1	GOT	802.5	1920.7	2160.1	168.5	470.2	1177.4	583.574	583.547	583.627	0.08	5	1	4	1	6	0			726.7	1964.8	806.9	1915.5	842.9	1871.2	858.4	1842.1	855.2	1711.2	5	891	1910	3339	5.1416	1	got	583.5884
EH	1	SUSPENDED	921.2	1627.1	3288.9	242.1	153.5	545.7	583.944	583.917	583.998	0.081	2	4	4	2	1	4			860.4	1603.5	925.3	1629.5	941.6	1658.2	917.9	1694.1	843.6	1717.3	4	944	1661	3296	2.44213	1	(su)spended	583.9573
EH	1	SAID	658.8	1827.9	3383.2	187.4	90.0	229.1	585.067	585.041	585.12	0.079	2	1	4	2	3	0			617.9	1824.5	666.4	1825.5	680.7	1789.6	651.3	1734.5	593.1	1678.3	4	687	1817	3363	2.1423	1	said	585.0733
EH	1	DRESS	788.3	1693.3	3195.1	152.6	151.9	540.3	585.41	585.37	585.49	0.12	2	3	4	1	8	0			701.9	1735.3	793.2	1688.1	825.0	1638.7	835.3	1608.3	819.9	1549.2	4	837	1627	3107	2.3418	1	dress	585.438
OW	1	CODE	655.3	1183.6	2398.1	349.0	305.8	1095.2	585.715	585.7	585.83	0.13	62	1	4	2	6	0			571.4	1140.3	580.1	1092.0	529.9	1061.2	492.5	1100.5	444.6	1204.9	6	560	1073	2795	62.142	1	code	585.7404
AH	1	SUCKS	885.3	1460.1	3096.0	177.2	150.1	392.3	586.081	586.041	586.16	0.119	6	1	6	1	3	3			836.9	1439.9	886.8	1462.3	894.5	1450.2	888.1	1439.1	853.8	1428.1	4	862	1437	3019	6.1613	1	sucks	586.0685
IY	1	SEE	450.2	2107.4	3048.5	104.3	102.2	577.9	587.48	587.457	587.527	0.07	12	0	0	0	3	0			454.4	2172.4	449.9	2095.6	449.4	1931.4	452.8	1767.1	457.3	1628.4	4	451	2147	2872	12.0003	1	see	587.4698
AA	1	FATHER	919.4	1617.3	3107.9	145.1	156.6	477.2	589.771	589.727	589.858	0.131	43	3	3	2	1	1			902.7	1597.2	921.1	1619.2	894.1	1619.8	821.0	1609.0	740.8	1597.0	4	928	1641	3133	43.33111	1	father	589.7878
IY	1	MEAN	599.2	2973.9	3923.3	289.8	226.6	965.4	590.89	590.847	590.977	0.13	11	4	4	2	2	0			563.6	2945.6	597.5	2975.6	560.3	2935.6	561.3	2974.6	559.1	3039.2	4	600	2982	3941	11.4422	1	mean	590.8953
OW	1	SO	557.3	1349.5	3120.6	156.2	174.3	1088.5	591.535	591.518	591.617	0.099	63	0	0	0	3	0			556.8	1319.3	559.7	1173.6	534.1	1146.3	502.8	1152.8	491.4	1210.2	5	581	1412	3264	62.0003	1	so	591.528
AA	1	PROBABLY	983.0	1798.3	2892.0	54.3	608.8	151.8	596.864	596.847	596.898	0.051	5	1	1	2	8	1			981.0	1814.1	983.5	1797.1	986.3	1799.7	989.0	1798.9	993.3	1802.9	4	974	1655	2880	5.11282	1	probably	596.8846
AH	1	TOUGH	891.7	1522.5	2767.8	151.5	167.1	127.3	598.808	598.761	598.901	0.14	6	3	2	1	3	0			799.5	1647.6	898.8	1516.0	935.3	1472.7	923.1	1449.4	880.8	1409.8	5	933	1461	2775	6.3213	1	tough	598.8414
AE	1	HAVE	759.7	2076.8	2833.1	151.2	124.1	2063.9	600.096	600.066	600.156	0.09	3	3	2	2	0	0			752.6	2091.6	760.1	2074.0	780.2	2008.4	813.6	1935.0	833.0	1884.2	5	760	2089	2670	3.322	1	have	600.0905
UW	1	SHOES	397.1	1356.1	2537.1	36.6	276.9	597.9	601.749	601.689	601.868	0.179	72	3	4	2	5	0			414.6	1537.9	395.8	1344.8	388.8	1397.3	392.2	1485.7	376.4	1596.6	5	429	1806	2326	72.0025	1	shoes	601.702
AA	1	SOCKS	983.0	1624.7	2945.6	171.1	155.7	513.9	602.195	602.148	602.288	0.14	5	1	6	1	3	3			901.2	1651.4	993.9	1624.3	1070.7	1637.4	1084.0	1637.1	1132.6	1640.3	4	1010	1575	2601	5.1613	1	socks	602.2211
EH	1	EVERY	923.3	1730.9	3313.7	229.1	218.5	709.8	602.625	602.588	602.699	0.111	2	3	2	2	0	1			914.0	1710.6	922.7	1731.6	914.8	1724.1	882.8	1714.7	803.5	1696.6	4	876	1663	2788	2.32202	1	every	602.6272
EY	1	DAY	772.9	2034.4	3516.5	193.6	120.0	410.6	602.973	602.898	603.098	0.2	22	0	0	0	3	0			713.0	1972.1	769.7	2025.5	737.9	2052.8	654.6	2283.0	556.2	2407.4	4	738	1993	2495	22.0003	1	day	602.9575
AY	1	I	924.4	1604.9	2716.8	177.3	163.6	537.9	604.722	604.735	604.824	0.089	41	0	0	0	0	0		s	846.4	1774.2	787.7	1877.4	737.5	1976.2	649.8	1924.2	537.0	1628.2	5	927	1616	2686	41.0006	1	I	604.7321
AA	2	FLIPFLOPS	894.9	1327.7	1971.5	125.9	106.1	1697.4	605.328	605.295	605.394	0.099	5	1	1	1	8	3			881.2	1265.7	894.4	1332.5	884.6	1358.7	891.8	1376.3	909.8	1397.5	6	924	1401	2775	5.1118	1	(flip)flops	605.354
EH	1	EVERY	707.7	1554.1	3148.5	223.4	177.7	393.8	605.537	605.504	605.604	0.1	2	3	2	2	0	2			588.5	1529.4	723.5	1554.6	811.5	1570.0	824.7	1588.1	765.4	1586.8	5	844	1587	2988	2.32202	1	every	605.5672
EY	1	DAY	643.6	2087.8	3553.9	239.5	143.9	218.9	605.844	605.774	605.934	0.16	22	0	0	0	3	0			558.7	2049.2	622.9	2064.1	632.2	2104.5	622.6	2115.9	604.4	2139.3	4	671	2122	3488	21.0003	1	day	605.8546
EH	1	EXCEPT	797.6	1754.3	3099.0	279.3	178.9	460.9	606.108	606.075	606.174	0.099	2	1	1	1	3	3			760.3	1836.2	801.4	1746.0	818.1	1683.0	802.0	1663.5	776.2	1759.0	5	817	1670	2928	2.11133	1	(ex)cept	606.127
AE	1	HAVE	893.3	1917.2	3015.3	159.5	286.3	195.7	615.614	615.584	615.675	0.091	3	3	2	2	0	0			915.6	1977.8	887.7	1903.5	850.9	1820.4	805.9	1745.6	773.7	1674.1	5	943	2026	3021	3.322	1	have	615.5881
UW	1	STUPID	409.6	1535.0	2503.2	79.5	382.7	330.4	615.971	615.954	616.004	0.05	82	1	1	1	3	1			405.9	1554.4	409.6	1535.0	414.5	1522.1	423.2	1519.2	447.3	1526.9	6	397	1740	2604	82.11131	1	stupid	615.9535
EH	1	DRESS	712.7	1655.5	2579.5	135.8	286.4	674.5	616.231	616.194	616.305	0.111	2	3	4	1	8	0			609.8	1695.3	724.9	1653.7	782.9	1662.4	822.4	1664.3	892.3	1771.4	5	785	1659	2659	2.3418	1	dress	616.2495
OW	1	CODE	555.7	1296.6	2656.2	208.6	275.3	182.4	616.525	616.504	616.595	0.091	62	1	4	2	6	0			556.4	1290.1	572.9	1273.0	565.1	1311.5	540.0	1398.4	512.8	1531.1	5	568	1272	2672	62.142	1	code	616.5347
AY	0	DIVERSE	742.6	1951.3	3080.2	187.9	167.9	280.6	618.856	618.814	618.924	0.11	41	3	2	2	3	1		m	683.8	1905.0	739.5	1939.4	723.1	1982.7	653.6	1988.9	565.2	1862.8	5	740	1933	3095	41.32231	1	diverse	618.8497
ER	1	DIVERSE	563.8	1514.1	2103.9	200.6	310.8	344.8	619.04	619.003	619.113	0.11	94	3	4	1	1	0			526.8	1436.1	568.9	1518.7	582.3	1578.7	527.0	1612.4	528.3	1568.6	6	538	1458	2012	94.6001	1	(di)verse	619.0307
AA	1	ARE	1111.1	1568.1	2332.5	298.5	192.4	908.1	624.689	624.652	624.762	0.11	44	6	4	2	0	0			1055.0	1577.7	1112.0	1568.9	1062.8	1606.3	919.7	1634.3	771.9	1628.7	5	1121	1571	2348	44.6	1	are	624.6932
OW	1	NO	654.2	1520.2	2943.0	242.3	100.0	1213.7	626.826	626.801	627.011	0.21	63	0	0	0	4	0			740.8	1350.6	685.3	1205.5	618.0	1080.6	561.3	932.5	501.1	852.8	5	767	1338	3274	62.0004	1	no	626.846
IY	1	REVEALING	450.6	2922.7	3783.8	186.2	194.6	238.3	627.277	627.23	627.37	0.14	11	5	4	2	1	1			418.9	2716.1	456.4	2940.9	523.3	3084.6	588.3	3247.7	1061.9	3166.9	3	480	2700	3170	11.5421	1	(re)vealing	627.2835
AH	1	STUFF	943.8	1430.5	3271.4	372.9	154.0	603.8	627.867	627.78	628.04	0.26	6	3	2	1	3	0			983.2	1454.1	942.3	1425.2	900.7	1388.5	936.9	1392.2	894.2	1317.6	4	918	1417	2933	6.3213	1	stuff	627.8733
OW	1	KNOW	608.0	1440.3	2353.7	181.7	124.3	1437.0	629.059	629.04	629.12	0.08	63	0	0	0	4	0			604.8	1458.5	620.2	1402.3	641.3	1382.9	635.4	1381.9	610.0	1380.1	6	634	1405	2955	62.0004	1	know	629.0688
AE	1	CAN'T	518.9	2672.2	3477.6	173.8	163.5	431.2	629.628	629.598	629.689	0.091	33	4	4	2	6	3			487.4	2751.7	527.3	2664.2	584.5	2556.2	630.7	2320.3	665.3	2105.3	4	590	2585	3163	3.44203	1	can't	629.6358
AH	1	BUTT	780.9	1257.2	2726.6	119.6	98.8	279.3	630.598	630.558	630.678	0.12	6	1	4	1	1	0			699.5	1037.9	782.8	1270.1	781.7	1382.4	748.8	1494.0	665.5	1637.7	6	777	1356	2740	6.1411	1	butt	630.6117
AO	1	SHORTS	552.5	1024.7	2284.7	84.2	163.6	288.6	630.909	630.869	630.988	0.119	64	6	4	2	5	3			540.1	1084.6	553.3	1024.4	566.2	1054.4	577.9	1101.7	613.9	1173.7	6	561	1051	2314	54.60053	1	shorts	630.8999
AH	1	BUTT	765.2	1162.8	2792.9	211.5	73.4	108.0	632.127	632.094	632.194	0.1	6	1	4	1	1	0			679.0	1158.7	783.7	1168.4	874.4	1213.1	858.4	1248.9	873.4	1304.7	6	839	1209	2845	6.1411	1	butt	632.1503
AW	1	OUT	1008.3	1840.8	3036.5	373.1	318.6	249.4	632.538	632.513	632.653	0.14	42	1	4	1	0	0			1032.8	1803.4	1081.9	1629.0	1053.1	1460.2	1004.3	1309.1	799.1	1128.6	4	1150	1720	2958	42.141	1	out	632.5586
IY	1	REASONABLE	435.6	2486.5	3066.0	239.8	541.0	821.1	636.056	636.029	636.11	0.081	11	3	4	2	7	2			450.4	2340.4	434.9	2488.3	429.7	2350.9	426.5	2112.0	414.2	2063.3	4	432	2519	3156	11.34272	1	reasonable	636.054
IH	1	FLIPFLOPS	585.3	1391.0	2272.7	218.3	54.6	1619.8	637.71	637.693	637.744	0.051	1	1	1	1	8	4			596.9	1396.5	581.9	1388.8	551.0	1370.1	524.6	1352.8	497.8	1341.3	6	626	1407	3233	1.11184	1	flipflops	637.7063
AA	2	FLIPFLOPS	969.4	1450.5	3120.5	224.1	177.4	90.4	637.926	637.903	637.973	0.07	5	1	1	1	8	3			953.6	1447.2	969.9	1450.9	950.7	1444.4	883.3	1419.8	741.6	1386.3	4	954	1451	3076	5.1118	1	(flip)flops	637.9315
OW	1	DON'T	714.4	1471.6	1733.6	197.5	258.3	370.6	649.535	649.501	649.64	0.139	62	4	4	2	3	3			667.2	1463.5	799.3	1396.2	831.2	1257.7	806.0	1191.1	619.3	1159.3	6	924	1389	2901	62.44233	1	don't	649.554
OW	1	KNOW	891.2	1193.2	3232.0	460.1	110.9	487.4	649.808	649.801	649.89	0.089	63	0	0	0	4	0			830.6	1163.9	673.5	1104.4	576.5	1089.3	516.2	1062.2	514.5	1044.1	5	1079	1519	3219	62.0004	1	know	649.7599
AA	1	LOT	775.5	1223.2	2847.9	203.3	221.5	1257.8	650.882	650.812	651.023	0.211	5	1	4	1	7	0			702.1	1132.4	794.6	1223.7	962.4	1375.7	994.1	1538.9	963.5	1542.4	5	1001	1513	2178	5.1417	1	lot	650.9382
AO	1	TALKED	1005.7	1377.2	3231.0	148.6	151.5	322.1	652.337	652.307	652.396	0.089	53	1	6	1	3	3			996.9	1370.9	1009.1	1378.2	1029.5	1371.4	1020.0	1375.2	994.2	1383.9	4	999	1356	3050	53.1613	1	talked	652.3481
IH	1	SYRACUSE	550.0	1894.0	2956.0	274.1	436.2	727.9	653.169	653.126	653.256	0.13	14	6	4	2	3	2			583.8	1837.6	547.9	1915.2	597.4	2012.3	644.5	1861.6	623.6	1901.7	5	587	2049	2978	14.60032	1	Syracuse	653.1889
OW	1	SO	815.9	1376.0	3647.8	237.2	117.7	678.9	654.818	654.785	655.045	0.26	63	0	0	0	3	0			875.0	1350.8	886.1	1265.8	776.2	1138.5	782.3	2015.8	812.9	3015.4	4	921	1315	3256	62.0003	1	so	654.8583
AH	1	ENOUGH	990.0	1482.0	2997.9	226.1	136.1	1136.4	661.015	660.992	661.062	0.07	6	3	2	1	4	0			967.5	1522.5	990.4	1477.3	964.3	1425.8	929.2	1396.5	930.4	1395.0	5	990	1449	3158	6.3214	1	(e)nough	661.0213
IY	1	PEOPLE	454.7	2607.2	3182.5	193.2	209.2	748.0	661.259	661.232	661.312	0.08	11	1	1	1	1	1			450.9	2643.5	455.4	2602.9	455.6	2500.6	450.5	2295.2	431.1	2105.5	4	459	2622	3144	11.11111	1	people	661.2602
EH	1	THERE	741.9	1908.3	2961.7	126.3	567.2	1550.9	661.559	661.522	661.632	0.11	24	6	4	2	3	0			732.4	1873.7	741.7	1906.7	747.1	1876.2	762.6	1857.7	776.2	1823.6	5	747	1914	3101	24.6003	1	there	661.5497
OW	1	ONLY	571.0	1064.2	2534.3	221.2	245.5	570.3	661.847	661.822	661.923	0.101	62	4	4	2	0	1			559.4	1077.4	591.8	1036.4	624.0	992.9	603.1	926.9	553.1	913.9	6	640	993	3244	62.44204	1	only	661.8736
AA	1	SHOPPING	1049.9	1668.7	2756.1	61.0	162.2	548.3	665.873	665.826	665.967	0.141	5	1	1	1	5	1			979.7	1698.7	1051.3	1667.4	1042.0	1625.5	999.8	1605.8	857.6	1511.4	4	1034	1604	2643	5.1115	1	shopping	665.8953
AH	1	STUFF	740.6	1372.2	2580.0	161.8	149.5	1115.9	666.766	666.746	666.807	0.061	6	3	2	1	3	0			689.3	1392.5	746.5	1370.3	771.9	1358.9	747.2	1335.8	724.9	1316.8	5	783	1371	2690	6.3213	1	stuff	666.7768
AO	1	TALK	856.1	1521.9	2625.7	120.2	283.3	250.6	671.508	671.478	671.568	0.09	53	1	6	1	3	0			809.2	1510.4	859.0	1516.3	889.4	1456.2	890.3	1425.0	872.1	1416.5	5	890	1422	2630	53.1613	1	talk	671.5342
IH	1	DIFFERENT	501.0	2142.5	3493.4	419.8	423.5	448.1	671.707	671.677	671.767	0.09	1	3	2	1	3	2			557.1	2274.4	501.9	2136.3	538.9	2064.0	614.8	2038.1	678.8	2083.6	4	669	1801	2996	1.32132	1	different	671.7495
EH	1	TELL	979.5	1641.2	3125.9	82.3	130.7	214.2	678.079	678.062	678.112	0.05	2	5	4	2	3	0			976.9	1642.4	979.5	1641.2	982.0	1628.8	981.5	1617.9	979.5	1609.3	4	981	1616	3116	2.5423	1	tell	678.0905
AO	1	MORE	608.0	1045.6	2598.5	153.6	70.4	138.7	678.789	678.752	678.863	0.111	64	6	4	2	2	0			562.7	935.2	618.0	1061.2	704.9	1195.1	771.2	1370.9	794.6	1519.9	5	568	968	2680	64.6002	1	more	678.7789
AE	1	ACCENT	808.9	2469.0	3460.3	195.4	140.9	386.4	679.176	679.103	679.322	0.219	3	1	6	1	0	4			722.6	2425.3	805.7	2466.8	854.7	2433.0	900.5	2304.2	902.1	2237.6	4	868	2398	3412	3.16104	1	accent	679.2152
EY	1	THEY	602.6	2316.2	3281.6	129.1	96.1	114.8	681.484	681.448	681.709	0.261	22	0	0	0	3	0			585.7	2353.9	515.2	2501.0	458.5	2615.5	411.4	2659.6	403.9	2476.4	5	598	2298	3259	22.0003	1	they	681.468
AO	1	MORE	592.2	982.8	2544.8	216.5	73.6	526.7	683.28	683.247	683.347	0.1	64	6	4	2	2	0			559.3	937.8	598.4	991.5	677.9	1079.7	742.1	1211.7	739.4	1287.2	6	695	1055	2760	64.6002	1	more	683.2961
AO	1	CAUGHT	965.5	1362.4	3362.7	102.2	219.7	862.3	699.506	699.416	699.686	0.27	53	1	4	1	6	0			924.4	1299.0	965.5	1363.2	948.8	1383.2	935.7	1405.5	886.4	1472.3	5	966	1367	3430	53.141	1	caught	699.5108
AA	1	DON	1063.0	1704.2	3640.8	265.6	65.4	380.3	703.374	703.287	703.547	0.26	5	4	4	2	3	0			1034.2	1768.7	1068.8	1704.4	1117.0	1709.3	1125.2	1725.3	1085.5	1747.2	4	1171	1724	3590	5.4423	1	Don	703.4318
AA	1	FATHER	1029.2	1667.3	3484.5	98.7	103.8	577.4	706.529	706.469	706.649	0.18	43	3	3	2	1	1			980.5	1654.0	1030.9	1667.2	1043.7	1676.9	1042.1	1695.9	935.6	1679.3	4	1036	1667	3068	43.33111	1	father	706.569
AH	1	BROTHER	707.6	1346.2	2368.9	142.1	180.7	740.6	707.172	707.118	707.279	0.161	6	3	3	2	8	1			585.0	1512.3	719.3	1339.4	803.7	1357.0	840.6	1461.5	730.1	1495.2	5	837	1372	3439	6.33181	1	brother	707.2103
AA	1	BOTHER	1119.8	1649.5	3325.5	84.5	190.6	259.2	708.145	708.085	708.265	0.18	5	3	3	2	1	1			1093.6	1639.6	1122.7	1652.3	1127.5	1681.4	1098.5	1698.3	995.0	1640.7	4	1118	1668	3250	5.33111	1	bother	708.1805
AA	1	BOTHER	991.8	1668.6	3733.2	134.1	226.1	392.1	708.614	708.544	708.754	0.21	5	3	3	2	1	1			905.7	1669.7	997.9	1667.3	1032.2	1669.0	967.7	1627.4	940.4	1660.1	4	1024	1665	3264	5.33111	1	bother	708.676
AA	1	FATHER	955.6	1676.1	3644.6	132.7	184.1	347.5	710.359	710.309	710.46	0.151	43	3	3	2	1	1			876.7	1617.7	965.7	1676.1	983.1	1657.5	950.4	1652.0	829.7	1616.0	4	996	1658	3296	43.33111	1	father	710.3806
IH	1	NEARER	450.1	2946.0	3923.0	83.7	147.1	219.8	714.451	714.391	714.571	0.18	14	6	4	2	4	1			435.1	2861.4	452.0	2947.2	461.2	2833.4	477.3	2738.1	493.0	2503.4	3	453	2815	3699	14.60041	1	nearer	714.4594
IH	1	MIRROR	484.2	2825.7	3950.8	153.1	104.4	433.4	715.087	715.03	715.2	0.17	14	6	4	2	2	1			458.2	2852.0	488.8	2822.8	550.5	2823.3	588.1	2706.1	619.5	2316.5	3	476	2809	3619	1.60021	1	mirror	715.0757
AY	1	RHYME	992.2	1682.2	3415.7	282.4	168.8	1664.4	715.857	715.802	715.982	0.18	41	4	1	2	7	0		s	955.4	1655.8	977.2	1698.2	875.0	1769.8	704.9	1799.7	600.9	1850.4	5	988	1673	3583	41.4127	1	rhyme	715.8393
IY	1	READ	510.6	2057.6	3714.9	170.1	170.8	639.6	729.922	729.898	729.969	0.071	11	1	4	2	7	0			511.9	1892.5	510.5	2074.8	508.4	2217.7	504.7	2322.2	499.1	2350.8	4	491	2007	2738	11.1427	1	read	729.9462
AW	1	OUT	984.2	1507.1	3429.0	1146.4	185.7	349.3	730.075	730.059	730.168	0.109	42	1	4	1	0	0			1050.1	1511.3	1099.8	1506.8	1068.4	1485.1	1028.5	1447.3	958.6	1383.1	4	1140	1554	3359	42.141	1	out	730.0865
AW	1	LOUD	1047.2	1638.9	3430.1	160.8	221.1	319.6	730.287	730.259	730.458	0.199	42	1	4	2	7	0			1052.7	1642.6	1083.8	1630.5	1010.3	1585.0	1093.4	1279.8	1060.6	1529.9	4	1032	1601	3127	42.1427	1	loud	730.3116
AA	1	FARM	959.1	1540.3	1819.2	109.2	139.1	2386.6	732.479	732.419	732.599	0.18	44	6	4	2	1	3			848.5	1475.9	963.6	1551.4	1011.4	1557.9	928.0	1472.6	813.3	1571.8	6	1008	1591	2605	44.6001	1	farm	732.5087
AH	1	DUSK	848.7	1506.4	2892.7	69.9	90.0	256.0	732.962	732.899	733.088	0.189	6	3	4	1	3	3			820.3	1592.0	849.6	1499.7	851.7	1474.8	864.9	1495.4	885.5	1559.6	5	850	1480	2891	6.34133	1	dusk	732.9784
AY	1	SIGHT	849.0	1550.8	3097.7	262.2	108.8	887.4	734.315	734.25	734.51	0.26	47	1	4	1	3	0			840.1	1502.2	788.6	1714.3	551.2	1914.6	430.5	1946.9	438.7	2280.7	5	847	1557	3091	47.1413	1	sight	734.3175
AA	1	SOCKS	1033.6	1630.0	3055.4	143.1	170.5	188.6	734.846	734.779	734.979	0.2	5	1	6	1	3	3			1017.7	1665.9	1037.3	1628.1	1076.2	1629.4	1066.2	1641.3	988.8	1669.9	4	1030	1599	2979	5.1613	1	socks	734.861
EH	1	ELEMENTARY	946.7	1650.7	3749.1	424.2	149.1	233.2	735.463	735.44	735.509	0.069	2	4	4	2	2	5			903.2	1595.4	948.4	1655.6	949.3	1692.4	918.5	1735.9	841.5	1775.9	4	971	1689	1702	2.44225	1	(ele)mentary	735.4722
AY	1	HIGHSCHOOL	1069.6	1821.5	3093.5	249.8	435.0	589.9	736.505	736.505	736.615	0.11	47	3	4	1	0	4			1022.3	1859.2	936.8	1996.1	825.2	2220.7	626.1	2467.4	472.8	2598.3	4	920	1858	2767	47.34201	1	highschool	736.539
OW	1	BOAT	687.0	1139.5	2990.3	226.9	108.3	60.4	737.653	737.627	737.847	0.22	62	1	4	1	1	0			761.2	1133.1	735.6	1067.3	552.2	997.5	466.5	958.7	443.1	900.8	6	722	1106	3058	62.1411	1	boat	737.683
AY	1	SLIDER	1035.5	1609.9	3471.5	201.1	282.9	234.0	739.039	739.017	739.147	0.13	41	1	4	2	8	1			1035.0	1645.8	1020.8	1818.1	928.5	2060.6	779.8	2462.1	574.1	2593.1	4	995	1654	3233	41.14281	1	slider	739.0564
AY	1	SLIDER	920.5	1669.3	3366.5	116.4	241.2	424.4	740.201	740.172	740.302	0.13	41	1	4	2	8	1			918.3	1630.8	891.4	1794.2	805.2	2020.9	714.1	2193.8	593.1	2160.8	4	904	1559	3352	41.14281	1	slider	740.191
IH	1	SIX	696.0	1957.1	3177.2	116.7	184.1	177.8	741.566	741.529	741.639	0.11	1	1	6	1	3	3			624.5	1817.9	698.6	1958.4	707.7	1885.5	696.3	1617.6	641.3	1624.2	6	700	1982	3110	1.16133	1	six	741.5859
AY	1	TIGER	926.1	1582.7	3331.0	179.7	429.6	888.5	742.093	742.088	742.249	0.161	41	1	6	2	3	1			849.1	1538.2	790.7	1748.4	693.5	2006.3	612.1	2334.4	497.8	2437.4	5	830	1533	2773	41.25231	1	tiger	742.1208
ER	1	BURN	657.3	1681.8	2095.7	235.5	312.6	358.0	742.888	742.818	743.028	0.21	94	4	4	2	1	0			627.2	1581.5	654.9	1689.6	625.1	1712.9	624.7	1736.1	604.4	1769.4	5	625	1706	2168	94.6001	1	burn	742.9186
AY	1	WRITING	798.1	1713.6	2463.5	173.4	206.0	301.0	743.396	743.379	743.519	0.14	47	1	4	1	7	1			779.6	1787.2	697.2	1866.6	589.7	2017.3	521.0	1973.0	471.6	2098.0	5	794	1779	2512	47.1417	1	writing	743.4033
OW	1	GO	730.3	1253.4	2703.3	175.1	113.9	255.7	744.239	744.19	744.561	0.371	63	0	0	0	6	0			782.7	1250.8	777.4	1212.8	725.3	1116.2	592.4	1007.9	506.4	959.0	5	777	1238	2705	62.0006	1	go	744.262
AO	1	STALKS	903.3	1331.7	2794.8	140.8	114.0	481.6	745.51	745.42	745.689	0.269	53	1	6	1	3	3			864.0	1373.1	905.6	1328.2	928.2	1305.9	913.5	1332.3	893.9	1352.5	5	904	1324	2771	53.1613	1	stalks	745.5154
AY	1	WIDE	1024.0	1554.4	2548.2	95.7	225.4	549.3	746.621	746.541	746.881	0.34	41	1	4	2	9	0			1019.2	1543.2	1016.6	1623.5	961.5	1963.8	774.3	2217.1	542.2	2502.7	5	1026	1557	2583	41.1429	1	wide	746.6143
IH	2	INVENTORY	605.7	2405.8	3429.6	137.2	171.2	225.2	747.982	747.959	748.029	0.07	1	4	4	2	0	5			589.0	2346.3	606.4	2407.5	605.6	2399.8	584.7	2370.7	563.7	2311.6	4	610	2386	3388	1.44205	1	inventory	747.9921
AO	1	INVENTORY	668.7	1245.3	2704.8	225.1	83.9	792.3	748.425	748.378	748.519	0.141	64	6	4	2	3	1			635.6	1355.8	663.5	1239.8	615.8	1178.7	650.0	1178.9	691.7	1235.1	6	599	1152	2678	54.60031	1	(inven)tory	748.4553
ER	1	FIRM	768.9	1585.3	2084.3	277.1	184.8	207.9	749.041	748.968	749.188	0.22	94	4	1	2	1	0			730.2	1487.4	767.7	1595.7	732.6	1653.0	701.6	1685.6	671.5	1674.7	6	691	1638	2086	94.6001	1	firm	749.073
AY	1	SPIDER	805.3	1506.6	2689.7	125.5	168.0	297.6	749.813	749.759	750.129	0.37	41	1	4	2	1	1			725.5	1487.9	509.7	2410.9	451.7	1971.2	662.5	1926.5	662.9	1656.9	6	761	1462	2650	41.14211	1	spider	749.8159
EH	1	DESK	911.7	1849.2	3151.2	120.0	293.4	918.9	750.548	750.488	750.669	0.181	2	3	4	1	3	3			815.0	1888.2	921.1	1845.1	969.4	1802.2	966.1	1775.2	923.4	1690.1	4	936	1738	2490	2.34133	1	desk	750.5752
EH	1	RUDIMENTARY	943.3	1719.0	3600.3	423.1	262.0	330.1	755.382	755.356	755.435	0.079	2	4	4	2	2	5			965.6	1705.2	933.4	1718.5	869.2	1720.7	778.0	1736.3	654.3	1752.9	4	975	1698	3601	2.44225	1	(rudi)mentary	755.3669
AY	1	WHITE	703.1	1568.9	2812.4	94.9	128.2	203.9	757.564	757.548	757.779	0.231	47	1	4	1	9	0			672.8	2019.0	589.6	2390.1	525.5	2557.0	531.3	2555.3	455.7	1909.0	5	685	1328	2755	47.1419	1	white	757.5476
EY	1	CRAYON	581.6	2165.4	2543.0	181.0	227.6	259.1	758.271	758.258	758.489	0.231	21	0	0	0	8	1			573.9	2424.7	497.3	2500.2	487.1	2488.5	526.1	2329.9	664.7	2060.9	5	514	2509	3072	21.4428	1	crayon	758.3304
OW	1	HOME	902.5	1181.4	3072.4	115.0	231.8	389.3	759.551	759.544	759.793	0.249	62	4	1	2	0	0			551.7	1070.0	559.0	1033.3	543.7	950.6	470.1	994.1	450.1	1038.7	6	931	1118	3132	62.412	1	home	759.5773
EH	1	SEX	948.5	1720.3	2108.4	78.5	167.2	2292.7	760.13	760.083	760.223	0.14	2	1	6	1	3	3			855.7	1689.3	953.4	1719.1	967.3	1732.0	952.9	1632.3	1007.6	1788.5	5	964	1717	2349	2.16133	1	sex	760.1401
AY	1	TIED	1007.7	1840.4	2912.6	90.0	124.9	505.0	760.736	760.653	760.913	0.26	41	1	4	2	3	0			985.8	1809.5	1006.7	1857.8	969.1	1916.5	895.3	2047.7	733.9	2493.6	4	1008	1858	2931	41.0023	1	tied	760.7427
AE	1	BAG	775.8	2266.2	3100.2	261.9	689.3	403.9	761.403	761.313	761.584	0.271	3	1	6	2	1	0			757.2	2212.7	767.1	2232.8	822.1	2065.7	893.6	2013.4	855.1	2002.9	5	703	2212	3095	3.1621	1	bag	761.3733
OW	1	NO	952.5	1502.9	2666.9	273.2	244.0	1358.1	762.06	762.014	762.294	0.28	63	0	0	0	4	0			996.7	1483.2	1038.5	1391.6	1010.2	1265.9	1004.5	1107.0	625.0	1018.8	5	1079	1517	3189	62.0004	1	no	762.0776
AY	1	RIDING	979.5	1741.8	3021.0	86.3	140.2	480.8	763.136	763.122	763.291	0.169	41	1	4	2	7	1			976.2	1776.1	957.3	1932.1	868.3	2135.1	706.5	2398.5	566.0	2492.2	4	978	1743	3015	41.1427	1	riding	763.1422
AE	1	SACKS	843.7	2121.6	3295.8	180.7	100.7	360.5	764.095	764.005	764.275	0.27	3	1	6	1	3	3			769.0	2043.5	843.1	2125.5	910.1	2119.6	946.2	2027.8	949.8	1952.2	4	847	2120	3316	3.1613	1	sacks	764.0945
EH	2	SEDIMENTARY	896.2	1705.2	3161.8	158.9	143.3	183.3	764.757	764.724	764.824	0.1	2	1	4	2	3	2			836.6	1674.8	901.4	1707.0	917.1	1721.5	920.0	1733.2	884.7	1750.7	4	914	1721	3110	2.14232	1	sedimentary	764.773
AY	1	MINOR	1178.5	1799.5	3105.3	246.8	119.0	423.9	765.719	765.674	765.834	0.16	41	4	4	2	2	1			1163.5	1742.9	1173.1	1838.3	1118.9	1953.7	1022.4	2164.1	817.0	2346.3	4	1165	1738	3068	41.44221	1	minor	765.706
