BrianL, 20, M, W, 12, utica, 2006

vowel	stress	word	norm_F1	norm_F2	t	beg	end	dur	cd	fm	fp	fv	ps	fs	style	glide	norm_F1@20%	norm_F2@20%	norm_F1@35%	norm_F2@35%	norm_F1@50%	norm_F2@50%	norm_F1@65%	norm_F2@65%	norm_F1@80%	norm_F2@80%	nFormants
AH	0	HELLO	706.0	1290.0	2.95	2.933	2.983	0.05	6	5	4	2	0	1			715.0	1310.0	706.0	1289.0	690.0	1246.0	673.0	1188.0	657.0	1144.0	5	
OW	1	HELLO	691.0	1203.0	3.076	3.063	3.192	0.129	63	0	0	0	7	0			688.0	1248.0	665.0	1239.0	610.0	1161.0	575.0	1076.0	527.0	1024.0	5	
AY	1	NINETEEN	802.0	2061.0	20.092	20.064	20.164	0.1	41	4	4	2	4	4		s	789.0	1993.0	794.0	2114.0	742.0	2224.0	662.0	2302.0	595.0	2314.0	5	
IY	1	NINETEEN	548.0	2325.0	20.243	20.223	20.283	0.06	11	4	4	2	3	0			704.0	2143.0	532.0	2344.0	426.0	2381.0	420.0	2383.0	406.0	2369.0	4	
EY	1	EIGHTY	525.0	2361.0	20.348	20.334	20.413	0.079	21	1	4	1	0	1			525.0	2361.0	515.0	2351.0	503.0	2335.0	494.0	2322.0	474.0	2303.0	5	
IY	0	EIGHTY	393.0	2360.0	20.463	20.443	20.503	0.06	12	0	0	0	3	0			393.0	2360.0	393.0	2360.0	415.0	2359.0	454.0	2362.0	514.0	2271.0	5	
IY	1	THREE	483.0	2126.0	20.656	20.633	20.703	0.07	12	0	0	0	8	0			481.0	2006.0	483.0	2137.0	474.0	2210.0	417.0	2251.0	611.0	2543.0	5	
AY	1	I	967.0	1482.0	26.145	26.102	26.213	0.111	41	0	0	0	0	0		m	848.0	1649.0	978.0	1538.0	913.0	1473.0	857.0	1462.0	750.0	1315.0	5	
AA	1	COLLEGE	900.0	1540.0	26.522	26.482	26.602	0.12	5	5	4	2	6	1			889.0	1688.0	902.0	1532.0	909.0	1478.0	901.0	1435.0	890.0	1397.0	4	
AE	1	YEAH	772.0	2047.0	27.331	27.298	27.398	0.1	3	0	0	0	9	0			723.0	2123.0	778.0	2036.0	815.0	1919.0	842.0	1772.0	853.0	1642.0	4	
AH	1	OTHER	817.0	1352.0	27.441	27.398	27.528	0.13	6	3	3	2	0	1			844.0	1415.0	813.0	1343.0	747.0	1269.0	672.0	1230.0	632.0	1280.0	4	
AE	1	THAT	762.0	1830.0	27.78	27.747	27.847	0.1	3	1	4	1	3	0			756.0	1807.0	763.0	1831.0	767.0	1760.0	765.0	1386.0	777.0	1090.0	5	
AO	1	NORTH	612.0	1207.0	31.977	31.944	32.044	0.1	64	6	4	2	4	3			570.0	1307.0	614.0	1186.0	606.0	1043.0	590.0	997.0	588.0	1073.0	5	
AH	0	UTICA	653.0	1539.0	32.47	32.433	32.543	0.11	6	0	0	0	6	0			641.0	1600.0	654.0	1535.0	680.0	1491.0	695.0	1478.0	681.0	1260.0	6	
AY	1	I	852.0	1614.0	32.798	32.713	32.884	0.171	41	0	0	0	0	0		m	873.0	1644.0	839.0	1660.0	852.0	1614.0	856.0	1579.0	810.0	1531.0	4	
EH	1	WEST	705.0	1568.0	33.2	33.183	33.233	0.05	2	3	4	1	9	3			707.0	1517.0	705.0	1568.0	695.0	1639.0	679.0	1520.0	665.0	1366.0	6	
EY	1	BABY	535.0	2166.0	33.926	33.914	34.073	0.159	21	1	1	2	1	1			523.0	2344.0	502.0	2381.0	480.0	2265.0	466.0	1918.0	454.0	2312.0	5	
IY	0	BABY	443.0	2355.0	34.147	34.114	34.214	0.1	12	0	0	0	1	0			418.0	2314.0	448.0	2364.0	482.0	2433.0	637.0	2424.0	1070.0	2173.0	5	
AW	1	BOUT	784.0	1258.0	36.594	36.584	36.684	0.1	42	1	4	1	1	0			792.0	1216.0	782.0	1144.0	759.0	1092.0	736.0	1070.0	706.0	1086.0	5	
IY	1	THREE	427.0	2186.0	36.927	36.904	36.974	0.07	12	0	0	0	8	0			433.0	2094.0	427.0	2195.0	437.0	2271.0	665.0	2445.0	1402.0	2890.0	5	
AO	1	NORTH	582.0	1442.0	42.948	42.928	42.988	0.06	64	6	4	2	4	3			560.0	1500.0	584.0	1434.0	590.0	1375.0	591.0	1333.0	591.0	1333.0	5	
UW	1	UTICA	430.0	2064.0	43.141	43.118	43.188	0.07	82	1	4	1	9	2			432.0	2112.0	429.0	2058.0	426.0	2028.0	423.0	1987.0	417.0	1954.0	5	
AH	0	UTICA	557.0	1844.0	43.297	43.277	43.337	0.06	6	0	0	0	6	0			537.0	1821.0	560.0	1861.0	584.0	2003.0	615.0	2168.0	624.0	2427.0	5	
ER	1	HERKIMER	541.0	1401.0	47.216	47.193	47.262	0.069	94	1	6	1	0	2			552.0	1366.0	540.0	1405.0	519.0	1451.0	499.0	1508.0	744.0	1539.0	5	
ER	0	HERKIMER	603.0	1312.0	47.435	47.412	47.482	0.07	94	0	0	0	2	0			596.0	1230.0	605.0	1328.0	614.0	1397.0	627.0	1470.0	636.0	1523.0	6	
UW	1	SCHOOL	452.0	869.0	48.126	48.083	48.212	0.129	72	5	4	2	6	0			449.0	885.0	453.0	867.0	457.0	863.0	468.0	873.0	475.0	877.0	6	
AY	1	HIGHSCHOOL	855.0	1487.0	50.679	50.669	50.748	0.079	47	3	4	1	0	4		s	851.0	1502.0	824.0	1521.0	801.0	1581.0	771.0	1659.0	733.0	1737.0	5	
AY	1	I	904.0	1572.0	56.657	56.597	56.728	0.131	41	0	0	0	0	0			1284.0	2407.0	886.0	1571.0	902.0	1598.0	885.0	1765.0	799.0	2004.0	4	
AE	1	GRADUATED	683.0	1850.0	56.908	56.888	56.947	0.059	3	2	5	2	8	2			675.0	1804.0	683.0	1857.0	683.0	1927.0	671.0	1993.0	648.0	2048.0	5	
AE	1	GRADUATE	711.0	2157.0	57.874	57.847	57.928	0.081	3	2	5	2	8	2			711.0	2148.0	709.0	2158.0	690.0	2146.0	655.0	2125.0	594.0	2131.0	3	
AH	0	IN	729.0	1470.0	58.737	58.717	58.776	0.059	6	4	4	2	0	0			721.0	1371.0	731.0	1483.0	739.0	1579.0	723.0	1664.0	711.0	1731.0	5	
AH	1	ANOTHER	724.0	1447.0	58.93	58.907	58.977	0.07	6	3	3	2	4	1			712.0	1495.0	723.0	1430.0	711.0	1345.0	677.0	1256.0	615.0	1222.0	4	
AH	1	MONTH	697.0	931.0	59.167	59.147	59.206	0.059	6	4	4	2	2	3			698.0	930.0	698.0	931.0	694.0	939.0	688.0	944.0	667.0	940.0	6	
AY	1	I	911.0	1435.0	61.674	61.633	61.753	0.12	41	0	0	0	0	0		m	825.0	1609.0	910.0	1427.0	875.0	1454.0	808.0	1506.0	719.0	1369.0	5	
EY	0	COLGATE	515.0	2203.0	62.359	62.302	62.462	0.16	21	1	4	1	6	0			499.0	2253.0	515.0	2203.0	505.0	2227.0	470.0	2257.0	451.0	2290.0	4	
AY	1	I'M	821.0	1297.0	64.683	64.653	64.763	0.11	41	4	1	2	0	0		m	858.0	1288.0	806.0	1284.0	799.0	1279.0	768.0	1272.0	752.0	1276.0	5	
OW	1	GOING	629.0	1076.0	64.9	64.883	64.953	0.07	62	0	0	0	6	1			624.0	1087.0	642.0	1052.0	658.0	1036.0	676.0	1037.0	685.0	1072.0	6	
AH	0	BINGHAMTON	598.0	1648.0	65.459	65.442	65.492	0.05	6	4	4	2	3	0			590.0	1661.0	601.0	1647.0	605.0	1588.0	576.0	1512.0	568.0	1522.0	5	
AY	1	I'M	890.0	1411.0	67.584	67.593	67.683	0.09	41	4	1	2	0	0		m	849.0	1329.0	853.0	1309.0	845.0	1292.0	831.0	1269.0	799.0	1243.0	5	
AH	1	STUDYING	644.0	1629.0	67.939	67.913	67.992	0.079	6	1	4	2	3	2			618.0	1600.0	647.0	1634.0	656.0	1674.0	651.0	1725.0	630.0	1792.0	4	
IH	0	STUDYING	554.0	2215.0	68.109	68.092	68.142	0.05	1	4	6	2	0	0			547.0	2202.0	554.0	2215.0	559.0	2239.0	559.0	2268.0	555.0	2295.0	4	
EH	1	THEIR	587.0	1748.0	68.456	68.412	68.543	0.131	24	6	4	2	3	0			576.0	1747.0	588.0	1747.0	591.0	1725.0	584.0	1717.0	568.0	1703.0	5	
IH	1	BUSINESS	532.0	1858.0	68.672	68.652	68.712	0.06	1	3	4	2	1	4			528.0	1837.0	532.0	1859.0	532.0	1870.0	525.0	1871.0	512.0	1860.0	5	
OW	1	PROGRAM	565.0	1263.0	69.032	69.023	69.102	0.079	62	1	6	2	8	1			566.0	1232.0	561.0	1119.0	538.0	1010.0	509.0	941.0	547.0	1005.0	5	
AE	2	PROGRAM	685.0	1839.0	69.179	69.152	69.232	0.08	3	4	1	2	8	0			653.0	1829.0	687.0	1838.0	704.0	1814.0	693.0	1685.0	670.0	1563.0	5	
AE	1	THANKS	732.0	1992.0	71.099	71.056	71.186	0.13	3	4	6	2	3	3			721.0	1869.0	732.0	2006.0	726.0	2052.0	711.0	2111.0	713.0	2169.0	5	
OW	1	BOTH	589.0	856.0	75.503	75.481	75.572	0.091	62	3	3	1	1	0			590.0	863.0	587.0	853.0	591.0	892.0	596.0	955.0	605.0	1020.0	5	
AO	1	BORN	559.0	724.0	75.712	75.682	75.771	0.089	64	6	4	2	1	3			523.0	698.0	563.0	729.0	604.0	807.0	632.0	909.0	655.0	1060.0	6	
AH	0	UTICA	671.0	2101.0	76.164	76.141	76.211	0.07	6	0	0	0	6	0			986.0	2758.0	680.0	2099.0	770.0	2090.0	784.0	2021.0	687.0	1916.0	3	
AY	1	MY	828.0	1442.0	80.739	80.718	80.789	0.071	41	0	0	0	2	0			826.0	1358.0	825.0	1503.0	806.0	1657.0	773.0	1834.0	747.0	1969.0	4	
AA	1	FATHER'S	917.0	1321.0	80.979	80.919	81.099	0.18	43	3	3	2	1	1			960.0	1390.0	919.0	1324.0	940.0	1351.0	904.0	1356.0	815.0	1316.0	4	
EH	1	PARENTS	757.0	1998.0	81.355	81.308	81.449	0.141	2	6	4	2	1	1			736.0	2037.0	758.0	2001.0	765.0	2045.0	764.0	2079.0	740.0	2082.0	3	
ER	1	WERE	573.0	1460.0	81.971	81.808	82.298	0.49	94	0	0	0	9	0			564.0	1376.0	575.0	1465.0	572.0	1488.0	567.0	1512.0	576.0	1539.0	6	
OW	1	BOTH	574.0	1006.0	82.778	82.757	82.858	0.101	62	3	3	1	1	0			577.0	1031.0	539.0	784.0	570.0	850.0	597.0	941.0	615.0	1033.0	6	
AO	1	BORN	570.0	786.0	82.991	82.958	83.058	0.1	64	6	4	2	1	3			523.0	788.0	580.0	790.0	649.0	862.0	693.0	1000.0	713.0	1158.0	5	
ER	0	AROUND	571.0	1280.0	83.144	83.118	83.197	0.079	94	0	0	0	0	1			598.0	1375.0	567.0	1262.0	560.0	1193.0	583.0	1196.0	632.0	1255.0	6	
AW	1	AROUND	854.0	1414.0	83.231	83.197	83.358	0.161	42	4	4	2	7	0			848.0	1406.0	894.0	1481.0	895.0	1475.0	864.0	1419.0	761.0	1404.0	5	
IH	1	HERE	522.0	2224.0	83.481	83.417	83.608	0.191	14	6	4	2	0	0			503.0	2309.0	523.0	2218.0	542.0	2077.0	561.0	1948.0	575.0	1831.0	5	
AY	1	MY	767.0	1322.0	84.707	84.686	84.736	0.05	41	0	0	0	2	0		m	741.0	1251.0	765.0	1301.0	765.0	1343.0	749.0	1370.0	726.0	1387.0	5	
AH	1	MOTHER'S	734.0	1112.0	84.922	84.886	84.995	0.109	6	3	3	2	2	1			730.0	1065.0	734.0	1118.0	716.0	1152.0	666.0	1199.0	611.0	1276.0	5	
ER	0	MOTHER'S	532.0	1770.0	85.042	85.025	85.075	0.05	94	3	4	2	3	0			534.0	1745.0	532.0	1770.0	529.0	1806.0	526.0	1833.0	527.0	1853.0	4	
EH	1	PARENTS	756.0	1952.0	85.312	85.235	85.465	0.23	2	6	4	2	1	1			751.0	1983.0	754.0	1953.0	748.0	1994.0	747.0	2015.0	748.0	2006.0	4	
IH	1	IF	669.0	1932.0	85.889	85.866	85.935	0.069	1	3	2	1	0	0			939.0	1874.0	640.0	1940.0	512.0	2085.0	499.0	2117.0	501.0	2131.0	5	
ER	1	WEREN'T	592.0	1256.0	86.205	86.185	86.245	0.06	94	4	4	2	9	3			586.0	1204.0	592.0	1261.0	594.0	1289.0	586.0	1277.0	566.0	1233.0	5	
AO	1	BORN	548.0	775.0	86.352	86.326	86.405	0.079	64	6	4	2	1	3			533.0	749.0	550.0	781.0	573.0	847.0	603.0	936.0	631.0	1078.0	5	
EH	1	THEN	577.0	1822.0	86.833	86.806	86.886	0.08	2	4	4	2	3	0			567.0	1872.0	577.0	1816.0	570.0	1741.0	556.0	1675.0	542.0	1634.0	5	
AO	1	BORN	601.0	730.0	87.179	87.146	87.246	0.1	64	6	4	2	1	3			580.0	721.0	605.0	735.0	633.0	802.0	647.0	916.0	666.0	1089.0	6	
AY	1	I	833.0	1386.0	87.983	87.926	88.056	0.13	41	0	0	0	0	0		m	764.0	1461.0	815.0	1384.0	833.0	1414.0	845.0	1408.0	836.0	1410.0	5	
OW	1	DON'T	677.0	1208.0	88.103	88.096	88.156	0.06	62	4	4	2	3	0			677.0	1208.0	670.0	1193.0	670.0	1185.0	670.0	1173.0	662.0	1150.0	6	
OW	1	KNOW	724.0	1290.0	88.275	88.236	88.406	0.17	63	0	0	0	4	0			721.0	1294.0	721.0	1101.0	710.0	1142.0	711.0	1152.0	696.0	1100.0	6	
AY	1	I'LL	903.0	1116.0	98.645	98.608	98.687	0.079	41	5	4	2	0	0		m	691.0	1436.0	863.0	1260.0	899.0	1101.0	822.0	1052.0	747.0	1016.0	5	
AA	1	PROBABLY	787.0	1250.0	98.838	98.818	98.878	0.06	5	1	1	2	8	1			797.0	1262.0	785.0	1247.0	765.0	1217.0	740.0	1199.0	697.0	1188.0	5	
IY	0	PROBABLY	496.0	1890.0	98.968	98.938	99.027	0.089	12	0	0	0	8	0			509.0	1884.0	494.0	1882.0	457.0	1670.0	431.0	1444.0	381.0	1254.0	3	
UH	1	LOOK	548.0	1326.0	99.094	99.077	99.127	0.05	7	1	6	1	7	0			552.0	1312.0	548.0	1326.0	534.0	1330.0	512.0	1343.0	502.0	1357.0	5	
EH	1	ELSE	703.0	1440.0	99.504	99.487	99.538	0.051	2	5	4	2	0	3			689.0	1438.0	706.0	1440.0	727.0	1433.0	746.0	1417.0	754.0	1403.0	5	
IH	1	INITIALLY	545.0	2094.0	100.823	100.806	100.856	0.05	1	3	5	1	4	2			533.0	2088.0	545.0	2094.0	551.0	2093.0	556.0	2100.0	560.0	2110.0	5	
EH	1	YES	725.0	1914.0	106.973	106.946	107.026	0.08	2	3	4	1	9	0			649.0	1985.0	732.0	1906.0	800.0	1827.0	838.0	1738.0	854.0	1636.0	4	
AA	1	NOT	837.0	1665.0	113.395	113.372	113.442	0.07	5	1	4	1	4	0			814.0	1667.0	838.0	1664.0	842.0	1647.0	835.0	1630.0	811.0	1585.0	4	
AA	1	LOT	866.0	1410.0	113.588	113.561	113.642	0.081	5	1	4	1	7	0			857.0	1353.0	866.0	1414.0	863.0	1457.0	850.0	1490.0	813.0	1480.0	4	
AH	0	OF	658.0	1175.0	113.688	113.671	113.721	0.05	6	3	2	2	0	0			680.0	1249.0	658.0	1175.0	610.0	1027.0	559.0	888.0	516.0	784.0	6	
AY	1	WHITE	667.0	1445.0	113.847	113.851	113.931	0.08	47	1	4	1	9	0			619.0	1884.0	559.0	2115.0	499.0	2217.0	455.0	2304.0	427.0	2298.0	5	
AA	1	COLLAR	900.0	1444.0	114.058	114.031	114.111	0.08	5	5	4	2	6	1			915.0	1489.0	898.0	1440.0	890.0	1416.0	884.0	1398.0	869.0	1369.0	4	
ER	0	COLLAR	574.0	1389.0	114.251	114.231	114.292	0.061	94	0	0	0	7	0			597.0	1380.0	574.0	1396.0	580.0	1466.0	590.0	1545.0	629.0	1565.0	5	
EH	1	PROFESSIONAL	752.0	1584.0	114.515	114.491	114.562	0.071	2	3	5	1	1	2			738.0	1556.0	754.0	1589.0	767.0	1637.0	764.0	1702.0	749.0	1757.0	4	
AA	1	JOBS	832.0	1471.0	114.991	114.931	115.111	0.18	5	1	1	2	5	3			819.0	1513.0	835.0	1471.0	847.0	1464.0	831.0	1449.0	800.0	1440.0	4	
AY	1	I	938.0	1801.0	116.673	116.642	116.762	0.12	41	0	0	0	0	0			907.0	1823.0	927.0	1804.0	879.0	1867.0	783.0	2045.0	661.0	2264.0	5	
AH	0	IT	479.0	1668.0	117.084	117.061	117.131	0.07	6	1	4	1	0	0			494.0	1697.0	476.0	1663.0	447.0	1628.0	437.0	1634.0	458.0	1690.0	5	
EH	1	DEPENDS	756.0	1509.0	117.398	117.381	117.431	0.05	2	4	4	2	1	3			760.0	1480.0	756.0	1509.0	740.0	1535.0	713.0	1486.0	686.0	1433.0	6	
AO	1	FOR	465.0	727.0	118.041	118.001	118.122	0.121	64	6	4	2	1	0			472.0	769.0	466.0	726.0	494.0	747.0	536.0	848.0	569.0	938.0	6	
AY	1	LIKE	666.0	1401.0	118.231	118.201	118.291	0.09	47	1	6	1	7	0			662.0	1292.0	666.0	1410.0	660.0	1574.0	620.0	1794.0	559.0	2013.0	4	
IH	1	IF	462.0	2210.0	120.415	120.385	120.475	0.09	1	3	2	1	0	0			470.0	2188.0	460.0	2212.0	446.0	2237.0	435.0	2287.0	437.0	2284.0	5	
UH	1	YOU	393.0	1725.0	120.648	120.625	120.694	0.069	7	0	0	0	9	0			378.0	1902.0	395.0	1706.0	418.0	1516.0	434.0	1378.0	446.0	1279.0	6	
ER	0	WERE	508.0	1472.0	120.751	120.724	120.804	0.08	94	0	0	0	9	0			492.0	1412.0	510.0	1477.0	527.0	1528.0	544.0	1573.0	562.0	1626.0	5	
AY	1	I	742.0	1869.0	120.843	120.804	120.884	0.08	41	0	0	0	0	0		s	695.0	1830.0	728.0	1809.0	742.0	1878.0	716.0	2013.0	649.0	2158.0	4	
EH	1	GUESS	594.0	2162.0	120.954	120.934	120.994	0.06	2	3	4	1	6	0			562.0	2212.0	598.0	2156.0	622.0	2103.0	627.0	2056.0	618.0	2010.0	5	
OW	1	NO	619.0	1400.0	121.636	121.624	121.723	0.099	63	0	0	0	4	0			635.0	1328.0	626.0	1150.0	599.0	962.0	576.0	855.0	581.0	818.0	5	
AW	1	ACCOUNTANTS	922.0	1736.0	121.863	121.833	121.953	0.12	42	4	4	2	6	4			941.0	1795.0	914.0	1598.0	886.0	1479.0	855.0	1369.0	851.0	1281.0	5	
ER	1	WORK	594.0	1372.0	122.65	122.613	122.724	0.111	94	1	6	1	9	0			591.0	1315.0	592.0	1376.0	583.0	1450.0	557.0	1566.0	539.0	1632.0	5	
ER	0	AROUND	497.0	1261.0	122.826	122.803	122.873	0.07	94	0	0	0	0	1			500.0	1294.0	499.0	1266.0	517.0	1310.0	556.0	1371.0	604.0	1401.0	5	
AW	1	AROUND	759.0	1461.0	122.894	122.873	123.023	0.15	42	4	4	2	7	0			777.0	1462.0	783.0	1487.0	762.0	1456.0	727.0	1388.0	694.0	1510.0	5	
IH	1	HERE	520.0	2264.0	123.146	123.093	123.253	0.16	14	6	4	2	0	0			529.0	2313.0	521.0	2257.0	562.0	2223.0	584.0	2288.0	594.0	2177.0	4	
AO	1	OR	476.0	603.0	124.517	124.437	124.677	0.24	64	6	4	2	0	0			484.0	612.0	472.0	601.0	467.0	601.0	514.0	690.0	560.0	890.0	6	
IY	1	REAL	370.0	2028.0	124.963	124.936	125.016	0.08	11	5	4	2	7	0			353.0	1982.0	372.0	2031.0	404.0	2051.0	440.0	1998.0	482.0	1870.0	5	
EY	1	ESTATE	537.0	2176.0	125.262	125.247	125.346	0.099	21	1	4	1	3	0			531.0	2203.0	504.0	2238.0	477.0	2266.0	466.0	2272.0	448.0	2265.0	4	
IY	1	PEOPLE	397.0	2317.0	125.456	125.416	125.537	0.121	11	1	1	1	1	1			408.0	2320.0	395.0	2318.0	394.0	2343.0	421.0	2293.0	524.0	2048.0	4	
AH	1	BUT	716.0	1144.0	125.966	125.896	126.106	0.21	6	1	4	1	1	0			678.0	1107.0	719.0	1149.0	740.0	1226.0	735.0	1336.0	677.0	1454.0	5	
EY	1	MAYBE	536.0	2241.0	126.289	126.277	126.376	0.099	21	1	1	2	2	1			512.0	2250.0	476.0	2273.0	451.0	2289.0	432.0	2269.0	384.0	2233.0	4	
IY	0	MAYBE	362.0	2229.0	126.443	126.416	126.497	0.081	12	0	0	0	1	0			346.0	2202.0	363.0	2231.0	381.0	2240.0	385.0	2233.0	397.0	2228.0	5	
UW	1	YOU	403.0	1241.0	126.72	126.696	126.767	0.071	82	0	0	0	9	0			401.0	1369.0	403.0	1233.0	402.0	1147.0	403.0	1086.0	412.0	1068.0	6	
ER	1	WERE	490.0	1377.0	126.814	126.797	126.847	0.05	94	0	0	0	9	0			488.0	1361.0	490.0	1377.0	493.0	1392.0	492.0	1393.0	483.0	1379.0	5	
AH	0	A	641.0	1537.0	127.15	127.107	127.237	0.13	6	0	0	0	0	0			625.0	1212.0	643.0	1531.0	674.0	1165.0	708.0	1443.0	739.0	1355.0	6	
AY	1	I	944.0	1571.0	128.078	128.056	128.107	0.051	41	0	0	0	0	0		s	729.0	1653.0	877.0	1593.0	907.0	1552.0	834.0	1636.0	767.0	1710.0	5	
OW	1	KNOW	720.0	1365.0	128.228	128.217	128.297	0.08	63	0	0	0	4	0			722.0	1355.0	724.0	1309.0	708.0	1246.0	684.0	1178.0	661.0	1123.0	5	
EY	1	A	656.0	1908.0	128.505	128.436	128.656	0.22	22	0	0	0	0	0			651.0	1916.0	656.0	1920.0	624.0	1980.0	610.0	2019.0	590.0	2149.0	4	
EH	1	ENGINEER	672.0	2163.0	128.986	128.966	129.027	0.061	2	4	4	2	0	5			669.0	2145.0	673.0	2165.0	668.0	2179.0	654.0	2196.0	627.0	2195.0	4	
IH	1	ENGINEER	496.0	2275.0	129.283	129.236	129.376	0.14	14	6	4	2	4	0			498.0	2303.0	498.0	2271.0	514.0	2209.0	522.0	2084.0	525.0	1946.0	5	
AY	1	KIND	859.0	1794.0	129.834	129.797	130.017	0.22	41	4	4	2	6	3		s	853.0	1760.0	799.0	1554.0	767.0	1666.0	731.0	1742.0	697.0	1692.0	5	
AA	1	NOT	817.0	1625.0	130.831	130.791	130.911	0.12	5	1	4	1	4	0			795.0	1640.0	815.0	1618.0	839.0	1516.0	860.0	1486.0	794.0	1394.0	5	
AH	1	MUCH	701.0	1303.0	131.02	131.0	131.06	0.06	6	2	5	1	2	0			633.0	1221.0	710.0	1317.0	773.0	1423.0	741.0	1504.0	629.0	1584.0	6	
ER	0	FOR	564.0	1724.0	131.27	131.24	131.331	0.091	94	0	0	0	1	0			618.0	1889.0	558.0	1685.0	543.0	1567.0	531.0	1548.0	507.0	1528.0	4	
AE	1	THAT	714.0	1775.0	131.393	131.37	131.44	0.07	3	1	4	1	3	0			683.0	1765.0	710.0	1775.0	722.0	1767.0	747.0	1624.0	766.0	1292.0	6	
AH	0	A	593.0	1339.0	133.072	133.049	133.119	0.07	6	0	0	0	0	0			569.0	1378.0	597.0	1329.0	605.0	1284.0	600.0	1245.0	597.0	1177.0	5	
AA	1	LOT	811.0	1336.0	133.185	133.158	133.239	0.081	5	1	4	1	7	0			788.0	1265.0	812.0	1343.0	819.0	1431.0	815.0	1514.0	805.0	1583.0	4	
AE	1	THAT	779.0	2098.0	133.386	133.359	133.439	0.08	3	1	4	1	3	0			811.0	2127.0	775.0	2096.0	734.0	2110.0	694.0	2165.0	654.0	2212.0	3	
IH	1	INDUSTRY	582.0	2377.0	133.485	133.468	133.518	0.05	1	4	4	2	0	5			581.0	2375.0	582.0	2377.0	580.0	2359.0	566.0	2323.0	550.0	2321.0	4	
UW	1	MOVED	421.0	1210.0	134.031	134.008	134.078	0.07	72	3	2	2	2	3			428.0	1244.0	419.0	1199.0	413.0	1147.0	412.0	1110.0	416.0	1131.0	5	
EY	1	AWAY	683.0	2319.0	134.368	134.328	134.409	0.081	22	0	0	0	9	0			645.0	2201.0	664.0	2341.0	683.0	2319.0	686.0	2183.0	682.0	2206.0	4	
AY	1	I	912.0	1406.0	139.124	139.08	139.169	0.089	41	0	0	0	0	0		s	875.0	1273.0	890.0	1308.0	913.0	1413.0	933.0	1553.0	928.0	1707.0	4	
AE	1	HAVE	700.0	2079.0	139.237	139.21	139.29	0.08	3	3	2	2	0	0			706.0	2115.0	699.0	2076.0	683.0	2050.0	658.0	1974.0	588.0	1848.0	4	
OW	1	NO	632.0	1474.0	139.387	139.369	139.439	0.07	63	0	0	0	4	0			627.0	1519.0	640.0	1407.0	647.0	1315.0	653.0	1234.0	659.0	1199.0	5	
AY	0	IDEA	679.0	1371.0	139.456	139.439	139.52	0.081	41	1	4	2	0	2			679.0	1360.0	668.0	1502.0	635.0	1686.0	607.0	1818.0	573.0	1914.0	6	
AY	1	RIGHT	616.0	1717.0	139.776	139.769	139.829	0.06	47	1	4	1	7	0		s	615.0	1767.0	611.0	1860.0	605.0	1951.0	588.0	2018.0	564.0	2047.0	6	
AW	1	NOW	760.0	1840.0	139.927	139.899	140.01	0.111	42	0	0	0	4	0			756.0	1865.0	769.0	1780.0	787.0	1687.0	794.0	1598.0	790.0	1505.0	5	
AY	1	I	911.0	1661.0	140.787	140.789	140.859	0.07	41	0	0	0	0	0			864.0	1749.0	804.0	1883.0	745.0	2017.0	672.0	2125.0	596.0	2178.0	4	
EH	1	TELL	680.0	1680.0	140.956	140.939	140.989	0.05	2	5	4	2	3	0			656.0	1761.0	680.0	1680.0	704.0	1541.0	720.0	1415.0	720.0	1337.0	5	
IY	1	PEOPLE	429.0	2141.0	141.152	141.119	141.219	0.1	11	1	1	1	1	1			422.0	2174.0	429.0	2135.0	431.0	2106.0	429.0	2099.0	428.0	2110.0	4	
IY	1	C	368.0	2370.0	143.054	143.027	143.107	0.08	12	0	0	0	3	0			370.0	2337.0	368.0	2372.0	370.0	2379.0	372.0	2400.0	378.0	2420.0	4	
IY	1	E	406.0	2385.0	143.15	143.107	143.237	0.13	12	0	0	0	0	0			402.0	2380.0	407.0	2384.0	418.0	2360.0	457.0	2284.0	534.0	2154.0	4	
OW	1	O	635.0	1506.0	143.251	143.237	143.367	0.13	63	0	0	0	0	0			651.0	1384.0	639.0	1231.0	624.0	1124.0	621.0	1056.0	626.0	1055.0	5	
EH	1	EXXON	801.0	1781.0	143.488	143.468	143.528	0.06	2	1	6	1	0	4			785.0	1725.0	802.0	1791.0	810.0	1875.0	805.0	1971.0	782.0	2029.0	4	
AA	0	EXXON	803.0	1432.0	143.72	143.687	143.787	0.1	5	4	4	2	3	0			810.0	1501.0	800.0	1423.0	786.0	1371.0	776.0	1353.0	759.0	1348.0	5	
OW	1	MOBILE	613.0	843.0	143.904	143.897	144.028	0.131	62	1	1	2	2	1			604.0	797.0	587.0	759.0	572.0	746.0	551.0	715.0	545.0	850.0	5	
EY	1	THEY	604.0	2196.0	144.44	144.428	144.508	0.08	22	0	0	0	3	0			601.0	2217.0	594.0	2265.0	592.0	2291.0	596.0	2326.0	599.0	2313.0	5	
AE	1	ASK	678.0	2209.0	144.541	144.508	144.608	0.1	33	3	4	1	0	3			652.0	2263.0	680.0	2204.0	690.0	2208.0	696.0	2219.0	698.0	2131.0	3	
IY	1	ME	440.0	2329.0	144.768	144.748	144.808	0.06	12	0	0	0	2	0			452.0	2298.0	440.0	2331.0	432.0	2339.0	431.0	2248.0	455.0	2080.0	3	
AY	1	I	718.0	1578.0	144.922	144.917	144.968	0.051	41	0	0	0	0	0		m	709.0	1561.0	691.0	1508.0	668.0	1411.0	648.0	1319.0	626.0	1233.0	5	
AA	1	WANT	694.0	1333.0	145.045	145.028	145.078	0.05	5	4	4	2	9	3			688.0	1274.0	694.0	1333.0	685.0	1395.0	654.0	1433.0	635.0	1456.0	5	
IY	0	BE	434.0	2369.0	145.265	145.238	145.318	0.08	12	0	0	0	1	0			436.0	2345.0	434.0	2371.0	435.0	2377.0	434.0	2335.0	444.0	2106.0	5	
OW	1	GROW	482.0	1224.0	145.615	145.608	145.658	0.05	63	0	0	0	8	0			482.0	1224.0	472.0	1147.0	469.0	1076.0	482.0	1049.0	499.0	1050.0	6	
AA	1	NOT	926.0	1656.0	157.894	157.857	157.967	0.11	5	1	4	1	4	0			846.0	1741.0	934.0	1649.0	971.0	1626.0	931.0	1651.0	843.0	1679.0	5	
AH	1	MUCH	652.0	1488.0	158.203	158.186	158.237	0.051	6	2	5	1	2	0			659.0	1423.0	649.0	1503.0	623.0	1612.0	582.0	1708.0	556.0	1781.0	4	
AW	1	DOWNTOWN	817.0	1839.0	158.457	158.416	158.586	0.17	42	4	4	2	3	4			775.0	1864.0	936.0	1770.0	993.0	1554.0	940.0	1310.0	930.0	1253.0	3	
AW	0	DOWNTOWN	828.0	1399.0	158.728	158.696	158.826	0.13	42	4	4	2	3	0			821.0	1408.0	835.0	1390.0	839.0	1383.0	835.0	1353.0	803.0	1310.0	5	
AH	1	UH	697.0	1266.0	159.203	159.116	159.376	0.26	6	0	0	0	0	0			661.0	1322.0	700.0	1262.0	728.0	1246.0	737.0	1253.0	718.0	1256.0	5	
AA	1	BARS	745.0	1200.0	159.663	159.626	159.737	0.111	44	6	4	2	1	3			727.0	1139.0	746.0	1206.0	750.0	1229.0	754.0	1260.0	742.0	1305.0	6	
AE	1	HALF	862.0	2030.0	160.502	160.468	160.569	0.101	33	3	2	1	0	0			876.0	2065.0	861.0	2027.0	848.0	1956.0	834.0	1874.0	850.0	1881.0	5	
AY	1	MILE	861.0	1387.0	160.756	160.709	160.809	0.1	41	5	4	2	2	0		s	832.0	1258.0	853.0	1331.0	860.0	1402.0	847.0	1489.0	839.0	1533.0	6	
EY	1	AWAY	634.0	1987.0	161.053	161.008	161.128	0.12	22	0	0	0	9	0			632.0	1899.0	633.0	1978.0	627.0	2025.0	607.0	2063.0	590.0	2092.0	5	
AH	0	A	632.0	1866.0	161.175	161.158	161.209	0.051	6	0	0	0	0	0			632.0	1932.0	631.0	1850.0	601.0	1727.0	505.0	1703.0	423.0	1740.0	4	
AY	1	MILE	800.0	1280.0	161.308	161.238	161.378	0.14	41	5	4	2	2	0		s	756.0	1185.0	791.0	1231.0	800.0	1280.0	839.0	1379.0	871.0	1558.0	4	
EY	1	AWAY	588.0	1988.0	161.59	161.578	161.658	0.08	22	0	0	0	9	0			580.0	2021.0	558.0	2075.0	554.0	2093.0	566.0	2089.0	567.0	2122.0	4	
AW	1	DOWNTOWN	755.0	1631.0	161.879	161.848	161.979	0.131	42	4	4	2	3	4			747.0	1656.0	786.0	1536.0	789.0	1439.0	763.0	1347.0	731.0	1347.0	4	
AE	1	THAT	739.0	1836.0	163.073	163.023	163.173	0.15	3	1	4	1	3	0			720.0	1835.0	738.0	1833.0	738.0	1876.0	727.0	1926.0	717.0	1925.0	5	
AA	1	GOTTEN	823.0	1864.0	163.502	163.472	163.562	0.09	5	1	4	1	6	1			784.0	1970.0	825.0	1855.0	834.0	1746.0	837.0	1700.0	846.0	1705.0	4	
IY	0	PRETTY	385.0	2188.0	163.862	163.842	163.903	0.061	12	0	0	0	3	0			395.0	2191.0	383.0	2186.0	372.0	2157.0	314.0	1926.0	224.0	1679.0	5	
IH	1	BIG	519.0	2023.0	163.993	163.963	164.052	0.089	1	1	6	2	1	0			505.0	2012.0	520.0	2024.0	522.0	2054.0	521.0	2097.0	513.0	2146.0	4	
AH	1	THE	683.0	1303.0	164.236	164.213	164.282	0.069	6	0	0	0	3	0			668.0	1362.0	683.0	1297.0	676.0	1222.0	650.0	1141.0	622.0	1063.0	6	
AE	1	PAST	797.0	1609.0	164.369	164.332	164.443	0.111	33	3	4	1	1	3			783.0	1492.0	798.0	1624.0	795.0	1720.0	772.0	1791.0	748.0	1850.0	4	
AH	1	COUPLE	738.0	1287.0	164.609	164.582	164.663	0.081	6	1	1	1	6	1			737.0	1360.0	738.0	1282.0	730.0	1204.0	699.0	1087.0	639.0	946.0	5	
ER	0	YEARS	503.0	1729.0	164.95	164.903	165.043	0.14	94	3	4	2	9	0			501.0	1800.0	503.0	1727.0	502.0	1704.0	497.0	1703.0	490.0	1703.0	5	
IH	1	BIG	494.0	2023.0	165.798	165.781	165.831	0.05	1	1	6	2	1	0			495.0	1985.0	494.0	2023.0	488.0	2089.0	479.0	2134.0	469.0	2174.0	5	
AH	0	EVEN	745.0	1790.0	166.037	166.01	166.09	0.08	6	4	4	2	1	0			723.0	1756.0	746.0	1793.0	759.0	1819.0	761.0	1845.0	756.0	1856.0	5	
AA	1	ON	766.0	1512.0	166.15	166.12	166.211	0.091	53	4	4	2	0	0			762.0	1558.0	765.0	1506.0	755.0	1497.0	723.0	1494.0	666.0	1474.0	5	
ER	1	THURSDAY	486.0	1657.0	166.377	166.34	166.451	0.111	94	3	4	2	3	4			505.0	1658.0	483.0	1658.0	463.0	1576.0	458.0	1714.0	457.0	1728.0	6	
EY	2	THURSDAY	547.0	2013.0	166.59	166.56	166.62	0.06	22	0	0	0	3	0			543.0	2075.0	544.0	2045.0	547.0	2013.0	553.0	1970.0	565.0	1920.0	4	
AY	1	NIGHT	767.0	1517.0	166.703	166.65	166.79	0.14	47	1	4	1	4	0			745.0	1536.0	765.0	1509.0	754.0	1575.0	743.0	1740.0	696.0	1904.0	5	
AY	1	NIGHT	718.0	1757.0	168.499	168.477	168.576	0.099	47	1	4	1	4	0		m	718.0	1749.0	706.0	1791.0	665.0	1560.0	612.0	1371.0	556.0	1603.0	6	
IY	1	PEOPLE	416.0	2324.0	168.68	168.656	168.727	0.071	11	1	1	1	1	1			578.0	2419.0	414.0	2322.0	413.0	2306.0	546.0	2282.0	943.0	2381.0	4	
IY	0	REALLY	518.0	1997.0	168.973	168.956	169.007	0.051	12	0	0	0	7	0			525.0	1944.0	516.0	2009.0	493.0	2089.0	460.0	2185.0	433.0	2254.0	5	
OW	1	GO	599.0	1169.0	169.131	169.106	169.206	0.1	63	0	0	0	6	0			597.0	1200.0	605.0	1118.0	620.0	1089.0	644.0	1084.0	686.0	1116.0	6	
AW	1	OUT	769.0	1289.0	169.251	169.206	169.386	0.18	42	1	4	1	0	0			769.0	1305.0	778.0	1285.0	793.0	1285.0	778.0	1255.0	763.0	1435.0	4	
AE	1	YEAH	664.0	2138.0	174.927	174.897	174.986	0.089	3	0	0	0	9	0			628.0	2163.0	667.0	2136.0	683.0	2114.0	680.0	2110.0	669.0	2112.0	4	
AE	1	SARANAC	602.0	1796.0	175.153	175.136	175.187	0.051	3	6	4	2	3	2			600.0	1788.0	602.0	1795.0	601.0	1782.0	598.0	1770.0	596.0	1764.0	6	
AE	2	SARANAC	723.0	2022.0	175.299	175.276	175.346	0.07	3	1	6	1	4	0			701.0	1993.0	725.0	2029.0	727.0	2081.0	710.0	2151.0	682.0	2198.0	5	
ER	1	THURSDAYS	497.0	1663.0	175.536	175.496	175.616	0.12	94	3	4	2	3	4			528.0	1645.0	495.0	1665.0	480.0	1676.0	466.0	1678.0	469.0	1685.0	6	
EH	1	EVERYBODY'S	647.0	2227.0	176.039	176.016	176.086	0.07	2	3	2	2	0	2			609.0	2318.0	656.0	2205.0	696.0	2117.0	721.0	2026.0	711.0	1907.0	4	
AA	2	EVERYBODY'S	565.0	1472.0	176.273	176.256	176.306	0.05	5	1	4	2	1	1			560.0	1413.0	565.0	1472.0	567.0	1564.0	556.0	1657.0	536.0	1718.0	5	
IH	1	BIG	456.0	2131.0	176.523	176.506	176.556	0.05	1	1	6	2	1	0			452.0	2071.0	456.0	2131.0	459.0	2203.0	455.0	2300.0	445.0	2357.0	5	
AY	1	NIGHT	651.0	1877.0	176.747	176.697	176.797	0.1	47	1	4	1	4	0		m	579.0	1670.0	613.0	1752.0	651.0	1877.0	638.0	1933.0	615.0	1952.0	5	
AW	1	OUT	864.0	1690.0	176.889	176.857	176.997	0.14	42	1	4	1	0	0			856.0	1702.0	856.0	1641.0	858.0	1593.0	770.0	1456.0	739.0	1306.0	6	
AY	1	I	970.0	1609.0	188.308	188.218	188.398	0.18	41	0	0	0	0	0		s	979.0	1469.0	943.0	1477.0	970.0	1609.0	938.0	1793.0	825.0	1857.0	4	
OW	1	DON'T	702.0	1464.0	188.435	188.428	188.478	0.05	62	4	4	2	3	0			702.0	1464.0	695.0	1430.0	684.0	1386.0	672.0	1358.0	663.0	1347.0	6	
OW	1	KNOW	697.0	1427.0	188.574	188.567	188.727	0.16	63	0	0	0	4	0			705.0	1384.0	699.0	1320.0	700.0	1245.0	672.0	1193.0	673.0	1256.0	5	
IY	0	ANYTHING	558.0	2284.0	188.804	188.787	188.837	0.05	11	3	3	1	4	1			550.0	2245.0	558.0	2284.0	567.0	2337.0	573.0	2383.0	838.0	2821.0	3	
IH	1	SPECIFIC	613.0	1783.0	189.327	189.307	189.367	0.06	1	3	2	1	3	1			599.0	1763.0	616.0	1786.0	638.0	1807.0	641.0	1846.0	624.0	1856.0	5	
IH	0	SPECIFIC	640.0	1964.0	189.488	189.468	189.527	0.059	1	1	6	1	1	0			652.0	1909.0	638.0	1974.0	627.0	2066.0	619.0	2164.0	604.0	2055.0	5	
IH	1	SYRACUSE	536.0	2002.0	191.643	191.626	191.676	0.05	14	6	4	2	3	2			530.0	2012.0	536.0	2002.0	547.0	1998.0	552.0	1994.0	552.0	2005.0	4	
IH	1	BIGGER	591.0	2017.0	192.135	192.115	192.175	0.06	1	1	6	2	1	1			579.0	1985.0	592.0	2021.0	594.0	2059.0	589.0	2111.0	580.0	2182.0	4	
ER	0	BIGGER	511.0	1787.0	192.298	192.255	192.385	0.13	94	0	0	0	6	0			487.0	1851.0	516.0	1782.0	556.0	1752.0	583.0	1911.0	981.0	2092.0	5	
EY	1	MAJOR	504.0	2258.0	198.312	198.3	198.37	0.07	21	2	5	2	2	1			498.0	2266.0	471.0	2295.0	451.0	2298.0	437.0	2294.0	421.0	2268.0	5	
ER	1	UNIVERSITY	492.0	1475.0	198.74	198.7	198.821	0.121	94	3	4	1	1	2			497.0	1383.0	491.0	1485.0	479.0	1570.0	485.0	1677.0	513.0	1842.0	6	
IY	0	UNIVERSITY	442.0	2169.0	199.017	198.99	199.071	0.081	12	0	0	0	3	0			440.0	2200.0	442.0	2164.0	455.0	2089.0	473.0	2003.0	489.0	1913.0	5	
EH	1	THERE	658.0	1899.0	199.151	199.101	199.25	0.149	24	6	4	2	3	0			642.0	1874.0	659.0	1902.0	659.0	1907.0	661.0	1920.0	649.0	1900.0	4	
IH	1	BIGGER	546.0	1998.0	200.425	200.405	200.465	0.06	1	1	6	2	1	1			547.0	1960.0	544.0	2003.0	533.0	2054.0	520.0	2112.0	500.0	2161.0	5	
ER	0	BIGGER	478.0	1762.0	200.578	200.535	200.665	0.13	94	0	0	0	6	0			457.0	1907.0	478.0	1718.0	449.0	1629.0	412.0	1424.0	362.0	1301.0	6	
AY	1	I	799.0	1404.0	203.408	203.368	203.448	0.08	41	0	0	0	0	0		m	728.0	1504.0	779.0	1428.0	799.0	1404.0	821.0	1397.0	797.0	1365.0	5	
OW	1	DON'T	800.0	1518.0	203.475	203.468	203.518	0.05	62	4	4	2	3	0			800.0	1518.0	792.0	1535.0	771.0	1549.0	760.0	1567.0	760.0	1571.0	4	
OW	1	KNOW	731.0	1446.0	203.625	203.618	203.707	0.089	63	0	0	0	4	0			720.0	1426.0	697.0	1349.0	677.0	1250.0	661.0	1161.0	642.0	1095.0	5	
EY	1	SAY	710.0	2251.0	204.247	204.177	204.318	0.141	22	0	0	0	3	0			655.0	2523.0	681.0	2291.0	712.0	2244.0	734.0	2133.0	795.0	2213.0	3	
AA	1	PROBABLY	843.0	1391.0	208.485	208.468	208.518	0.05	5	1	1	2	8	1			840.0	1347.0	843.0	1391.0	838.0	1472.0	825.0	1569.0	812.0	1636.0	6	
AE	1	YANKEES	587.0	2322.0	208.709	208.689	208.749	0.06	3	4	6	2	9	4			573.0	2313.0	587.0	2323.0	584.0	2329.0	574.0	2338.0	566.0	2354.0	5	
IY	0	YANKEES	359.0	2370.0	208.905	208.888	208.938	0.05	11	3	4	2	6	0			359.0	2372.0	359.0	2370.0	361.0	2364.0	362.0	2363.0	357.0	2370.0	4	
OW	1	MOST	607.0	964.0	209.115	209.108	209.258	0.15	62	3	4	1	2	3			603.0	940.0	584.0	923.0	559.0	896.0	523.0	892.0	653.0	1319.0	5	
EH	1	METS	871.0	1674.0	211.326	211.273	211.432	0.159	2	1	4	1	2	3			824.0	1639.0	876.0	1677.0	875.0	1700.0	825.0	1730.0	709.0	1767.0	4	
AY	1	GIANTS	870.0	1612.0	214.442	214.366	214.565	0.199	41	0	0	0	5	1			828.0	1507.0	868.0	1584.0	855.0	1746.0	781.0	1993.0	689.0	2214.0	5	
EH	1	JETS	727.0	1883.0	214.885	214.855	214.945	0.09	2	1	4	1	5	3			687.0	1893.0	729.0	1883.0	743.0	1889.0	717.0	1882.0	653.0	1885.0	4	
IH	1	BILL	572.0	1710.0	215.249	215.216	215.315	0.099	1	5	4	2	1	0			559.0	1723.0	575.0	1706.0	587.0	1674.0	591.0	1636.0	594.0	1581.0	5	
AE	1	BASKETBALL	755.0	1946.0	216.496	216.456	216.576	0.12	39	3	4	1	1	5			748.0	1891.0	756.0	1952.0	751.0	1988.0	736.0	2012.0	719.0	1998.0	4	
AO	2	BASKETBALL	577.0	880.0	216.816	216.796	216.856	0.06	53	5	4	2	1	0			563.0	879.0	580.0	880.0	601.0	891.0	620.0	910.0	635.0	925.0	6	
UH	1	FOOTBALL	582.0	973.0	218.201	218.184	218.234	0.05	7	1	4	1	1	4			587.0	1000.0	582.0	973.0	555.0	913.0	493.0	860.0	436.0	864.0	6	
AO	2	FOOTBALL	679.0	866.0	218.421	218.344	218.574	0.23	53	5	4	2	1	0			671.0	851.0	678.0	866.0	681.0	872.0	702.0	890.0	709.0	901.0	5	
AY	1	I	687.0	1417.0	222.502	222.477	222.527	0.05	41	0	0	0	0	0		m	663.0	1344.0	676.0	1378.0	687.0	1417.0	691.0	1441.0	680.0	1449.0	6	
IH	1	MISSING	614.0	1875.0	222.65	222.627	222.696	0.069	1	3	4	1	2	1			601.0	1897.0	615.0	1868.0	618.0	1823.0	617.0	1843.0	610.0	1890.0	4	
AE	1	BASKETBALL	769.0	2027.0	224.178	224.141	224.251	0.11	39	3	4	1	1	5			751.0	2088.0	773.0	2036.0	795.0	2102.0	816.0	2171.0	822.0	2158.0	3	
AE	1	BASKETBALL	780.0	1994.0	225.336	225.306	225.396	0.09	39	3	4	1	1	5			768.0	1940.0	781.0	1998.0	778.0	2034.0	767.0	2051.0	748.0	2037.0	4	
AO	2	BASKETBALL	649.0	966.0	225.596	225.576	225.636	0.06	53	5	4	2	1	0			627.0	947.0	651.0	968.0	664.0	979.0	670.0	987.0	671.0	987.0	5	
OW	1	NO	572.0	1534.0	227.448	227.433	227.514	0.081	63	0	0	0	4	0			573.0	1526.0	580.0	1393.0	567.0	1231.0	524.0	1050.0	501.0	869.0	5	
ER	0	PARTICULAR	458.0	1654.0	227.903	227.873	227.963	0.09	94	0	0	0	7	0			483.0	1654.0	455.0	1657.0	420.0	1729.0	376.0	1538.0	449.0	1274.0	6	
AH	0	ALLEGIANCE	608.0	1473.0	228.043	228.023	228.083	0.06	6	5	4	2	0	2			567.0	1368.0	617.0	1483.0	635.0	1493.0	638.0	1408.0	630.0	1307.0	6	
IY	1	ALLEGIANCE	412.0	2373.0	228.197	228.163	228.264	0.101	11	2	5	2	7	1			453.0	2265.0	411.0	2379.0	410.0	2128.0	408.0	2130.0	397.0	2363.0	5	
ER	0	AROUND	503.0	1443.0	228.517	228.494	228.563	0.069	94	0	0	0	0	1			487.0	1438.0	507.0	1446.0	546.0	1435.0	585.0	1394.0	618.0	1324.0	5	
AW	1	AROUND	714.0	1372.0	228.575	228.563	228.633	0.07	42	4	4	2	7	0			717.0	1376.0	727.0	1405.0	708.0	1333.0	700.0	1313.0	707.0	1368.0	6	
IH	1	HERE	535.0	2256.0	228.717	228.694	228.764	0.07	14	6	4	2	0	0			543.0	2277.0	533.0	2250.0	523.0	2221.0	523.0	2177.0	539.0	2150.0	4	
ER	0	FOR	571.0	1578.0	228.85	228.833	228.883	0.05	94	0	0	0	1	0			568.0	1653.0	571.0	1578.0	555.0	1464.0	525.0	1446.0	502.0	1437.0	5	
AE	1	BASKETBALL	719.0	1852.0	228.987	228.954	229.053	0.099	39	3	4	1	1	5			708.0	1810.0	720.0	1856.0	731.0	1792.0	730.0	1786.0	709.0	1855.0	4	
IH	1	IN	490.0	2355.0	239.188	239.151	239.262	0.111	1	4	4	2	0	0			715.0	2210.0	506.0	2414.0	519.0	2470.0	513.0	2484.0	523.0	2469.0	5	
AY	1	LIKE	727.0	1361.0	240.806	240.711	240.96	0.249	47	1	6	1	7	0			726.0	1533.0	767.0	1389.0	624.0	1017.0	632.0	1174.0	682.0	1521.0	6	
AY	1	MY	759.0	1541.0	241.157	241.14	241.21	0.07	41	0	0	0	2	0		s	757.0	1501.0	757.0	1634.0	739.0	1730.0	704.0	1808.0	665.0	1875.0	5	
UW	1	SCHOOL	448.0	824.0	241.423	241.37	241.53	0.16	72	5	4	2	6	0			473.0	939.0	445.0	817.0	461.0	790.0	499.0	823.0	508.0	876.0	5	
EY	1	AGE	607.0	1959.0	241.622	241.61	241.81	0.2	21	2	5	2	0	0			590.0	2125.0	562.0	2243.0	531.0	2285.0	501.0	2315.0	481.0	2310.0	4	
UW	1	TWO	453.0	1752.0	243.157	243.15	243.309	0.159	73	0	0	0	3	0			491.0	1706.0	446.0	1534.0	412.0	1335.0	394.0	1198.0	374.0	1099.0	6	
IH	1	KID	463.0	2125.0	248.023	248.0	248.07	0.07	1	1	4	2	6	0			451.0	2128.0	464.0	2122.0	458.0	2093.0	443.0	2046.0	436.0	2007.0	5	
AA	1	STARTED	761.0	1582.0	248.332	248.299	248.399	0.1	44	6	4	2	3	4			702.0	1595.0	768.0	1579.0	816.0	1603.0	830.0	1700.0	814.0	1820.0	4	
EH	1	MESSING	809.0	1627.0	248.603	248.58	248.649	0.069	2	3	4	1	2	1			803.0	1607.0	808.0	1629.0	797.0	1666.0	780.0	1708.0	757.0	1678.0	5	
AH	0	WITH	541.0	1769.0	248.85	248.83	248.89	0.06	6	3	3	2	9	0			539.0	1776.0	541.0	1767.0	530.0	1732.0	556.0	1822.0	863.0	2245.0	4	
IY	1	ME	521.0	2360.0	249.053	249.009	249.14	0.131	12	0	0	0	2	0			542.0	2319.0	517.0	2366.0	501.0	2420.0	555.0	2492.0	558.0	1278.0	5	
AO	1	WANTED	728.0	1272.0	249.489	249.469	249.529	0.06	5	4	4	2	9	4			735.0	1231.0	726.0	1277.0	706.0	1317.0	667.0	1333.0	609.0	1326.0	6	
IH	1	IF	464.0	2255.0	249.863	249.84	249.91	0.07	1	3	2	1	0	0			449.0	2285.0	468.0	2247.0	491.0	2208.0	529.0	2168.0	537.0	2115.0	4	
AY	1	I	1029.0	1895.0	249.966	249.96	250.09	0.13	41	0	0	0	0	0		m	717.0	1414.0	745.0	1449.0	740.0	1448.0	717.0	1463.0	669.0	1389.0	5	
UH	1	WOULD	544.0	1487.0	250.15	250.13	250.19	0.06	7	1	4	2	9	0			557.0	1426.0	542.0	1495.0	517.0	1556.0	458.0	1624.0	454.0	1719.0	6	
IH	1	HIT	559.0	2150.0	250.904	250.887	250.937	0.05	1	1	4	1	0	0			561.0	2165.0	559.0	2151.0	554.0	2125.0	543.0	2098.0	531.0	2084.0	4	
AE	1	BACK	797.0	1886.0	251.206	251.136	251.346	0.21	3	1	6	1	1	0			773.0	1832.0	800.0	1897.0	811.0	1944.0	816.0	1930.0	832.0	1933.0	4	
IY	0	THE	496.0	2274.0	252.249	252.216	252.316	0.1	12	0	0	0	3	0			493.0	2285.0	497.0	2273.0	513.0	2257.0	542.0	2220.0	613.0	2141.0	4	
AH	1	OTHER	739.0	1601.0	252.346	252.316	252.406	0.09	6	3	3	2	0	1			714.0	1690.0	740.0	1593.0	729.0	1504.0	685.0	1447.0	632.0	1427.0	6	
ER	0	OTHER	452.0	2002.0	252.462	252.435	252.515	0.08	94	0	0	0	3	0			497.0	1927.0	448.0	2009.0	366.0	2080.0	597.0	2137.0	1049.0	2301.0	5	
IH	1	KID	513.0	2177.0	252.782	252.675	252.995	0.32	1	1	4	2	6	0			485.0	2207.0	516.0	2175.0	543.0	2144.0	568.0	2104.0	562.0	2057.0	5	
AY	1	MY	754.0	1520.0	254.18	254.164	254.244	0.08	41	0	0	0	2	0			754.0	1520.0	731.0	1670.0	685.0	1860.0	613.0	2065.0	530.0	1997.0	5	
AH	0	GOOD	497.0	1727.0	254.367	254.344	254.414	0.07	6	1	4	2	6	0			498.0	1758.0	496.0	1722.0	490.0	1705.0	477.0	1700.0	440.0	1624.0	5	
EH	1	FRIENDS	752.0	1625.0	254.634	254.594	254.715	0.121	2	4	4	2	8	3			731.0	1549.0	753.0	1633.0	755.0	1700.0	745.0	1750.0	708.0	1771.0	5	
EH	1	SAID	646.0	1688.0	255.214	255.164	255.314	0.15	2	1	4	2	3	0			613.0	1671.0	650.0	1692.0	669.0	1717.0	663.0	1761.0	619.0	1779.0	5	
AE	1	THAT	673.0	1620.0	255.467	255.424	255.554	0.13	3	1	4	1	3	0			639.0	1674.0	677.0	1618.0	690.0	1628.0	686.0	1680.0	670.0	1877.0	4	
AO	1	THOUGHT	724.0	1286.0	255.798	255.765	255.865	0.1	53	1	4	1	3	0			696.0	1253.0	727.0	1277.0	713.0	1066.0	722.0	1119.0	736.0	1371.0	6	
IY	1	BEAT	379.0	2346.0	256.191	256.164	256.245	0.081	11	1	4	1	1	0			373.0	2323.0	379.0	2344.0	374.0	2294.0	394.0	2271.0	462.0	2258.0	4	
IY	1	ME	471.0	2309.0	256.358	256.335	256.405	0.07	12	0	0	0	2	0			458.0	2321.0	472.0	2306.0	494.0	2285.0	530.0	2261.0	575.0	2207.0	4	
AH	1	UP	753.0	1551.0	256.442	256.405	256.515	0.11	6	1	1	1	0	0			701.0	1039.0	754.0	1541.0	760.0	1411.0	747.0	1320.0	692.0	1230.0	6	
OW	1	SO	621.0	1417.0	256.769	256.735	256.875	0.14	63	0	0	0	3	0			622.0	1438.0	626.0	1358.0	644.0	1284.0	641.0	1217.0	631.0	1136.0	6	
AY	1	I	752.0	1851.0	257.542	257.513	257.573	0.06	41	0	0	0	0	0		s	747.0	1689.0	742.0	1758.0	751.0	1861.0	764.0	1943.0	724.0	2054.0	4	
AE	1	CAN'T	612.0	2331.0	258.169	258.122	258.262	0.14	33	4	4	2	6	3			591.0	2351.0	615.0	2333.0	638.0	2342.0	675.0	2282.0	697.0	2178.0	3	
AY	1	I	959.0	1496.0	262.782	262.723	262.913	0.19	41	0	0	0	0	0		s	886.0	1565.0	936.0	1468.0	921.0	1430.0	914.0	1524.0	836.0	1708.0	4	
AE	1	THAT	825.0	1794.0	263.183	263.153	263.242	0.089	3	1	4	1	3	0			822.0	1797.0	825.0	1794.0	815.0	1779.0	798.0	1772.0	775.0	1788.0	4	
EH	1	FRIEND	742.0	1819.0	263.899	263.862	263.972	0.11	2	4	4	2	8	3			746.0	2052.0	740.0	1800.0	732.0	1619.0	735.0	1652.0	716.0	1763.0	4	
AY	1	HIGHSCHOOL	912.0	1511.0	278.353	278.331	278.442	0.111	47	3	4	1	0	4		s	912.0	1511.0	876.0	1627.0	800.0	1753.0	704.0	1595.0	603.0	1456.0	6	
UW	1	TWO	364.0	1576.0	282.445	282.438	282.488	0.05	73	0	0	0	3	0			364.0	1576.0	367.0	1488.0	335.0	1357.0	302.0	1265.0	282.0	1212.0	6	
ER	1	GIRLS	463.0	1283.0	282.578	282.538	282.658	0.12	94	5	4	2	6	3			421.0	1328.0	466.0	1279.0	495.0	1254.0	530.0	1215.0	549.0	1127.0	5	
OW	1	GOING	560.0	1323.0	282.882	282.868	282.949	0.081	62	0	0	0	6	1			568.0	1311.0	594.0	1229.0	594.0	1166.0	609.0	1119.0	626.0	1093.0	5	
AY	1	I'VE	884.0	1459.0	283.073	283.009	283.138	0.129	41	3	2	2	0	0		s	780.0	1498.0	848.0	1454.0	885.0	1462.0	860.0	1577.0	747.0	1755.0	5	
IY	1	SEEN	431.0	2271.0	283.262	283.239	283.308	0.069	11	4	4	2	3	0			446.0	2284.0	430.0	2269.0	422.0	2254.0	399.0	2235.0	343.0	2133.0	4	
UW	1	TWO	680.0	2502.0	283.706	283.699	283.778	0.079	73	0	0	0	3	0			499.0	2155.0	570.0	1920.0	648.0	1613.0	659.0	1709.0	385.0	1904.0	4	
EY	1	CRAZY	531.0	1840.0	283.94	283.928	284.019	0.091	21	3	4	2	8	1			530.0	1874.0	514.0	2011.0	491.0	1903.0	469.0	1456.0	455.0	1514.0	5	
AH	1	ONE	682.0	1481.0	284.446	284.419	284.499	0.08	6	4	4	2	9	0			675.0	1477.0	681.0	1478.0	660.0	1413.0	639.0	1303.0	581.0	1128.0	6	
AH	1	WAS	635.0	1275.0	284.636	284.609	284.689	0.08	6	3	4	2	9	0			679.0	1241.0	629.0	1277.0	531.0	1309.0	468.0	1352.0	472.0	1398.0	6	
AY	1	HIGHSCHOOL	940.0	1641.0	284.879	284.869	284.959	0.09	47	3	4	1	0	4		s	932.0	1683.0	881.0	1773.0	794.0	1874.0	718.0	1932.0	638.0	1918.0	4	
UW	1	TWO	392.0	1396.0	285.676	285.669	285.729	0.06	73	0	0	0	3	0			392.0	1396.0	390.0	1258.0	381.0	1139.0	366.0	1071.0	386.0	1075.0	5	
ER	1	GIRL	408.0	1264.0	285.785	285.759	285.838	0.079	94	5	4	2	6	0			378.0	1265.0	412.0	1266.0	447.0	1275.0	503.0	1262.0	539.0	1207.0	6	
OW	1	GOING	535.0	976.0	286.009	285.989	286.068	0.079	62	0	0	0	6	1			524.0	972.0	563.0	1004.0	608.0	1084.0	641.0	1214.0	640.0	1388.0	6	
AE	1	AT	754.0	2085.0	286.162	286.128	286.229	0.101	3	1	4	1	0	0			753.0	2088.0	754.0	2084.0	756.0	2073.0	757.0	2048.0	728.0	2005.0	4	
AH	0	IT	625.0	1980.0	286.275	286.258	286.308	0.05	6	1	4	1	0	0			622.0	1983.0	625.0	1980.0	632.0	1933.0	647.0	1826.0	683.0	1700.0	4	
AH	1	ONE	612.0	1390.0	286.445	286.428	286.479	0.051	6	4	4	2	9	0			621.0	1310.0	610.0	1408.0	599.0	1527.0	551.0	1636.0	519.0	1704.0	6	
AA	1	GOT	675.0	1959.0	286.668	286.648	286.708	0.06	5	1	4	1	6	0			654.0	2055.0	678.0	1947.0	690.0	1870.0	684.0	1829.0	664.0	1809.0	4	
ER	1	SHIRT	471.0	1566.0	286.962	286.928	287.029	0.101	94	1	4	1	5	0			461.0	1668.0	470.0	1559.0	455.0	1482.0	374.0	1336.0	284.0	1200.0	6	
IH	1	RIPPE	563.0	1777.0	287.125	287.108	287.158	0.05	1	1	1	1	7	0			564.0	1772.0	564.0	1777.0	562.0	1764.0	530.0	1742.0	423.0	1696.0	6	
AO	1	OFF	759.0	1231.0	287.316	287.239	287.469	0.23	53	3	2	1	0	0			643.0	1372.0	758.0	1215.0	779.0	1126.0	802.0	1139.0	862.0	1240.0	4	
OW	1	NO	552.0	1553.0	289.752	289.736	289.856	0.12	63	0	0	0	4	0			569.0	1454.0	566.0	1238.0	506.0	1054.0	435.0	1055.0	956.0	1775.0	5	
IY	0	SECURITY	306.0	2209.0	290.278	290.225	290.385	0.16	12	0	0	0	3	0			347.0	2170.0	290.0	2212.0	304.0	2251.0	236.0	2284.0	263.0	2221.0	4	
AO	1	SAW	723.0	1093.0	290.722	290.666	290.835	0.169	53	0	0	0	3	0			707.0	1162.0	726.0	1087.0	738.0	1071.0	754.0	1127.0	756.0	1227.0	6	
ER	0	FOR	545.0	1311.0	291.002	290.966	291.075	0.109	94	0	0	0	1	0			552.0	1327.0	544.0	1310.0	542.0	1327.0	545.0	1368.0	551.0	1389.0	5	
AY	1	LIKE	641.0	1568.0	291.116	291.105	291.166	0.061	47	1	6	1	7	0			641.0	1579.0	638.0	1686.0	627.0	1817.0	609.0	1930.0	587.0	2036.0	5	
EY	1	THEY	545.0	2064.0	291.621	291.609	291.66	0.051	22	0	0	0	3	0			544.0	2064.0	522.0	2053.0	497.0	1963.0	463.0	1731.0	429.0	1496.0	5	
AA	1	ON	796.0	1384.0	291.85	291.83	291.889	0.059	53	4	4	2	0	0			808.0	1417.0	794.0	1381.0	783.0	1368.0	759.0	1357.0	724.0	1345.0	5	
AY	1	LIKE	617.0	1473.0	291.997	292.009	292.069	0.06	47	1	6	1	7	0			601.0	1798.0	586.0	1930.0	567.0	2044.0	544.0	2136.0	521.0	2200.0	5	
AH	0	GOOD	530.0	1793.0	292.312	292.279	292.379	0.1	6	1	4	2	6	0			507.0	1810.0	531.0	1790.0	532.0	1794.0	532.0	1853.0	500.0	1842.0	5	
AH	1	ONE	688.0	1298.0	293.62	293.603	293.654	0.051	6	4	4	2	9	0			702.0	1245.0	684.0	1308.0	660.0	1372.0	602.0	1433.0	542.0	1450.0	5	
UW	1	TWO	541.0	1797.0	293.802	293.793	293.903	0.11	73	0	0	0	3	0			412.0	1693.0	405.0	1568.0	414.0	1447.0	402.0	1228.0	356.0	1084.0	6	
AH	0	MINUTES	630.0	1940.0	294.09	294.073	294.124	0.051	6	1	4	1	4	3			636.0	1951.0	628.0	1939.0	611.0	1942.0	584.0	1951.0	562.0	1959.0	4	
AH	0	ANOTHER	625.0	1770.0	294.749	294.732	294.782	0.05	6	4	4	2	0	2			628.0	1772.0	625.0	1770.0	619.0	1770.0	601.0	1767.0	563.0	1765.0	6	
AH	1	ANOTHER	701.0	1497.0	294.865	294.842	294.911	0.069	6	3	3	2	4	1			690.0	1574.0	701.0	1489.0	700.0	1402.0	676.0	1318.0	642.0	1260.0	5	
UW	1	TWO	397.0	1996.0	295.659	295.652	295.821	0.169	73	0	0	0	3	0			378.0	1713.0	363.0	1366.0	357.0	1123.0	501.0	1011.0	417.0	1279.0	5	
AH	0	A	568.0	2065.0	296.033	296.016	296.066	0.05	6	0	0	0	0	0			493.0	2038.0	568.0	2065.0	616.0	2128.0	583.0	2197.0	525.0	2209.0	4	
OY	1	BOY	556.0	702.0	296.194	296.147	296.287	0.14	61	0	0	0	1	0			543.0	643.0	559.0	714.0	613.0	920.0	642.0	1285.0	624.0	1754.0	5	
ER	1	GIRL	514.0	1576.0	296.447	296.417	296.507	0.09	94	5	4	2	6	0			505.0	1633.0	514.0	1559.0	517.0	1473.0	530.0	1389.0	571.0	1291.0	5	
OW	1	GOING	605.0	965.0	296.738	296.726	296.776	0.05	62	0	0	0	6	1			605.0	965.0	605.0	984.0	608.0	1034.0	611.0	1096.0	615.0	1166.0	5	
AE	1	AT	728.0	2082.0	296.856	296.836	296.896	0.06	3	1	4	1	0	0			721.0	2072.0	729.0	2082.0	735.0	2076.0	744.0	2065.0	751.0	2055.0	5	
EY	1	THEY	578.0	2103.0	297.108	297.096	297.146	0.05	22	0	0	0	3	0			578.0	2103.0	573.0	2083.0	569.0	2033.0	566.0	1969.0	566.0	1910.0	5	
IH	1	SPINNING	526.0	2219.0	297.749	297.716	297.816	0.1	1	4	4	2	1	1			501.0	2108.0	528.0	2231.0	538.0	2282.0	543.0	2265.0	528.0	2188.0	5	
AH	0	SPINNING	515.0	2136.0	297.893	297.876	297.926	0.05	6	4	4	2	4	0			516.0	2135.0	515.0	2136.0	511.0	2130.0	505.0	2117.0	496.0	2099.0	5	
AH	1	UP	675.0	1966.0	298.566	298.546	298.606	0.06	6	1	1	1	0	0			637.0	2027.0	680.0	1959.0	724.0	1899.0	768.0	1799.0	776.0	1605.0	4	
AO	1	HALLWAY	687.0	855.0	298.822	298.775	298.915	0.14	53	5	4	2	0	1			695.0	848.0	687.0	856.0	678.0	865.0	675.0	868.0	674.0	866.0	5	
EY	2	HALLWAY	648.0	1934.0	299.037	299.025	299.135	0.11	22	0	0	0	9	0			635.0	2031.0	607.0	2135.0	588.0	2185.0	582.0	2185.0	593.0	2129.0	4	
AO	1	ALL	767.0	1163.0	299.172	299.135	299.245	0.11	53	5	4	2	0	0			753.0	1385.0	766.0	1156.0	743.0	1075.0	728.0	1000.0	703.0	935.0	6	
EY	1	WAY	521.0	2117.0	299.439	299.415	299.465	0.05	22	0	0	0	9	0			497.0	2095.0	504.0	2117.0	524.0	2115.0	548.0	2095.0	567.0	2070.0	5	
AH	1	UP	647.0	1868.0	299.482	299.465	299.515	0.05	6	1	1	1	0	0			638.0	1914.0	647.0	1868.0	661.0	1783.0	791.0	1769.0	1091.0	2206.0	4	
EH	1	STAIRS	595.0	2026.0	300.029	299.986	300.116	0.13	24	6	4	2	3	3			598.0	2003.0	596.0	2028.0	605.0	2043.0	598.0	2008.0	592.0	1985.0	4	
EH	1	EVERYBODY	814.0	1651.0	300.925	300.908	300.959	0.051	2	3	2	2	0	2			831.0	1626.0	811.0	1655.0	775.0	1671.0	723.0	1671.0	684.0	1659.0	5	
AA	2	EVERYBODY	529.0	1420.0	301.135	301.118	301.169	0.051	5	1	4	2	1	1			527.0	1305.0	529.0	1436.0	523.0	1547.0	508.0	1678.0	490.0	1756.0	6	
IH	1	IN	527.0	1996.0	301.405	301.388	301.438	0.05	1	4	4	2	0	0			520.0	1997.0	527.0	1996.0	530.0	1985.0	525.0	1962.0	516.0	1936.0	4	
EH	1	THERE	574.0	1913.0	301.561	301.538	301.608	0.07	24	6	4	2	3	0			580.0	1944.0	574.0	1909.0	569.0	1860.0	565.0	1805.0	558.0	1706.0	5	
IH	0	TO	486.0	2131.0	301.885	301.868	301.919	0.051	1	0	0	0	3	0			561.0	2066.0	484.0	2150.0	454.0	1787.0	420.0	1579.0	373.0	1353.0	6	
AW	1	OUT	811.0	1739.0	302.06	302.038	302.128	0.09	42	1	4	1	0	0			798.0	1749.0	832.0	1714.0	843.0	1674.0	845.0	1656.0	841.0	1630.0	4	
UW	2	LUNCHROOM	558.0	1476.0	302.667	302.659	302.729	0.07	73	4	1	2	7	0			553.0	1467.0	507.0	1404.0	680.0	1528.0	580.0	1424.0	472.0	1247.0	6	
OW	1	SO	577.0	2143.0	302.986	302.979	303.029	0.05	63	0	0	0	3	0			577.0	2143.0	632.0	2142.0	634.0	2172.0	611.0	2171.0	617.0	2203.0	4	
OW	1	THOSE	595.0	1332.0	303.256	303.249	303.369	0.12	62	3	4	2	3	0			585.0	1301.0	571.0	1249.0	547.0	1190.0	507.0	1178.0	502.0	1310.0	6	
UW	1	TWO	698.0	2276.0	303.566	303.559	303.659	0.1	73	0	0	0	3	0			480.0	2075.0	458.0	2278.0	423.0	2107.0	427.0	1852.0	461.0	1803.0	4	
IH	1	IS	1026.0	1992.0	325.682	325.658	325.729	0.071	1	3	4	2	0	0			992.0	1929.0	992.0	1948.0	710.0	1572.0	443.0	1171.0	448.0	1214.0	6	
AA	1	COT	1030.0	1573.0	326.032	325.969	326.159	0.19	5	1	4	1	6	0			1007.0	1577.0	1029.0	1574.0	1009.0	1613.0	928.0	1672.0	816.0	1735.0	4	
AA	1	COT	908.0	1831.0	326.815	326.788	326.868	0.08	5	1	4	1	6	0			897.0	1921.0	908.0	1827.0	884.0	1793.0	833.0	1771.0	759.0	1730.0	4	
AE	1	THAT	842.0	2037.0	327.185	327.159	327.238	0.079	3	1	4	1	3	0			824.0	2031.0	846.0	2037.0	872.0	2015.0	925.0	2061.0	983.0	2156.0	5	
AE	1	HANGS	715.0	2318.0	327.385	327.328	327.498	0.17	3	4	6	2	0	3			719.0	2320.0	716.0	2318.0	704.0	2343.0	688.0	2356.0	668.0	2382.0	5	
AY	1	TIE	918.0	1553.0	328.362	328.328	328.458	0.13	41	0	0	0	3	0		s	913.0	1583.0	915.0	1527.0	915.0	1605.0	873.0	1688.0	813.0	1698.0	4	
AY	1	LIKE	707.0	1459.0	328.475	328.488	328.577	0.089	47	1	6	1	7	0			688.0	1688.0	661.0	1852.0	613.0	1970.0	574.0	1924.0	547.0	1656.0	5	
EH	1	END	675.0	2056.0	328.82	328.797	328.867	0.07	2	4	4	2	0	3			668.0	2011.0	675.0	2060.0	674.0	2084.0	657.0	2086.0	627.0	2075.0	4	
IY	1	TREE	453.0	2210.0	329.317	329.267	329.418	0.151	12	0	0	0	8	0			449.0	2077.0	454.0	2229.0	450.0	2310.0	448.0	2170.0	423.0	1946.0	4	
IY	1	TREE	500.0	2486.0	330.067	330.027	330.148	0.121	12	0	0	0	8	0			498.0	2552.0	499.0	2473.0	486.0	2431.0	526.0	2726.0	1154.0	3389.0	3	
AE	1	THAT	707.0	1915.0	330.298	330.268	330.358	0.09	3	1	4	1	3	0			686.0	1854.0	709.0	1929.0	719.0	1998.0	724.0	2002.0	708.0	1983.0	5	
AH	0	IT	630.0	1942.0	330.428	330.408	330.468	0.06	6	1	4	1	0	0			616.0	1912.0	632.0	1943.0	649.0	1949.0	643.0	1971.0	653.0	1986.0	5	
AE	1	HAMMOCK	818.0	2262.0	331.167	331.111	331.28	0.169	39	4	1	2	0	1			855.0	2277.0	816.0	2263.0	808.0	2259.0	794.0	2220.0	742.0	2099.0	5	
AY	1	ALRIGHT	882.0	1512.0	331.629	331.601	331.86	0.259	47	1	4	1	7	0		s	872.0	1477.0	850.0	1486.0	822.0	1487.0	796.0	1602.0	737.0	1834.0	6	
AA	1	COT	939.0	1355.0	334.701	334.628	334.848	0.22	5	1	4	1	6	0			891.0	1317.0	939.0	1352.0	950.0	1363.0	971.0	1425.0	972.0	1431.0	6	
AA	1	COT	998.0	1578.0	336.566	336.523	336.652	0.129	5	1	4	1	6	0			994.0	1602.0	999.0	1576.0	1001.0	1587.0	974.0	1656.0	923.0	1789.0	4	
AO	1	SMALLER	722.0	840.0	336.989	336.942	337.082	0.14	53	5	4	2	2	1			699.0	792.0	725.0	846.0	736.0	871.0	734.0	874.0	728.0	873.0	5	
ER	0	SMALLER	632.0	1503.0	337.236	337.203	337.302	0.099	94	0	0	0	7	0			636.0	1482.0	632.0	1504.0	619.0	1464.0	682.0	1455.0	1058.0	1890.0	5	
AA	1	NOT	929.0	1734.0	340.096	340.056	340.175	0.119	5	1	4	1	4	0			827.0	1880.0	936.0	1714.0	942.0	1548.0	908.0	1468.0	843.0	1404.0	4	
AA	1	COT	924.0	1424.0	341.542	341.495	341.635	0.14	5	1	4	1	6	0			925.0	1451.0	923.0	1423.0	911.0	1440.0	888.0	1507.0	864.0	1634.0	5	
AO	1	MORE	508.0	558.0	341.917	341.884	341.984	0.1	64	6	4	2	2	0			499.0	579.0	510.0	560.0	547.0	621.0	602.0	728.0	628.0	853.0	6	
OW	1	MOBILE	571.0	729.0	342.13	342.104	342.214	0.11	62	1	1	2	2	1			569.0	728.0	575.0	727.0	584.0	714.0	574.0	669.0	551.0	584.0	6	
EH	1	BED	742.0	1977.0	342.846	342.809	342.919	0.11	2	1	4	2	1	0			722.0	1966.0	743.0	1978.0	749.0	2004.0	722.0	2008.0	670.0	2019.0	4	
AA	1	NOT	869.0	1570.0	343.186	343.129	343.299	0.17	5	1	4	1	4	0			827.0	1684.0	868.0	1559.0	870.0	1455.0	859.0	1405.0	837.0	1358.0	5	
ER	0	GENERALLY	593.0	1517.0	344.388	344.368	344.428	0.06	94	0	0	0	4	2			581.0	1632.0	595.0	1505.0	601.0	1414.0	608.0	1363.0	609.0	1329.0	6	
OW	1	MOBILE	610.0	812.0	344.721	344.687	344.827	0.14	62	1	1	2	2	1			615.0	829.0	600.0	767.0	623.0	717.0	667.0	580.0	554.0	1407.0	5	
IH	1	BIG	475.0	2101.0	346.237	346.204	346.304	0.1	1	1	6	2	1	0			466.0	2060.0	476.0	2106.0	483.0	2146.0	482.0	2199.0	459.0	2270.0	5	
EH	1	HEAVY	798.0	1937.0	346.527	346.504	346.573	0.069	2	3	2	2	0	1			825.0	1942.0	795.0	1935.0	767.0	1914.0	740.0	1877.0	716.0	1868.0	4	
IY	0	HEAVY	446.0	2261.0	346.686	346.643	346.773	0.13	12	0	0	0	1	0			481.0	2196.0	441.0	2264.0	428.0	2298.0	525.0	2284.0	856.0	2032.0	5	
IY	0	CLUNKY	428.0	2469.0	347.383	347.353	347.444	0.091	12	0	0	0	6	0			413.0	2419.0	429.0	2470.0	443.0	2473.0	797.0	2610.0	1395.0	3097.0	4	
OW	1	DON'T	637.0	1415.0	361.459	361.452	361.511	0.059	62	4	4	2	3	0			637.0	1415.0	618.0	1284.0	596.0	1175.0	575.0	1070.0	577.0	976.0	5	
IY	0	REALLY	432.0	2122.0	361.675	361.652	361.722	0.07	12	0	0	0	7	0			446.0	2038.0	431.0	2131.0	423.0	2212.0	417.0	2258.0	409.0	2283.0	4	
AW	1	FOUND	786.0	1240.0	362.049	362.041	362.171	0.13	42	4	4	2	1	3			774.0	1256.0	748.0	1163.0	725.0	1163.0	711.0	1249.0	673.0	1199.0	6	
AW	1	OUT	773.0	1714.0	362.283	362.251	362.431	0.18	42	1	4	1	0	0			783.0	1685.0	815.0	1411.0	786.0	1271.0	726.0	1182.0	659.0	1076.0	5	
AY	1	I	829.0	1553.0	365.045	364.97	365.12	0.15	41	0	0	0	0	0		s	692.0	1913.0	784.0	1531.0	829.0	1553.0	811.0	1569.0	762.0	1656.0	4	
OW	1	DON'T	665.0	1492.0	365.147	365.14	365.2	0.06	62	4	4	2	3	0			665.0	1492.0	644.0	1375.0	607.0	1236.0	559.0	1080.0	512.0	945.0	6	
IY	0	REALLY	425.0	2349.0	365.393	365.35	365.479	0.129	12	0	0	0	7	0			444.0	2328.0	423.0	2347.0	412.0	2404.0	348.0	2374.0	337.0	2338.0	3	
IY	0	REALLY	489.0	2077.0	366.08	366.06	366.119	0.059	12	0	0	0	7	0			504.0	2046.0	487.0	2081.0	465.0	2105.0	439.0	2121.0	415.0	2129.0	4	
ER	0	DIFFERENTIATE	447.0	1566.0	366.36	366.34	366.399	0.059	94	0	0	0	1	2			450.0	1595.0	446.0	1563.0	442.0	1544.0	476.0	1626.0	509.0	1742.0	5	
IY	0	DIFFERENTIATE	450.0	2471.0	366.649	366.629	366.689	0.06	11	0	0	0	5	1			439.0	2436.0	452.0	2480.0	470.0	2559.0	491.0	2538.0	503.0	2474.0	3	
EY	2	DIFFERENTIATE	504.0	2381.0	366.701	366.689	366.759	0.07	21	1	4	1	0	0			504.0	2384.0	498.0	2365.0	481.0	2342.0	482.0	2313.0	501.0	2210.0	4	
IY	1	EITHER	435.0	2251.0	367.283	367.26	367.33	0.07	11	3	3	2	0	1			464.0	2246.0	433.0	2252.0	431.0	2268.0	450.0	2286.0	458.0	2280.0	4	
ER	0	EITHER	540.0	1956.0	367.403	367.36	367.49	0.13	94	0	0	0	3	0			515.0	1888.0	542.0	1964.0	549.0	2000.0	563.0	1986.0	573.0	2030.0	5	
AY	1	I	905.0	1486.0	383.66	383.618	383.768	0.15	41	0	0	0	0	0		s	892.0	1429.0	901.0	1565.0	841.0	1750.0	738.0	1815.0	655.0	1470.0	4	
IY	0	REALLY	442.0	2148.0	384.131	384.107	384.178	0.071	12	0	0	0	7	0			459.0	2067.0	440.0	2154.0	430.0	2189.0	421.0	2161.0	382.0	2078.0	4	
IH	2	DIFFERENTIATE	534.0	2016.0	384.247	384.227	384.287	0.06	1	3	2	1	3	2			520.0	2029.0	535.0	2014.0	552.0	1996.0	567.0	1975.0	598.0	1957.0	4	
EY	2	DIFFERENTIATE	425.0	2374.0	384.669	384.657	384.708	0.051	21	1	4	1	0	0			425.0	2374.0	395.0	2379.0	359.0	2379.0	269.0	2267.0	350.0	2244.0	4	
IY	1	BETWEEN	446.0	2509.0	384.948	384.928	384.988	0.06	11	4	4	2	9	0			445.0	2468.0	446.0	2510.0	449.0	2504.0	452.0	2513.0	420.0	2541.0	3	
IY	1	EITHER	456.0	2440.0	385.057	385.017	385.137	0.12	11	3	3	2	0	1			452.0	2476.0	455.0	2437.0	458.0	2384.0	478.0	2307.0	481.0	2156.0	5	
IH	1	IN	1098.0	1834.0	385.417	385.397	385.458	0.061	1	4	4	2	0	0			1097.0	1870.0	1073.0	1796.0	892.0	1394.0	568.0	1102.0	440.0	953.0	6	
AY	1	MY	751.0	1590.0	385.617	385.587	385.647	0.06	41	0	0	0	2	0		s	750.0	1576.0	749.0	1606.0	740.0	1679.0	723.0	1800.0	702.0	1783.0	4	
AY	1	MIND	739.0	1397.0	385.794	385.748	385.918	0.17	41	4	4	2	2	3			723.0	1378.0	731.0	1442.0	690.0	1519.0	699.0	1709.0	680.0	1799.0	4	
AH	0	A	730.0	1926.0	392.871	392.851	392.912	0.061	6	0	0	0	0	0			798.0	2064.0	729.0	1929.0	723.0	1865.0	633.0	1758.0	514.0	1595.0	4	
AH	1	RUG	650.0	1300.0	393.035	393.012	393.081	0.069	6	1	6	2	7	0			682.0	1224.0	646.0	1309.0	597.0	1393.0	532.0	1475.0	469.0	1552.0	5	
AA	1	PROBABLY	795.0	1405.0	393.272	393.252	393.311	0.059	5	1	1	2	8	1			784.0	1423.0	795.0	1404.0	790.0	1405.0	760.0	1412.0	705.0	1399.0	4	
IY	0	PROBABLY	458.0	1892.0	393.378	393.361	393.411	0.05	12	0	0	0	8	0			471.0	1943.0	458.0	1892.0	426.0	1744.0	390.0	1629.0	371.0	1508.0	5	
AA	1	LARGER	793.0	1282.0	393.528	393.501	393.581	0.08	44	6	4	2	7	4			788.0	1238.0	794.0	1288.0	803.0	1377.0	806.0	1469.0	793.0	1590.0	4	
ER	0	LARGER	529.0	1570.0	393.791	393.761	393.852	0.091	94	0	0	0	5	0			504.0	1601.0	533.0	1563.0	554.0	1565.0	530.0	1412.0	659.0	1459.0	5	
ER	0	COVERS	515.0	1389.0	395.6	395.583	395.633	0.05	94	3	4	2	1	0			516.0	1369.0	515.0	1389.0	513.0	1426.0	514.0	1469.0	509.0	1500.0	5	
AO	1	MORE	515.0	625.0	395.765	395.742	395.812	0.07	64	6	4	2	2	0			500.0	595.0	516.0	629.0	534.0	684.0	551.0	750.0	565.0	841.0	6	
UW	1	ROOM	512.0	1168.0	396.079	396.072	396.212	0.14	73	4	1	2	7	0			515.0	1101.0	519.0	993.0	525.0	930.0	526.0	879.0	525.0	843.0	5	
AY	1	SOMETIMES	816.0	1672.0	396.867	396.827	396.907	0.08	41	4	1	2	3	3		m	737.0	1479.0	794.0	1612.0	816.0	1672.0	815.0	1724.0	775.0	1765.0	5	
ER	1	PERMANENT	646.0	1227.0	397.189	397.146	397.276	0.13	94	4	1	2	1	2			628.0	1265.0	646.0	1225.0	646.0	1231.0	642.0	1272.0	602.0	1273.0	5	
AO	1	OR	538.0	800.0	398.639	398.616	398.686	0.07	64	6	4	2	0	0			554.0	792.0	557.0	806.0	574.0	896.0	597.0	1008.0	611.0	1139.0	6	
AE	1	AT	653.0	1867.0	398.808	398.785	398.855	0.07	3	1	4	1	0	0			649.0	1819.0	653.0	1873.0	642.0	1936.0	613.0	1959.0	583.0	1921.0	5	
IY	1	LEAST	419.0	2302.0	398.932	398.915	398.965	0.05	11	3	4	1	7	3			432.0	2258.0	419.0	2302.0	400.0	2362.0	384.0	2398.0	376.0	2415.0	5	
IH	1	FIXED	504.0	2154.0	400.007	399.99	400.04	0.05	1	1	6	1	1	3			507.0	2119.0	504.0	2154.0	495.0	2210.0	485.0	2248.0	470.0	2293.0	5	
AH	0	TO	546.0	1579.0	401.146	401.129	401.179	0.05	6	0	0	0	3	0			569.0	1629.0	546.0	1579.0	509.0	1507.0	482.0	1462.0	466.0	1428.0	5	
AH	1	THE	610.0	1345.0	401.325	401.249	401.478	0.229	6	0	0	0	3	0			607.0	1421.0	610.0	1324.0	628.0	1274.0	643.0	1030.0	678.0	998.0	6	
AO	1	FLOOR	589.0	863.0	402.062	402.028	402.129	0.101	64	6	4	2	8	0			574.0	843.0	590.0	865.0	614.0	924.0	634.0	1026.0	641.0	1131.0	5	
AE	1	MAT	814.0	2073.0	402.84	402.753	403.013	0.26	3	1	4	1	2	0			792.0	2035.0	817.0	2076.0	832.0	2104.0	838.0	2093.0	821.0	2067.0	5	
AO	1	SMALLER	673.0	845.0	404.19	404.137	404.296	0.159	53	5	4	2	2	1			647.0	787.0	677.0	854.0	695.0	899.0	703.0	916.0	708.0	929.0	5	
ER	0	SMALLER	612.0	1516.0	404.479	404.416	404.606	0.19	94	0	0	0	7	0			611.0	1458.0	613.0	1526.0	587.0	1637.0	387.0	1650.0	1112.0	2110.0	5	
AO	1	DOOR	566.0	985.0	406.064	406.01	406.171	0.161	64	6	4	2	3	0			562.0	1145.0	565.0	960.0	577.0	882.0	608.0	914.0	639.0	1079.0	6	
AA	1	FAR	777.0	1226.0	415.299	415.269	415.359	0.09	44	6	4	2	1	0			742.0	1195.0	780.0	1229.0	804.0	1267.0	804.0	1302.0	785.0	1359.0	5	
AY	1	I	673.0	1774.0	415.514	415.469	415.568	0.099	41	0	0	0	0	0		m	652.0	1567.0	667.0	1691.0	672.0	1794.0	657.0	1868.0	625.0	1890.0	5	
OW	1	KNOW	711.0	1739.0	415.673	415.659	415.779	0.12	63	0	0	0	4	0			716.0	1711.0	725.0	1583.0	709.0	1450.0	688.0	1377.0	645.0	1334.0	4	
IH	1	SYRACUSE	582.0	1861.0	415.955	415.928	416.008	0.08	14	6	4	2	3	2			588.0	1866.0	581.0	1861.0	572.0	1872.0	570.0	1917.0	567.0	1939.0	4	
AE	1	YEAH	628.0	1982.0	416.582	416.529	416.688	0.159	3	0	0	0	9	0			596.0	1867.0	630.0	1974.0	645.0	1529.0	678.0	1595.0	712.0	1936.0	5	
EH	1	APPARENTLY	654.0	1942.0	423.283	423.263	423.324	0.061	2	6	4	2	1	2			650.0	1984.0	655.0	1938.0	669.0	1901.0	684.0	1853.0	687.0	1799.0	5	
AA	1	NOT	966.0	1712.0	423.62	423.563	423.733	0.17	5	1	4	1	4	0			855.0	1839.0	973.0	1699.0	998.0	1620.0	993.0	1575.0	963.0	1531.0	4	
OW	1	TOLD	538.0	1194.0	424.12	424.113	424.173	0.06	62	5	4	2	3	3			538.0	1194.0	535.0	1067.0	533.0	968.0	527.0	857.0	525.0	789.0	6	
IY	0	THE	448.0	2245.0	424.317	424.294	424.363	0.069	12	0	0	0	3	0			442.0	2237.0	449.0	2244.0	469.0	2187.0	519.0	2081.0	569.0	1948.0	5	
AY	1	NIGHT	761.0	1613.0	424.593	424.564	424.713	0.149	47	1	4	1	4	0			753.0	1623.0	739.0	1801.0	686.0	2094.0	605.0	2272.0	546.0	2262.0	5	
EY	1	THEY	579.0	2087.0	424.935	424.923	424.993	0.07	22	0	0	0	3	0			573.0	2098.0	551.0	2172.0	529.0	2230.0	502.0	2266.0	465.0	2246.0	4	
OW	1	DON'T	672.0	1856.0	425.095	425.074	425.224	0.15	62	4	4	2	3	0			694.0	1759.0	697.0	1588.0	681.0	1380.0	626.0	1210.0	623.0	1199.0	5	
AH	1	SUNDAY	705.0	1253.0	428.533	428.51	428.58	0.07	6	4	4	2	3	4			705.0	1234.0	705.0	1257.0	687.0	1314.0	662.0	1373.0	617.0	1428.0	6	
EY	2	SUNDAY	545.0	2118.0	428.675	428.65	428.71	0.06	22	0	0	0	3	0			543.0	2074.0	545.0	2111.0	545.0	2119.0	540.0	2104.0	534.0	2077.0	5	
AY	1	NIGHT	779.0	1618.0	428.849	428.789	428.979	0.19	47	1	4	1	4	0			766.0	1524.0	777.0	1680.0	705.0	2005.0	574.0	2222.0	508.0	2233.0	5	
ER	0	OR	595.0	1449.0	430.094	430.064	430.154	0.09	94	0	0	0	0	0			604.0	1572.0	596.0	1450.0	595.0	1448.0	597.0	1463.0	590.0	1478.0	6	
OW	1	DON'T	735.0	1732.0	430.269	430.244	430.344	0.1	62	4	4	2	3	0			722.0	1735.0	775.0	1716.0	819.0	1706.0	836.0	1681.0	830.0	1663.0	4	
OW	1	KNOW	676.0	1476.0	430.44	430.433	430.514	0.081	63	0	0	0	4	0			672.0	1471.0	661.0	1452.0	646.0	1436.0	622.0	1423.0	595.0	1411.0	5	
AY	1	NIGHT	697.0	1756.0	430.653	430.633	430.703	0.07	47	1	4	1	4	0		s	694.0	1710.0	696.0	1789.0	666.0	1870.0	614.0	1926.0	542.0	1934.0	4	
AO	1	BEFORE	568.0	746.0	430.916	430.883	430.983	0.1	64	6	4	2	1	0			573.0	722.0	571.0	749.0	591.0	773.0	621.0	842.0	658.0	954.0	5	
AY	1	I	751.0	1408.0	431.014	431.014	431.074	0.06	41	0	0	0	0	0		m	744.0	1488.0	726.0	1398.0	695.0	1244.0	641.0	1211.0	602.0	1398.0	6	
IY	1	ME	727.0	2164.0	431.203	431.183	431.243	0.06	12	0	0	0	2	0			738.0	2114.0	726.0	2170.0	713.0	2217.0	690.0	2237.0	666.0	2279.0	3	
ER	1	GIRL	524.0	1388.0	436.151	436.108	436.238	0.13	94	5	4	2	6	0			477.0	1480.0	528.0	1380.0	557.0	1323.0	587.0	1275.0	624.0	1199.0	5	
AH	0	TO	664.0	1407.0	436.588	436.538	436.687	0.149	6	0	0	0	3	0			643.0	1454.0	666.0	1402.0	672.0	1357.0	686.0	1354.0	752.0	1387.0	4	
AO	1	ALBANY	743.0	914.0	437.547	437.487	437.667	0.18	53	5	4	2	0	5			860.0	1432.0	748.0	915.0	765.0	896.0	722.0	850.0	693.0	804.0	5	
IY	0	ALBANY	550.0	2423.0	437.917	437.867	438.016	0.149	12	0	0	0	4	0			552.0	2375.0	550.0	2429.0	537.0	2481.0	531.0	2536.0	527.0	2556.0	4	
EY	1	WAY	611.0	2168.0	439.301	439.266	439.336	0.07	22	0	0	0	9	0			576.0	2136.0	591.0	2176.0	611.0	2168.0	627.0	2130.0	651.0	2073.0	5	
AY	1	I	721.0	2022.0	439.349	439.336	439.405	0.069	41	0	0	0	0	0		m	721.0	2022.0	709.0	2023.0	687.0	2038.0	650.0	2057.0	609.0	2069.0	4	
EH	1	SAID	651.0	1862.0	439.548	439.525	439.595	0.07	2	1	4	2	3	0			653.0	1856.0	650.0	1862.0	629.0	1859.0	597.0	1845.0	563.0	1826.0	4	
AH	1	SOMETHING	736.0	1315.0	439.752	439.735	439.785	0.05	6	4	1	2	3	4			724.0	1338.0	736.0	1315.0	743.0	1274.0	739.0	1239.0	733.0	1210.0	4	
IH	0	SOMETHING	669.0	1689.0	439.962	439.945	439.995	0.05	1	4	6	2	3	0			674.0	1690.0	669.0	1689.0	629.0	1708.0	563.0	1736.0	535.0	1601.0	5	
OY	1	POINTED	638.0	1093.0	441.906	441.873	441.973	0.1	61	4	4	2	1	1			640.0	942.0	638.0	1122.0	643.0	1390.0	652.0	1685.0	627.0	1835.0	6	
AW	1	OUT	851.0	1786.0	442.084	442.063	442.173	0.11	42	1	4	1	0	0			854.0	1778.0	884.0	1624.0	877.0	1511.0	829.0	1504.0	759.0	1558.0	4	
AY	1	I	912.0	1812.0	442.366	442.322	442.412	0.09	41	0	0	0	0	0		s	848.0	1669.0	887.0	1705.0	912.0	1822.0	899.0	1932.0	875.0	2044.0	4	
AE	1	HAVE	815.0	2140.0	442.506	442.483	442.552	0.069	3	3	2	2	0	0			830.0	2191.0	812.0	2134.0	798.0	2094.0	785.0	2072.0	769.0	2058.0	3	
AE	1	ACCENT	748.0	2131.0	442.715	442.672	442.802	0.13	3	1	6	1	0	4			719.0	2064.0	748.0	2139.0	743.0	2152.0	752.0	2174.0	756.0	2208.0	4	
AH	0	AND	652.0	2133.0	443.183	443.163	443.222	0.059	6	4	4	2	0	3			667.0	2065.0	657.0	2142.0	643.0	2121.0	604.0	2059.0	607.0	2086.0	5	
AE	1	THAT	703.0	2194.0	443.342	443.312	443.403	0.091	3	1	4	1	3	0			708.0	2176.0	702.0	2197.0	700.0	2190.0	689.0	2196.0	669.0	2233.0	3	
AY	1	I	1037.0	1760.0	444.288	444.301	444.371	0.07	41	0	0	0	0	0		s	776.0	1279.0	779.0	1281.0	777.0	1329.0	788.0	1603.0	788.0	1945.0	6	
EH	1	SAID	615.0	1855.0	444.508	444.491	444.541	0.05	2	1	4	2	3	0			612.0	1839.0	615.0	1855.0	612.0	1878.0	594.0	1887.0	562.0	1890.0	5	
OW	1	NO	653.0	1773.0	444.625	444.611	444.71	0.099	63	0	0	0	4	0			678.0	1723.0	691.0	1519.0	689.0	1318.0	692.0	1165.0	693.0	1077.0	5	
AY	1	I	750.0	1397.0	444.735	444.71	444.8	0.09	41	0	0	0	0	0			747.0	1307.0	746.0	1455.0	731.0	1607.0	696.0	1788.0	640.0	1849.0	6	
OW	1	DON'T	732.0	1613.0	444.842	444.83	444.88	0.05	62	4	4	2	3	0			732.0	1613.0	751.0	1538.0	763.0	1424.0	752.0	1333.0	739.0	1273.0	4	
AE	1	HAVE	772.0	1880.0	445.0	444.98	445.041	0.061	3	3	2	2	0	0			799.0	1903.0	769.0	1877.0	736.0	1849.0	702.0	1805.0	670.0	1755.0	5	
AE	1	ACCENT	764.0	2024.0	445.194	445.161	445.26	0.099	3	1	6	1	0	4			743.0	2043.0	771.0	2026.0	800.0	1979.0	783.0	2018.0	737.0	2076.0	4	
AE	1	AND	639.0	2099.0	446.034	445.954	446.195	0.241	3	4	4	2	0	3			676.0	2014.0	639.0	2102.0	661.0	2148.0	660.0	2133.0	642.0	2048.0	5	
IY	1	SHE	367.0	2297.0	446.674	446.534	446.955	0.421	12	0	0	0	5	0			387.0	2318.0	369.0	2296.0	380.0	2259.0	379.0	2010.0	370.0	2178.0	5	
EH	1	YES	770.0	1894.0	447.781	447.748	447.848	0.1	2	3	4	1	9	0			720.0	1994.0	774.0	1882.0	788.0	1805.0	783.0	1780.0	762.0	1794.0	4	
AY	1	I	853.0	1336.0	448.149	448.108	448.238	0.13	41	0	0	0	0	0			910.0	1647.0	850.0	1329.0	848.0	1394.0	822.0	1602.0	722.0	1918.0	5	
IH	1	GET	531.0	2272.0	448.322	448.288	448.389	0.101	1	1	4	1	6	0			495.0	2331.0	534.0	2268.0	560.0	2182.0	550.0	2087.0	535.0	1976.0	5	
AY	1	I	864.0	1455.0	448.887	448.837	448.948	0.111	41	0	0	0	0	0			632.0	1231.0	850.0	1352.0	861.0	1516.0	808.0	1763.0	694.0	1970.0	6	
IH	1	GET	486.0	2370.0	449.025	448.998	449.078	0.08	1	1	4	1	6	0			461.0	2401.0	489.0	2367.0	520.0	2303.0	536.0	2190.0	519.0	2066.0	5	
EY	1	MADE	477.0	2248.0	449.16	449.148	449.228	0.08	21	1	4	2	2	0			473.0	2299.0	460.0	2353.0	453.0	2364.0	451.0	2333.0	444.0	2275.0	5	
AH	1	FUN	710.0	1190.0	449.37	449.347	449.417	0.07	6	4	4	2	1	0			688.0	1138.0	712.0	1197.0	725.0	1265.0	728.0	1311.0	723.0	1341.0	5	
AO	1	ALL	650.0	804.0	449.557	449.517	449.637	0.12	53	5	4	2	0	0			630.0	790.0	650.0	803.0	658.0	790.0	666.0	807.0	668.0	801.0	6	
AY	1	TIME	942.0	1616.0	449.856	449.828	449.987	0.159	41	4	1	2	3	0		s	935.0	1579.0	889.0	1480.0	824.0	1479.0	796.0	1597.0	773.0	1815.0	4	
AY	1	BY	684.0	2036.0	450.067	450.047	450.118	0.071	41	0	0	0	1	0		m	680.0	1981.0	674.0	2045.0	633.0	2063.0	597.0	2081.0	487.0	2035.0	4	
IY	1	PEOPLE	414.0	2383.0	450.224	450.197	450.277	0.08	11	1	1	1	1	1			409.0	2377.0	414.0	2384.0	427.0	2382.0	424.0	2310.0	906.0	2688.0	4	
IH	1	IN	660.0	1981.0	450.677	450.657	450.717	0.06	1	4	4	2	0	0			815.0	1767.0	631.0	2001.0	614.0	2149.0	608.0	2121.0	606.0	1929.0	5	
AO	1	ALBANY	765.0	1209.0	450.801	450.778	450.848	0.07	53	5	4	2	0	5			762.0	1256.0	766.0	1203.0	767.0	1158.0	757.0	1094.0	760.0	1032.0	5	
IY	0	ALBANY	534.0	2483.0	451.088	451.048	451.168	0.12	12	0	0	0	4	0			560.0	2358.0	532.0	2497.0	581.0	2529.0	754.0	2726.0	1523.0	2843.0	4	
ER	0	FROM	662.0	2053.0	451.935	451.918	451.968	0.05	94	4	1	2	1	0			648.0	1882.0	662.0	2053.0	674.0	2245.0	670.0	2236.0	646.0	2082.0	4	
AH	0	UTICA	636.0	1838.0	452.315	452.298	452.348	0.05	6	0	0	0	6	0			614.0	1797.0	636.0	1838.0	655.0	1791.0	668.0	1771.0	677.0	1511.0	6	
ER	0	FOR	541.0	1329.0	453.145	453.105	453.225	0.12	94	0	0	0	1	0			543.0	1258.0	539.0	1337.0	510.0	1390.0	460.0	1454.0	357.0	1660.0	6	
EY	1	WAY	518.0	2202.0	453.417	453.405	453.464	0.059	22	0	0	0	9	0			518.0	2202.0	495.0	2263.0	476.0	2303.0	460.0	2342.0	449.0	2358.0	5	
EH	1	SAYS	607.0	1652.0	453.784	453.764	453.824	0.06	2	3	4	2	3	0			602.0	1677.0	607.0	1650.0	602.0	1618.0	595.0	1568.0	585.0	1531.0	5	
ER	1	WORDS	548.0	1745.0	454.068	454.025	454.154	0.129	94	1	4	2	9	3			556.0	1707.0	549.0	1746.0	542.0	1751.0	524.0	1761.0	499.0	1761.0	5	
EH	1	DEFINITELY	750.0	1840.0	459.877	459.847	459.937	0.09	2	3	2	1	3	2			696.0	1881.0	758.0	1834.0	795.0	1786.0	804.0	1743.0	797.0	1708.0	4	
IY	0	DEFINITELY	531.0	2175.0	460.289	460.246	460.376	0.13	12	0	0	0	8	0			562.0	2022.0	526.0	2188.0	489.0	2272.0	468.0	2281.0	446.0	2174.0	5	
AE	1	YEAH	681.0	2024.0	460.487	460.407	460.646	0.239	3	0	0	0	9	0			641.0	2090.0	685.0	2016.0	718.0	1962.0	745.0	1904.0	784.0	1652.0	5	
AY	1	I	795.0	1882.0	467.254	467.248	467.309	0.061	41	0	0	0	0	0		s	736.0	1966.0	679.0	2076.0	625.0	2161.0	562.0	2244.0	514.0	2304.0	5	
EY	1	WAY	502.0	2113.0	467.613	467.599	467.668	0.069	22	0	0	0	9	0			502.0	2113.0	500.0	2130.0	497.0	2112.0	499.0	2054.0	508.0	1970.0	5	
EY	1	THEY	507.0	2289.0	467.777	467.708	467.848	0.14	22	0	0	0	3	0			479.0	2245.0	476.0	2294.0	509.0	2286.0	545.0	2220.0	539.0	2142.0	5	
EY	1	THEY	472.0	2280.0	468.06	468.048	468.098	0.05	22	0	0	0	3	0			472.0	2280.0	467.0	2290.0	465.0	2231.0	470.0	2231.0	480.0	2208.0	5	
AH	0	ENUNCIATE	551.0	2225.0	468.115	468.098	468.148	0.05	6	4	4	2	0	2			545.0	2214.0	551.0	2225.0	552.0	2202.0	544.0	2179.0	532.0	2148.0	5	
AH	1	ENUNCIATE	696.0	1607.0	468.252	468.229	468.298	0.069	6	4	4	2	4	5			609.0	1681.0	699.0	1597.0	720.0	1505.0	723.0	1458.0	703.0	1452.0	5	
IY	0	ENUNCIATE	362.0	2373.0	468.532	468.509	468.578	0.069	11	0	0	0	3	1			365.0	2373.0	362.0	2373.0	369.0	2368.0	393.0	2363.0	422.0	2352.0	5	
EY	2	ENUNCIATE	456.0	2381.0	468.596	468.578	468.699	0.121	21	1	4	1	0	0			455.0	2393.0	445.0	2381.0	427.0	2357.0	441.0	2381.0	436.0	2313.0	4	
AO	1	MORE	594.0	699.0	468.852	468.778	468.999	0.221	64	6	4	2	2	0			546.0	679.0	593.0	701.0	580.0	721.0	598.0	779.0	652.0	955.0	6	
AA	1	WANT	724.0	1304.0	471.616	471.599	471.649	0.05	5	4	4	2	9	3			715.0	1260.0	724.0	1304.0	733.0	1374.0	729.0	1424.0	717.0	1467.0	6	
IH	0	TO	509.0	2141.0	471.769	471.749	471.809	0.06	1	0	0	0	3	0			505.0	2114.0	509.0	2143.0	503.0	2146.0	492.0	2119.0	480.0	2064.0	5	
AA	1	HARSHER	826.0	1201.0	472.195	472.169	472.248	0.079	44	6	4	2	0	4			845.0	1209.0	824.0	1204.0	812.0	1224.0	794.0	1256.0	765.0	1302.0	5	
ER	0	HARSHER	475.0	1928.0	472.512	472.469	472.598	0.129	94	0	0	0	5	0			486.0	1943.0	474.0	1917.0	483.0	1777.0	522.0	1583.0	685.0	1721.0	5	
AY	1	I	793.0	1588.0	472.828	472.788	472.868	0.08	41	0	0	0	0	0		m	759.0	1616.0	780.0	1480.0	793.0	1588.0	805.0	1630.0	797.0	1682.0	5	
EY	1	MAYBE	556.0	2104.0	473.05	473.038	473.098	0.06	21	1	1	2	2	1			556.0	2104.0	546.0	2108.0	540.0	2110.0	533.0	2103.0	524.0	2078.0	5	
AY	1	STYLE	917.0	1430.0	473.734	473.659	473.949	0.29	41	5	4	2	3	0		s	891.0	1493.0	908.0	1435.0	917.0	1430.0	895.0	1684.0	803.0	1844.0	5	
AA	1	NOT	875.0	1720.0	474.43	474.407	474.477	0.07	5	1	4	1	4	0			852.0	1726.0	876.0	1720.0	866.0	1726.0	831.0	1740.0	786.0	1755.0	4	
IY	0	NECESSARILY	506.0	2289.0	474.879	474.856	474.926	0.07	12	0	0	0	7	0			521.0	2068.0	498.0	2315.0	1117.0	3201.0	1922.0	4031.0	2498.0	4467.0	3	
AH	1	THE	668.0	1631.0	474.993	474.966	475.046	0.08	6	0	0	0	3	0			643.0	1619.0	670.0	1632.0	708.0	1678.0	744.0	1771.0	793.0	1958.0	4	
ER	1	WORDS	485.0	1361.0	477.528	477.465	477.654	0.189	94	1	4	2	9	3			493.0	1329.0	485.0	1367.0	477.0	1393.0	456.0	1400.0	437.0	1544.0	6	
EH	1	THEIR	503.0	2240.0	477.874	477.854	477.914	0.06	24	6	4	2	3	0			504.0	2229.0	503.0	2236.0	504.0	2228.0	506.0	2137.0	507.0	2156.0	4	
AY	1	STYLE	963.0	1469.0	478.505	478.445	478.685	0.24	41	5	4	2	3	0		s	943.0	1566.0	941.0	1393.0	946.0	1397.0	973.0	1605.0	857.0	1869.0	4	
UW	1	USING	403.0	1838.0	479.018	478.985	479.084	0.099	82	3	4	2	9	1			410.0	1983.0	403.0	1811.0	406.0	1877.0	400.0	2037.0	399.0	2055.0	5	
AH	0	YOU	604.0	1965.0	479.355	479.335	479.395	0.06	6	0	0	0	9	0			604.0	2031.0	605.0	1965.0	604.0	1955.0	601.0	1859.0	593.0	1785.0	4	
AH	1	RATHER	753.0	1698.0	479.958	479.915	480.045	0.13	6	3	3	2	7	1			748.0	1835.0	752.0	1697.0	709.0	1706.0	660.0	1725.0	624.0	1707.0	4	
ER	0	RATHER	573.0	1806.0	480.095	480.075	480.134	0.059	94	0	0	0	3	0			569.0	1775.0	572.0	1808.0	561.0	1853.0	537.0	1952.0	581.0	2023.0	5	
AE	1	THAN	680.0	1980.0	480.208	480.175	480.275	0.1	3	4	4	2	3	0			672.0	1983.0	680.0	1978.0	667.0	2016.0	665.0	2055.0	659.0	2043.0	5	
UW	1	SCHOOL	370.0	717.0	506.054	506.014	506.134	0.12	72	5	4	2	6	0			366.0	745.0	371.0	712.0	382.0	677.0	391.0	712.0	422.0	786.0	5	
AY	1	I	745.0	1434.0	506.237	506.233	506.293	0.06	41	0	0	0	0	0			739.0	1584.0	721.0	1781.0	696.0	1979.0	658.0	2158.0	589.0	2283.0	4	
OW	1	GO	567.0	1608.0	506.377	506.363	506.483	0.12	63	0	0	0	6	0			572.0	1497.0	569.0	1378.0	554.0	1353.0	513.0	1346.0	440.0	1410.0	5	
UW	1	TO	404.0	2054.0	506.6	506.593	506.784	0.191	73	0	0	0	3	0			389.0	1926.0	376.0	1686.0	378.0	1573.0	379.0	1317.0	409.0	1224.0	5	
EH	1	VERY	563.0	1847.0	507.176	507.153	507.223	0.07	2	6	4	2	1	1			548.0	1821.0	564.0	1849.0	558.0	1714.0	555.0	1420.0	549.0	1378.0	6	
EH	1	DRESS	654.0	1829.0	507.814	507.794	507.854	0.06	2	3	4	1	8	0			634.0	1882.0	655.0	1821.0	666.0	1758.0	679.0	1713.0	689.0	1689.0	4	
OW	1	CODE	568.0	1378.0	508.061	508.054	508.194	0.14	62	1	4	2	6	0			533.0	1305.0	518.0	1253.0	503.0	1210.0	468.0	1265.0	444.0	1408.0	6	
AE	1	HAVE	701.0	2034.0	508.917	508.897	508.957	0.06	3	3	2	2	0	0			701.0	2048.0	701.0	2033.0	695.0	2024.0	679.0	2018.0	668.0	2025.0	4	
AH	1	BUTTON	703.0	1128.0	509.329	509.296	509.396	0.1	6	1	4	1	1	1			671.0	1079.0	706.0	1137.0	717.0	1219.0	713.0	1333.0	711.0	1510.0	5	
AW	1	DOWN	720.0	1776.0	509.591	509.556	509.696	0.14	42	4	4	2	3	0			707.0	1773.0	760.0	1536.0	773.0	1452.0	731.0	1335.0	699.0	1323.0	6	
ER	1	SHIRTS	487.0	1472.0	509.903	509.856	509.997	0.141	94	1	4	1	5	3			488.0	1547.0	487.0	1465.0	475.0	1406.0	460.0	1422.0	448.0	1574.0	6	
AA	1	COLLAR	838.0	1415.0	510.386	510.346	510.467	0.121	5	5	4	2	6	1			873.0	1513.0	835.0	1405.0	822.0	1336.0	811.0	1299.0	797.0	1273.0	4	
ER	0	COLLAR	698.0	1547.0	510.593	510.566	510.646	0.08	94	0	0	0	7	0			672.0	1501.0	701.0	1554.0	739.0	1688.0	770.0	1775.0	846.0	1782.0	6	
OY	1	BOYS	515.0	604.0	513.245	513.188	513.359	0.171	61	3	4	2	1	0			649.0	545.0	511.0	621.0	605.0	833.0	565.0	1183.0	508.0	1661.0	5	
AE	1	AND	679.0	2400.0	513.532	513.449	513.698	0.249	3	4	4	2	0	3			737.0	2361.0	672.0	2401.0	631.0	2400.0	641.0	2405.0	658.0	2256.0	5	
ER	1	GIRLS	515.0	1321.0	513.865	513.808	513.978	0.17	94	5	4	2	6	3			477.0	1447.0	517.0	1315.0	535.0	1305.0	540.0	1294.0	563.0	1268.0	5	
OW	1	NO	577.0	1568.0	514.387	514.379	514.429	0.05	63	0	0	0	4	0			577.0	1568.0	578.0	1507.0	572.0	1405.0	562.0	1308.0	534.0	1243.0	6	
AE	1	MATTER	719.0	1756.0	514.518	514.498	514.558	0.06	3	1	4	1	2	1			716.0	1736.0	719.0	1757.0	716.0	1767.0	707.0	1766.0	691.0	1764.0	5	
ER	0	MATTER	555.0	1531.0	514.615	514.598	514.649	0.051	94	0	0	0	3	0			564.0	1587.0	554.0	1518.0	541.0	1394.0	531.0	1279.0	520.0	1180.0	6	
EH	1	SEX	718.0	1649.0	515.008	514.978	515.068	0.09	2	1	6	1	3	3			679.0	1649.0	721.0	1647.0	754.0	1648.0	765.0	1665.0	741.0	1694.0	5	
AY	1	I	852.0	1393.0	515.897	515.837	515.967	0.13	41	0	0	0	0	0			696.0	1238.0	828.0	1271.0	848.0	1433.0	821.0	1681.0	777.0	1903.0	5	
EY	1	HATE	554.0	2348.0	516.048	516.036	516.176	0.14	21	1	4	1	0	0			544.0	2369.0	486.0	2380.0	440.0	2366.0	436.0	2437.0	414.0	2420.0	5	
OW	1	THOSE	527.0	1601.0	516.273	516.266	516.386	0.12	62	3	4	2	3	0			514.0	1456.0	492.0	1294.0	476.0	1216.0	459.0	1274.0	441.0	1505.0	6	
ER	1	SHIRTS	514.0	1671.0	516.573	516.526	516.666	0.14	94	1	4	1	5	3			519.0	1709.0	511.0	1666.0	499.0	1612.0	495.0	1645.0	466.0	1701.0	6	
EY	1	THEY	515.0	2061.0	517.445	517.406	517.486	0.08	22	0	0	0	3	0			495.0	2155.0	505.0	2133.0	516.0	2050.0	515.0	1884.0	497.0	1670.0	5	
UH	1	LOOK	525.0	1256.0	517.569	517.546	517.616	0.07	7	1	6	1	7	0			539.0	1245.0	523.0	1256.0	487.0	1236.0	453.0	1194.0	600.0	1501.0	5	
AE	1	SACKS	755.0	2051.0	518.115	518.055	518.236	0.181	3	1	6	1	3	3			762.0	2105.0	757.0	2066.0	795.0	2254.0	813.0	2448.0	802.0	2155.0	3	
AE	1	CAN'T	545.0	2394.0	519.334	519.308	519.387	0.079	33	4	4	2	6	3			529.0	2388.0	548.0	2395.0	557.0	2406.0	565.0	2406.0	560.0	2401.0	5	
IY	1	EVEN	372.0	2285.0	519.477	519.457	519.517	0.06	11	3	2	2	0	1			382.0	2294.0	372.0	2284.0	371.0	2278.0	378.0	2252.0	397.0	2107.0	5	
AY	1	TIE	832.0	1359.0	519.788	519.717	519.897	0.18	41	0	0	0	3	0			829.0	1337.0	832.0	1339.0	820.0	1496.0	755.0	1763.0	690.0	1634.0	6	
AA	1	BOTTOM	812.0	1291.0	520.314	520.257	520.427	0.17	5	1	4	1	1	1			820.0	1278.0	812.0	1292.0	817.0	1329.0	815.0	1348.0	769.0	1405.0	4	
AY	1	MY	777.0	1527.0	521.578	521.547	521.627	0.08	41	0	0	0	2	0			729.0	1337.0	776.0	1488.0	768.0	1640.0	743.0	1770.0	683.0	1903.0	5	
ER	1	GIRLFRIEND	524.0	1272.0	521.773	521.736	521.846	0.11	94	5	4	2	6	4			499.0	1341.0	525.0	1269.0	541.0	1208.0	561.0	1149.0	585.0	1033.0	6	
AE	1	JAN	641.0	2319.0	522.303	522.246	522.416	0.17	33	4	4	2	5	0			631.0	2290.0	642.0	2321.0	649.0	2327.0	652.0	2320.0	669.0	2288.0	5	
AA	1	GOT	774.0	1998.0	522.59	522.567	522.636	0.069	5	1	4	1	6	0			753.0	2070.0	775.0	1993.0	772.0	1946.0	753.0	1916.0	722.0	1912.0	3	
AH	0	DETENTION	539.0	1933.0	522.713	522.696	522.746	0.05	6	1	4	1	3	2			540.0	1926.0	539.0	1933.0	528.0	1945.0	516.0	1958.0	499.0	1971.0	4	
EH	1	DETENTION	771.0	1993.0	522.87	522.847	522.916	0.069	2	4	4	2	3	4			754.0	1946.0	770.0	1998.0	757.0	2053.0	736.0	2085.0	700.0	2092.0	4	
AE	1	THAT	721.0	1908.0	523.344	523.287	523.457	0.17	3	1	4	1	3	0			716.0	1976.0	723.0	1919.0	748.0	2013.0	753.0	1878.0	738.0	1900.0	5	
AE	1	HAD	674.0	2067.0	524.081	524.055	524.134	0.079	3	1	4	2	0	0			680.0	2076.0	672.0	2063.0	648.0	2041.0	602.0	1993.0	531.0	1950.0	4	
EY	1	STAY	553.0	2101.0	524.426	524.374	524.634	0.26	22	0	0	0	3	0			553.0	2101.0	540.0	2170.0	521.0	2217.0	475.0	2275.0	449.0	2333.0	5	
IH	1	SIX	519.0	1846.0	525.074	525.054	525.115	0.061	1	1	6	1	3	3			496.0	1794.0	523.0	1852.0	546.0	1898.0	559.0	1952.0	549.0	1999.0	6	
AE	1	AND	645.0	2378.0	526.28	526.233	526.374	0.141	3	4	4	2	0	3			531.0	2346.0	645.0	2382.0	650.0	2402.0	639.0	2408.0	605.0	2370.0	4	
AA	1	GOT	720.0	2072.0	526.554	526.534	526.594	0.06	5	1	4	1	6	0			683.0	2139.0	724.0	2063.0	751.0	1979.0	765.0	1911.0	767.0	1856.0	3	
AA	1	SOCKS	850.0	1482.0	527.07	527.014	527.183	0.169	5	1	6	1	3	3			796.0	1617.0	857.0	1470.0	873.0	1408.0	867.0	1398.0	886.0	1596.0	4	
OW	1	NO	495.0	1636.0	527.458	527.443	527.564	0.121	63	0	0	0	4	0			554.0	1562.0	560.0	1360.0	529.0	1118.0	490.0	895.0	489.0	776.0	5	
AA	1	FLOPS	802.0	1250.0	527.973	527.933	528.054	0.121	5	1	1	1	8	3			791.0	1181.0	804.0	1258.0	816.0	1284.0	798.0	1304.0	756.0	1273.0	4	
AO	1	HALL	704.0	902.0	528.955	528.912	529.041	0.129	53	5	4	2	0	0			698.0	911.0	705.0	901.0	710.0	893.0	702.0	883.0	690.0	849.0	6	
AA	1	MONITOR	795.0	1310.0	529.204	529.161	529.291	0.13	5	4	4	2	2	2			800.0	1296.0	795.0	1312.0	797.0	1354.0	789.0	1408.0	762.0	1337.0	6	
ER	0	MONITOR	523.0	1722.0	529.511	529.421	529.691	0.27	94	0	0	0	3	0			520.0	1713.0	522.0	1721.0	524.0	1692.0	551.0	1885.0	686.0	1875.0	6	
AO	1	STALKS	750.0	1184.0	529.915	529.861	530.022	0.161	53	1	6	1	3	3			678.0	1303.0	752.0	1170.0	743.0	1002.0	744.0	1036.0	752.0	1177.0	5	
UW	1	YOU	395.0	1628.0	530.345	530.312	530.411	0.099	82	0	0	0	9	0			403.0	1714.0	395.0	1614.0	393.0	1417.0	404.0	1440.0	494.0	1820.0	6	
IY	1	SEE	378.0	2268.0	530.911	530.878	530.977	0.099	12	0	0	0	3	0			388.0	2240.0	375.0	2271.0	368.0	2289.0	363.0	2289.0	361.0	2306.0	5	
IH	1	IF	455.0	2183.0	531.007	530.977	531.068	0.091	1	3	2	1	0	0			453.0	2207.0	454.0	2178.0	434.0	1939.0	428.0	1914.0	468.0	2108.0	6	
UH	1	YOU	439.0	1829.0	531.224	531.207	531.257	0.05	7	0	0	0	9	0			438.0	1866.0	439.0	1829.0	439.0	1783.0	442.0	1746.0	443.0	1715.0	6	
ER	0	ARE	499.0	1736.0	531.287	531.257	531.347	0.09	94	0	0	0	0	0			495.0	1787.0	501.0	1727.0	578.0	1687.0	695.0	1751.0	781.0	1778.0	4	
AW	1	OUT	781.0	1252.0	531.375	531.347	531.477	0.13	42	1	4	1	0	0			781.0	1255.0	794.0	1274.0	792.0	1345.0	760.0	1359.0	707.0	1368.0	5	
UW	1	UNIFORM	446.0	2047.0	531.695	531.678	531.728	0.05	82	4	4	2	9	2			427.0	2077.0	446.0	2047.0	463.0	2034.0	471.0	2027.0	470.0	2004.0	5	
AO	2	UNIFORM	654.0	592.0	531.907	531.867	531.988	0.121	64	6	4	2	1	3			583.0	609.0	649.0	611.0	609.0	759.0	621.0	939.0	647.0	1208.0	6	
AE	1	LAST	782.0	1885.0	532.747	532.717	532.807	0.09	33	3	4	1	7	0			781.0	1870.0	782.0	1888.0	785.0	1963.0	756.0	2006.0	708.0	2002.0	4	
IY	1	WEEK	362.0	2331.0	533.007	532.967	533.086	0.119	11	1	6	1	9	0			368.0	2278.0	361.0	2332.0	360.0	2321.0	373.0	2318.0	358.0	2344.0	5	
AA	1	JOHN	825.0	1659.0	533.409	533.376	533.476	0.1	5	4	4	2	5	0			803.0	1708.0	827.0	1655.0	828.0	1663.0	814.0	1708.0	767.0	1787.0	5	
AA	1	GOT	717.0	1948.0	533.62	533.596	533.667	0.071	5	1	4	1	6	0			687.0	2016.0	719.0	1943.0	732.0	1920.0	713.0	1873.0	702.0	1852.0	3	
EH	1	SUSPENDED	729.0	1780.0	533.96	533.937	534.006	0.069	2	4	4	2	1	4			727.0	1756.0	729.0	1782.0	723.0	1809.0	710.0	1828.0	693.0	1836.0	4	
AH	0	SUSPENDED	462.0	1911.0	534.116	534.096	534.157	0.061	6	1	4	2	3	0			437.0	1867.0	465.0	1916.0	487.0	1969.0	496.0	1977.0	485.0	1954.0	6	
EH	1	SAID	594.0	1816.0	534.797	534.777	534.837	0.06	2	1	4	2	3	0			578.0	1844.0	594.0	1812.0	594.0	1767.0	579.0	1712.0	530.0	1658.0	4	
EH	1	DRESS	660.0	1505.0	535.126	535.106	535.167	0.061	2	3	4	1	8	0			639.0	1498.0	661.0	1507.0	669.0	1523.0	663.0	1543.0	653.0	1554.0	6	
OW	1	CODE	575.0	1390.0	535.35	535.337	535.487	0.15	62	1	4	2	6	0			538.0	1283.0	527.0	1233.0	476.0	1097.0	433.0	1094.0	380.0	1166.0	5	
AH	1	SUCKS	695.0	1334.0	535.69	535.657	535.757	0.1	6	1	6	1	3	3			661.0	1396.0	699.0	1323.0	714.0	1274.0	716.0	1263.0	708.0	1287.0	6	
AY	1	I	883.0	1415.0	537.011	536.953	537.074	0.121	41	0	0	0	0	0		s	1012.0	1729.0	846.0	1311.0	882.0	1425.0	863.0	1529.0	816.0	1612.0	5	
IY	1	SEE	427.0	2199.0	537.307	537.274	537.374	0.1	12	0	0	0	3	0			435.0	2139.0	426.0	2204.0	402.0	2156.0	392.0	1849.0	407.0	1685.0	6	
AO	1	WRONG	715.0	1157.0	537.693	537.673	537.733	0.06	53	4	6	2	7	0			709.0	1136.0	716.0	1160.0	722.0	1196.0	725.0	1233.0	716.0	1245.0	6	
AE	1	THAT	692.0	1896.0	537.986	537.933	538.093	0.16	3	1	4	1	3	0			665.0	1917.0	697.0	1899.0	722.0	1893.0	735.0	1893.0	702.0	1938.0	4	
IY	1	EVEN	346.0	2412.0	538.586	538.553	538.653	0.1	11	3	2	2	0	1			213.0	2263.0	349.0	2403.0	339.0	2310.0	358.0	2247.0	384.0	2131.0	5	
AY	1	MY	778.0	1440.0	538.848	538.803	538.902	0.099	41	0	0	0	2	0		s	735.0	1230.0	770.0	1342.0	776.0	1483.0	736.0	1643.0	688.0	1750.0	5	
AA	1	FATHER	845.0	1330.0	539.052	538.982	539.192	0.21	43	3	3	2	1	1			822.0	1337.0	844.0	1331.0	830.0	1321.0	776.0	1295.0	656.0	1285.0	4	
AE	1	THAT	714.0	1763.0	539.626	539.582	539.713	0.131	3	1	4	1	3	0			705.0	1770.0	714.0	1763.0	712.0	1842.0	722.0	1807.0	558.0	1685.0	4	
OW	1	KNOW	590.0	1690.0	541.173	541.155	541.266	0.111	63	0	0	0	4	0			603.0	1618.0	622.0	1340.0	612.0	1128.0	577.0	915.0	525.0	819.0	5	
AY	1	I	697.0	1880.0	541.388	541.366	541.446	0.08	41	0	0	0	0	0		m	695.0	1853.0	695.0	1906.0	681.0	1951.0	659.0	1982.0	623.0	1972.0	5	
IY	1	MEAN	513.0	2434.0	541.542	541.516	541.595	0.079	11	4	4	2	2	0			488.0	2359.0	520.0	2442.0	530.0	2490.0	525.0	2596.0	528.0	2655.0	4	
AY	1	I'M	871.0	1574.0	542.124	542.089	542.19	0.101	41	4	1	2	0	0		m	746.0	1771.0	871.0	1574.0	831.0	1446.0	801.0	1366.0	770.0	1423.0	6	
OW	1	SO	515.0	1471.0	542.367	542.36	542.439	0.079	63	0	0	0	3	0			508.0	1428.0	480.0	1316.0	449.0	1249.0	428.0	1247.0	421.0	1370.0	6	
IH	1	SICK	497.0	2053.0	542.586	542.569	542.619	0.05	1	1	6	1	3	0			496.0	2017.0	497.0	2053.0	495.0	2127.0	486.0	2186.0	461.0	2227.0	4	
AE	1	THAT	688.0	1890.0	542.839	542.809	542.899	0.09	3	1	4	1	3	0			674.0	1811.0	688.0	1896.0	686.0	1916.0	673.0	1898.0	657.0	1848.0	5	
UW	1	SCHOOL	313.0	719.0	543.102	543.069	543.169	0.1	72	5	4	2	6	0			299.0	745.0	313.0	704.0	357.0	630.0	341.0	649.0	306.0	660.0	6	
AA	1	COT	991.0	1508.0	561.091	561.031	561.211	0.18	5	1	4	1	6	0			938.0	1473.0	994.0	1509.0	1006.0	1515.0	967.0	1489.0	876.0	1549.0	4	
AO	1	CAUGHT	739.0	944.0	561.967	561.9	562.101	0.201	53	1	4	1	6	0			710.0	965.0	742.0	946.0	764.0	965.0	788.0	1038.0	803.0	1182.0	5	
UW	1	DO	449.0	1803.0	565.83	565.823	565.883	0.06	73	0	0	0	3	0			449.0	1803.0	459.0	1733.0	473.0	1668.0	498.0	1618.0	529.0	1585.0	5	
AY	1	I	637.0	1842.0	565.904	565.883	565.953	0.07	41	0	0	0	0	0		s	626.0	1751.0	636.0	1880.0	625.0	1997.0	611.0	2075.0	601.0	2134.0	5	
AY	1	I	897.0	2009.0	566.144	566.112	566.232	0.12	41	0	0	0	0	0		m	868.0	2078.0	874.0	1934.0	845.0	1843.0	824.0	1960.0	789.0	2051.0	3	
AH	0	THE	609.0	1952.0	566.732	566.692	566.813	0.121	6	0	0	0	3	0			543.0	1983.0	622.0	1969.0	738.0	2046.0	751.0	2039.0	695.0	1953.0	5	
EY	1	SAME	402.0	2420.0	566.864	566.842	566.912	0.07	21	4	1	2	3	0			382.0	2351.0	402.0	2421.0	394.0	2413.0	386.0	2403.0	383.0	2396.0	5	
AY	1	I	719.0	2045.0	568.255	568.226	568.286	0.06	41	0	0	0	0	0		m	676.0	2314.0	695.0	2139.0	722.0	2040.0	757.0	2060.0	783.0	2069.0	3	
EY	1	SAY	603.0	1706.0	568.388	568.376	568.426	0.05	22	0	0	0	3	0			603.0	1706.0	594.0	1704.0	573.0	1694.0	552.0	1776.0	531.0	1939.0	3	
IH	1	DIFFERENTLY	479.0	1834.0	568.639	568.616	568.685	0.069	1	3	2	1	3	2			515.0	1704.0	483.0	1850.0	544.0	1972.0	566.0	1990.0	566.0	1958.0	5	
AA	1	DON	962.0	1543.0	570.454	570.354	570.655	0.301	5	4	4	2	3	0			1008.0	1699.0	958.0	1536.0	935.0	1503.0	947.0	1493.0	949.0	1529.0	4	
AO	1	DAWN	714.0	951.0	571.091	571.004	571.264	0.26	53	4	4	2	3	0			741.0	1132.0	711.0	942.0	695.0	886.0	669.0	874.0	691.0	1061.0	5	
IH	1	DIFFERENT	558.0	2102.0	572.69	572.673	572.723	0.05	1	3	2	1	3	2			538.0	2109.0	558.0	2102.0	582.0	2079.0	598.0	2056.0	600.0	2049.0	5	
AA	1	FATHER	902.0	1305.0	574.727	574.647	574.887	0.24	43	3	3	2	1	1			887.0	1254.0	902.0	1310.0	910.0	1340.0	887.0	1338.0	810.0	1362.0	6	
ER	0	FATHER	512.0	1599.0	575.007	574.947	575.126	0.179	94	0	0	0	3	0			533.0	1612.0	511.0	1602.0	509.0	1604.0	528.0	1576.0	543.0	1666.0	5	
AA	1	BOTHER	934.0	1367.0	575.549	575.476	575.696	0.22	5	3	3	2	1	1			908.0	1367.0	927.0	1360.0	915.0	1361.0	908.0	1369.0	826.0	1361.0	3	
ER	0	BOTHER	559.0	1798.0	575.796	575.766	575.857	0.091	94	0	0	0	3	0			566.0	1744.0	560.0	1783.0	592.0	1541.0	633.0	1466.0	675.0	1880.0	6	
EH	1	YES	670.0	1951.0	578.352	578.332	578.392	0.06	2	3	4	1	9	0			633.0	2007.0	674.0	1942.0	698.0	1852.0	745.0	1776.0	786.0	1762.0	5	
AY	1	RHYME	760.0	1387.0	578.631	578.631	578.721	0.09	41	4	1	2	7	0		m	741.0	1443.0	711.0	1441.0	699.0	1488.0	585.0	1276.0	528.0	1019.0	6	
IH	1	NEARER	430.0	2397.0	580.786	580.736	580.885	0.149	14	6	4	2	4	1			437.0	2407.0	430.0	2396.0	437.0	2440.0	462.0	2267.0	504.0	2096.0	4	
ER	0	NEARER	461.0	1342.0	581.016	580.926	581.195	0.269	94	0	0	0	7	0			432.0	1221.0	462.0	1359.0	461.0	1390.0	464.0	1383.0	496.0	1420.0	6	
IH	1	MIRROR	473.0	2367.0	581.612	581.575	581.686	0.111	14	6	4	2	2	1			466.0	2348.0	474.0	2365.0	484.0	2321.0	501.0	2260.0	517.0	2144.0	4	
ER	0	MIRROR	506.0	1449.0	581.785	581.725	581.906	0.181	94	0	0	0	7	0			486.0	1466.0	509.0	1463.0	533.0	1587.0	553.0	1550.0	540.0	1541.0	5	
EH	1	YES	693.0	1912.0	583.522	583.499	583.568	0.069	2	3	4	1	9	0			644.0	1931.0	698.0	1909.0	734.0	1814.0	771.0	1388.0	823.0	1289.0	6	
UW	1	FOOL	411.0	734.0	586.928	586.842	587.101	0.259	72	5	4	2	1	0			390.0	569.0	410.0	724.0	407.0	578.0	393.0	583.0	424.0	579.0	6	
IH	1	DIFFERENT	547.0	2043.0	589.634	589.617	589.667	0.05	1	3	2	1	3	2			536.0	2033.0	547.0	2043.0	567.0	2047.0	582.0	2037.0	595.0	2019.0	5	
AA	1	FARM	822.0	1176.0	603.905	603.848	604.018	0.17	44	6	4	2	1	3			775.0	1107.0	824.0	1180.0	845.0	1226.0	819.0	1234.0	807.0	1268.0	6	
AH	1	DUSK	732.0	1333.0	604.788	604.738	604.887	0.149	6	3	4	1	3	3			677.0	1507.0	736.0	1322.0	756.0	1231.0	759.0	1201.0	751.0	1241.0	5	
AY	1	SITE	717.0	1398.0	605.748	605.698	605.878	0.18	47	1	4	1	3	0			710.0	1279.0	706.0	1571.0	619.0	1986.0	504.0	2234.0	428.0	2337.0	5	
AA	1	SOCKS	922.0	1462.0	606.678	606.618	606.798	0.18	5	1	6	1	3	3			871.0	1558.0	927.0	1456.0	949.0	1421.0	968.0	1461.0	955.0	1519.0	4	
EH	2	ELEMENTARY	925.0	1826.0	607.441	607.417	607.488	0.071	2	5	4	2	0	2			978.0	1950.0	909.0	1809.0	813.0	1707.0	788.0	1601.0	786.0	1485.0	5	
ER	0	ELEMENTARY	614.0	1861.0	607.914	607.878	607.987	0.109	94	6	4	2	3	1			608.0	1928.0	614.0	1851.0	613.0	1761.0	613.0	1711.0	608.0	1706.0	5	
IY	0	ELEMENTARY	531.0	2321.0	608.07	608.027	608.157	0.13	12	0	0	0	7	0			566.0	2223.0	525.0	2339.0	436.0	2481.0	636.0	2243.0	1153.0	2442.0	4	
AY	1	HIGHSCHOOL	1041.0	1490.0	608.832	608.823	608.952	0.129	47	3	4	1	0	4			923.0	1498.0	911.0	1671.0	849.0	1859.0	729.0	2092.0	602.0	2200.0	5	
OW	1	BOAT	614.0	1150.0	609.932	609.922	610.132	0.21	62	1	4	1	1	0			594.0	1035.0	534.0	912.0	496.0	768.0	433.0	653.0	388.0	571.0	6	
AY	1	SLIDER	888.0	1526.0	611.014	610.942	611.113	0.171	41	1	4	2	8	1			839.0	1262.0	878.0	1415.0	880.0	1670.0	809.0	1975.0	700.0	2150.0	4	
ER	0	SLIDER	501.0	1755.0	611.226	611.163	611.353	0.19	94	0	0	0	3	0			509.0	1779.0	500.0	1754.0	487.0	1749.0	457.0	1876.0	1052.0	2137.0	5	
IH	1	SIX	558.0	2175.0	611.986	611.963	612.033	0.07	1	1	6	1	3	3			538.0	2125.0	559.0	2180.0	567.0	2220.0	566.0	2251.0	551.0	2301.0	4	
AY	1	TIGER	782.0	1298.0	612.971	612.963	613.083	0.12	41	1	6	2	3	1			741.0	1285.0	753.0	1359.0	748.0	1505.0	708.0	1697.0	642.0	1915.0	5	
ER	0	TIGER	485.0	1659.0	613.249	613.182	613.382	0.2	94	0	0	0	6	0			473.0	1751.0	487.0	1653.0	554.0	1690.0	349.0	1524.0	1338.0	2071.0	5	
ER	1	BURN	591.0	1360.0	614.242	614.149	614.428	0.279	94	4	4	2	1	0			625.0	1361.0	585.0	1359.0	569.0	1382.0	571.0	1425.0	595.0	1588.0	6	
AY	1	WRITING	701.0	1265.0	615.234	615.198	615.338	0.14	47	1	4	1	7	1			697.0	1154.0	690.0	1478.0	623.0	1793.0	538.0	2075.0	503.0	1899.0	6	
AH	0	WRITING	560.0	2357.0	615.408	615.388	615.448	0.06	6	4	4	2	3	0			548.0	2309.0	561.0	2363.0	564.0	2430.0	562.0	2521.0	562.0	2600.0	4	
OW	1	GO	589.0	1383.0	616.312	616.279	616.599	0.32	63	0	0	0	6	0			626.0	1249.0	596.0	1142.0	551.0	1032.0	523.0	937.0	515.0	797.0	5	
AO	1	STALKS	742.0	1036.0	617.768	617.698	617.909	0.211	53	1	6	1	3	3			723.0	1127.0	743.0	1023.0	738.0	976.0	777.0	1042.0	778.0	1183.0	6	
AY	1	WIDE	911.0	1501.0	619.107	618.958	619.257	0.299	41	1	4	2	9	0			868.0	1283.0	897.0	1366.0	911.0	1501.0	821.0	1836.0	618.0	2216.0	5	
IH	2	INVENTORY	536.0	2134.0	620.017	619.987	620.077	0.09	1	4	4	2	0	5			818.0	2039.0	513.0	2146.0	499.0	2608.0	550.0	2487.0	554.0	2346.0	5	
AO	1	INVENTORY	564.0	976.0	620.414	620.368	620.507	0.139	64	6	4	2	3	1			575.0	1108.0	566.0	964.0	573.0	945.0	580.0	1011.0	575.0	1105.0	6	
IY	0	INVENTORY	536.0	2231.0	620.638	620.588	620.737	0.149	12	0	0	0	7	0			531.0	2126.0	536.0	2243.0	864.0	2862.0	1727.0	3098.0	1589.0	2756.0	4	
ER	1	FIRM	615.0	1257.0	621.591	621.508	621.758	0.25	94	4	1	2	1	0			641.0	1238.0	611.0	1260.0	593.0	1301.0	594.0	1354.0	608.0	1351.0	6	
AY	1	SPIDER	893.0	1631.0	622.715	622.658	622.828	0.17	41	1	4	2	1	1			847.0	1915.0	881.0	1533.0	776.0	1633.0	634.0	2000.0	541.0	2164.0	4	
ER	0	SPIDER	508.0	1726.0	622.921	622.868	623.028	0.16	94	0	0	0	3	0			516.0	1818.0	508.0	1721.0	510.0	1681.0	524.0	1622.0	749.0	1513.0	5	
EH	1	DESK	739.0	1885.0	624.045	623.995	624.145	0.15	2	3	4	1	3	3			693.0	1958.0	744.0	1876.0	790.0	1800.0	793.0	1800.0	756.0	1796.0	4	
EH	1	RUDIMENTARY	735.0	1936.0	625.344	625.324	625.385	0.061	2	4	4	2	2	5			729.0	1899.0	735.0	1940.0	726.0	1974.0	706.0	1994.0	676.0	1981.0	4	
ER	0	RUDIMENTARY	597.0	1874.0	625.607	625.544	625.734	0.19	94	0	0	0	3	1			575.0	1951.0	599.0	1860.0	598.0	1736.0	569.0	1708.0	540.0	1778.0	5	
IY	0	RUDIMENTARY	581.0	2140.0	625.757	625.734	625.804	0.07	12	0	0	0	7	0			560.0	2094.0	583.0	2144.0	587.0	2181.0	554.0	2239.0	621.0	2284.0	5	
AY	1	WHITE	692.0	1302.0	626.723	626.735	626.885	0.15	47	1	4	1	9	0			553.0	2093.0	473.0	2239.0	413.0	2317.0	361.0	2215.0	412.0	1911.0	5	
EY	1	CRAYON	702.0	1723.0	627.987	627.947	628.116	0.169	21	0	0	0	8	1			701.0	1655.0	685.0	1935.0	628.0	2128.0	623.0	2186.0	685.0	2162.0	5	
AA	2	CRAYON	814.0	1610.0	628.169	628.116	628.276	0.16	5	4	4	2	0	0			781.0	1717.0	820.0	1600.0	823.0	1546.0	790.0	1498.0	797.0	1496.0	4	
OW	1	HOME	722.0	1390.0	629.937	629.93	630.2	0.27	62	4	1	2	0	0			669.0	843.0	624.0	749.0	572.0	683.0	544.0	613.0	486.0	606.0	5	
EH	1	SEX	783.0	1863.0	631.02	630.98	631.1	0.12	2	1	6	1	3	3			737.0	1854.0	787.0	1864.0	825.0	1868.0	831.0	1858.0	804.0	1931.0	4	
AY	1	TIED	1124.0	1882.0	631.94	631.941	632.281	0.34	41	1	4	2	3	0		s	914.0	1376.0	910.0	1396.0	901.0	1493.0	816.0	1846.0	637.0	2137.0	5	
AE	1	BAG	790.0	2118.0	633.041	632.941	633.241	0.3	3	1	6	2	1	0			798.0	2061.0	788.0	2122.0	775.0	2141.0	770.0	2138.0	769.0	2108.0	4	
OW	1	NO	678.0	1643.0	634.079	634.031	634.421	0.39	63	0	0	0	4	0			698.0	1427.0	675.0	1193.0	629.0	1004.0	559.0	861.0	532.0	744.0	5	
AY	1	RIDING	861.0	1515.0	635.168	635.081	635.281	0.2	41	1	4	2	7	1			815.0	1283.0	853.0	1402.0	852.0	1641.0	777.0	1979.0	663.0	2186.0	5	
IH	0	RIDING	593.0	2322.0	635.354	635.331	635.4	0.069	1	4	6	2	3	0			578.0	2295.0	595.0	2324.0	606.0	2350.0	612.0	2389.0	601.0	2449.0	5	
AE	1	SACKS	796.0	2093.0	636.364	636.301	636.491	0.19	3	1	6	1	3	3			771.0	2080.0	797.0	2094.0	810.0	2120.0	805.0	2090.0	791.0	2111.0	4	
EH	2	SEDIMENTARY	620.0	1724.0	638.296	638.279	638.329	0.05	2	1	4	2	3	2			609.0	1712.0	620.0	1724.0	635.0	1736.0	639.0	1735.0	626.0	1716.0	5	
EH	1	SEDIMENTARY	705.0	1951.0	638.499	638.479	638.538	0.059	2	4	4	2	2	5			708.0	1938.0	704.0	1952.0	691.0	1951.0	668.0	1948.0	639.0	1940.0	4	
ER	0	SEDIMENTARY	630.0	1891.0	638.745	638.688	638.858	0.17	94	0	0	0	3	1			623.0	1974.0	630.0	1879.0	620.0	1786.0	602.0	1776.0	589.0	1898.0	5	
IY	0	SEDIMENTARY	591.0	2226.0	638.898	638.858	638.978	0.12	12	0	0	0	7	0			569.0	2166.0	595.0	2234.0	632.0	2299.0	757.0	2239.0	872.0	2057.0	5	
AY	1	MINOR	837.0	1326.0	639.704	639.629	639.819	0.19	41	4	4	2	2	1			804.0	1196.0	827.0	1280.0	870.0	1502.0	834.0	1911.0	731.0	1800.0	6	
ER	0	MINOR	601.0	1702.0	639.932	639.889	640.019	0.13	94	0	0	0	4	0			596.0	1758.0	602.0	1696.0	605.0	1627.0	586.0	1509.0	596.0	1431.0	5	
AA	1	MA	847.0	1289.0	641.099	641.019	641.259	0.24	43	0	0	0	2	0			862.0	1283.0	848.0	1291.0	857.0	1304.0	871.0	1390.0	844.0	1533.0	6	
AA	1	PA	855.0	1314.0	641.542	641.449	641.729	0.28	43	0	0	0	1	0			860.0	1290.0	856.0	1316.0	846.0	1312.0	840.0	1310.0	861.0	1345.0	4	
EH	1	MARRY	679.0	2159.0	642.798	642.758	642.878	0.12	39	6	4	2	2	1			670.0	2155.0	678.0	2159.0	670.0	2141.0	666.0	2076.0	657.0	1918.0	5	
IY	0	MARRY	487.0	2287.0	643.031	642.968	643.157	0.189	12	0	0	0	7	0			510.0	2195.0	485.0	2297.0	480.0	2394.0	451.0	2788.0	1027.0	3027.0	4	
AY	1	TIDE	960.0	1972.0	643.868	643.867	644.207	0.34	41	1	4	2	3	0		m	928.0	1468.0	935.0	1457.0	921.0	1527.0	823.0	1902.0	631.0	2230.0	6	
AA	1	BARN	809.0	1217.0	646.301	646.251	646.401	0.15	44	6	4	2	1	3			804.0	1208.0	809.0	1222.0	810.0	1251.0	805.0	1266.0	795.0	1280.0	5	
AO	1	HORSE	505.0	576.0	647.58	647.52	647.701	0.181	64	6	4	2	0	3			505.0	570.0	505.0	578.0	522.0	644.0	542.0	749.0	551.0	889.0	6	
AY	1	SIDE	888.0	1470.0	648.913	648.791	649.141	0.35	41	1	4	2	3	0		m	877.0	1459.0	888.0	1473.0	878.0	1527.0	801.0	1829.0	648.0	2162.0	5	
AH	1	SUCKS	757.0	1229.0	650.08	650.03	650.179	0.149	6	1	6	1	3	3			718.0	1290.0	759.0	1225.0	770.0	1246.0	764.0	1334.0	700.0	1431.0	5	
AA	1	LAW	727.0	908.0	651.383	651.259	651.63	0.371	53	0	0	0	7	0			711.0	874.0	727.0	909.0	743.0	951.0	759.0	1042.0	770.0	1127.0	5	
EY	1	VAGUE	622.0	2163.0	652.443	652.41	652.67	0.26	21	1	6	2	1	0			615.0	2258.0	570.0	2345.0	514.0	2361.0	515.0	2390.0	499.0	2429.0	4	
AY	1	MINER	863.0	1487.0	653.664	653.56	653.769	0.209	41	4	4	2	2	1			796.0	1173.0	829.0	1286.0	863.0	1487.0	838.0	1899.0	703.0	1795.0	6	
ER	0	MINER	657.0	1733.0	653.9	653.83	654.04	0.21	94	0	0	0	4	0			633.0	1792.0	660.0	1724.0	647.0	1672.0	516.0	1904.0	737.0	2062.0	6	
EH	1	MARY	670.0	2105.0	654.78	654.74	654.859	0.119	2	6	4	2	2	1			666.0	2061.0	669.0	2108.0	666.0	2113.0	665.0	2086.0	663.0	1983.0	5	
IY	0	MARY	506.0	2285.0	655.02	654.96	655.14	0.18	12	0	0	0	7	0			524.0	2215.0	506.0	2294.0	503.0	2373.0	510.0	2467.0	1184.0	2871.0	4	
