age	city	ethnicity	first_name	last_name	location	name	sex	state	tiernum	year	years_of_schooling	vowel	stress	pre_word	word	fol_word	F1	F2	F3	B1	B2	B3	t	beg	end	dur	plt_vclass	plt_manner	plt_place	plt_voice	plt_preseg	plt_folseq	style	glide	pre_seg	fol_seg	context	vowel_index	pre_word_trans	word_trans	fol_word_trans	F1@20%	F2@20%	F1@35%	F2@35%	F1@50%	F2@50%	F1@65%	F2@65%	F1@80%	F2@80%	nFormants	F1_man	F2_man	F3_man	plt_code	plt_stress	plt_word	t_man
												AY	1		NINETEEN		711.9	1710.3	2699.3	152.8	127.8	520.7	11.405	11.395	11.475	0.08																705.7	1732.2	666.6	1824	631.1	1956.9	574.3	2026	499.9	1813.1	5	723	1734	2618	41.44242	1	nineteen	11.41
												AY	1		NINE		757.2	1636	2282.7	134.3	196.7	990.7	12.037	12.005	12.115	0.11								s								741.9	1678.4	750.9	1627.8	743.3	1653.6	690.2	1700.7	594.2	1784.9	6	806	1697	2867	41.4424	1	nine	12.0396
												OW	1		DON'T		653.9	1067.2	2650.9	163.9	326.7	501.1	21.636	21.604	21.734	0.13																621.4	1174.1	689.6	886.1	705.2	797.2	678.6	804.9	612.5	786.3	5	634	991	2295	62.44233	1	don't	21.6393
												AW	1		NOW		801.9	1536.9	2389.5	86.7	85	667.4	22.358	22.303	22.534	0.231																794.6	1558.2	814.3	1443	831.4	1300.7	772.5	1179.4	724.6	1054.8	5	799	1563	2465	42.0004	1	now	22.3516
												IH	1		LIVE		423.2	1501.4	2639.8	122.4	217	507.3	22.978	22.928	23.078	0.15																506.6	1601	411.6	1483.8	339.1	1417.3	369	1497.4	458	1687.9	6	515	1584	2773	1.3227	1	live	22.9456
												IH	1		LIVED		487.8	1588.1	3027.9	88.5	169.2	489.7	31.621	31.604	31.654	0.05																492	1586.9	487.8	1588.1	478.2	1587.5	470.4	1596.3	466	1595.6	4	478	1574	2902	1.3227	1	lived	31.625
												IH	1		IN		511	1925	2990.6	84.2	444.2	1335.3	31.857	31.744	32.084	0.34																442.6	1799.8	519.4	1943.2	554.1	1834.2	556.5	1848.6	537.6	1789.9	4	548	1697	2665	1.442	1	in	31.9199
												IY	1		EAST		358.7	2324.5	3237.2	168.1	534.5	1171.7	33.283	33.236	33.376	0.14																352.4	2391	359.4	2330.2	370.9	2502	360.1	2430.2	294.5	2428.1	4	375	2379	2714	11.34103	1	east	33.3231
												EH	1		AREA		582.4	1669.7	2416.3	67.2	247.8	392.6	34.627	34.607	34.667	0.06																578.8	1694.3	583	1668.9	583.7	1668.9	580	1678.4	573.3	1693.1	5	451	1890	2660	24.60001	1	area	34.5795
												ER	1		FIRST		414.7	1449	1716.3	133.6	72	751.7	36.659	36.632	36.713	0.081																423.8	1435.6	415.5	1452.3	435.5	1492.4	470.2	1428.3	486.8	1393.6	6	414	1421	1634	94.60013	1	first	36.6507
												AO	1		BORN		591.8	839.1	2172.1	150.4	728.2	967.7	36.91	36.863	37.003	0.14																546.8	854.4	598	836.2	608.4	827.6	581.9	901.4	568.5	1007.1	6	607	828	2073	54.6001	1	born	36.9385
												AE	1		AFTER		712.3	1763.6	2602	62	113.2	383.1	38.036	38.009	38.089	0.08																718.5	1757.7	711.1	1763.2	686.5	1754.3	641.6	1731.2	560.2	1660.1	5	724	1778	2594	3.32104	1	after	38.0339
												AE	1		THAT		713.4	1685.2	2485.8	63.6	89.9	248.8	38.349	38.269	38.509	0.24																669	1684.5	716.7	1682.9	726.3	1628.5	724.6	1594.3	694.2	1557.4	5	737	1642	2486	3.1413	1	that	38.3929
												AH	1		MOTHER		669.9	1233.3	2769.2	92.8	62.5	744.5	38.928	38.911	38.961	0.05																689	1227.1	669.9	1233.3	615.4	1242.5	557.6	1248.2	511.8	1253.3	5	728	1194	2929	6.33121	1	mother	38.9085
												AA	1		FATHER		784.7	1276.6	2953.3	139.7	167.5	247.6	39.241	39.171	39.381	0.21																751.3	1258.7	790.7	1273.3	818.3	1281.4	824.1	1316.7	779.7	1360.6	4	800	1294	2734	43.33111	1	father	39.3102
												UW	1		TO		360.2	1942.2	2878	601	318.4	341.2	40.267	40.26	40.56	0.3																446.1	1886.4	501.8	2052.8	546.1	1543.1	520.8	1302.2	571.2	1957	4	398	1786	2686	73.0003	1	to	40.2775
												EH	1		CONNECTICUT		727.8	1763.3	2509.7	59.6	179.4	243.9	41.345	41.318	41.398	0.08																706.3	1780.6	728.7	1761.6	720.3	1744.4	677.3	1723	617	1682.9	5	729	1741	2537	2.16145	1	(Con)necticut	41.3587
												AW	1		ABOUT		718.7	1295.3	2928.1	125.4	204	300.5	42.077	42.037	42.198	0.161																718.8	1298.2	714	1280.2	738.6	1183.8	722.1	1283.2	772.4	2046.7	4	700	1263	2763	42.1411	1	(a)bout	42.0795
												UW	1		TWO		548.2	1298.8	2299.4	596.8	276.2	822	42.467	42.458	42.548	0.09																437.2	1238.8	389.5	1077.8	390.2	1040.9	386.1	1253.2	374.4	1355	6	407	1041	2278	73.0003	1	two	42.4997
												EH	1		PARENTS		642.2	1681.2	2060	90.4	159.5	392.7	44.214	44.197	44.247	0.05																639.7	1690.5	642.2	1681.2	648.5	1668.4	647.1	1653.6	640.7	1649.3	6	643	1676	2037	24.60011	1	parents	44.2134
												AO	1		DIVORCED		618.4	993.1	2131.3	150.5	917.8	472.6	44.787	44.757	44.846	0.089																627	846	614.7	999.1	569.6	1110.3	545.8	1147.4	531.7	1189.2	6	566	893	1995	64.6001	1	(di)vorced	44.7832
												AA	1		GOT		744.4	1701	2430.6	71	273.7	305.3	45.576	45.549	45.629	0.08																719.1	1728.8	746.5	1697.4	761.5	1679.2	764.7	1698.8	714	1729.3	6	746	1701	2489	5.1416	1	got	45.5852
												AO	1		DIVORCED		623.9	1374.3	2878.1	276.6	808.8	627.1	45.842	45.809	45.909	0.1																584.1	1651.2	626.4	1287.7	640.2	903.2	609.4	977.4	580.8	1137.4	5	603	917	2265	64.6001	1	(di)vorced	45.853
												AE	1		THAT		635.8	1818.7	2590.6	129.8	223	434	46.229	46.189	46.308	0.119																644.1	1800.4	634.1	1817.9	637.3	1813.2	651.3	1741.4	662.6	1611.2	5	637	1809	2527	3.1413	1	that	46.2347
												OY	1		POINT		667.3	1401.9	2089.2	199.8	202	1207.3	46.509	46.479	46.569	0.09																638.4	1280.6	670.2	1412.5	668.4	1588.3	655.8	1734.4	658.4	1843.2	6	660	1107	2072	61.44213	1	point	46.4741
												UW	1		MOVED		450.5	1094.2	2079	101.1	173	608.5	47.568	47.525	47.655	0.13																446.5	1064.5	454.5	1087.1	457.5	1041.3	455.9	1074.1	449.7	1089	6	499	1055	2241	72.3222	1	moved	47.5866
												AE	1		BACK		666.3	2061.7	2812.1	74.8	191.4	435.2	48.686	48.653	48.753	0.1																659.5	2040.9	667.1	2060.9	666.7	2058	662.5	2077.6	649.1	2139.8	4	657	1927	2519	3.1611	1	back	48.6849
												AH	1		MOTHER		693.5	1114	2383.4	120.8	154.3	2556.8	49.711	49.684	49.764	0.08																697	1062.4	692.1	1119	653.9	1164.2	594.6	1190.3	536.9	1209.7	6	721	1073	2762	6.33121	1	mother	49.6991
												UW	1		TWO		413.6	1533	2507.2	123.5	588.9	1138.1	50.18	50.173	50.234	0.061																413.6	1533	425.4	1580.1	449.6	1592.5	452.4	1517.6	488	1558.1	6	427	1609	2609	73.0003	1	two	50.1963
												IH	1		SISTERS		483.6	1634.1	2535.9	62.3	146.7	281.5	50.364	50.344	50.404	0.06																482.4	1617.8	483.6	1635.4	483	1643.5	492.1	1641.9	511.8	1627.6	6	478	1631	2553	1.34231	1	sisters	50.3729
												AE	1		MAN		550.6	2037.3	2903.7	238.6	382	229	54.298	54.221	54.451	0.23																571	2127.2	547.2	2024.9	644.1	1922.2	639.5	1716.9	667.1	1659.1	5	611	2061	2884	3.4422	1	man	54.2931
												EY	1		EIGHTY		430.7	2015.1	2422.9	205	932.8	282.1	57.459	57.446	57.566	0.12																425.9	2104.7	412.2	1723.6	411.1	1589.4	406.5	1230.3	367.9	1179.2	6	427	2448	2961	21.14101	1	eighty	57.4883
												UW	1		TWO		414.8	1901	2747.2	263	362.5	706.7	57.869	57.846	58.086	0.24																399.2	1760.7	394.7	1570	403.5	1363.8	418	1158.7	424.3	1004.9	5	402	1683	2812	73.0003	1	two	57.9299
												AE	1		BACK		600.8	1865.9	3047.4	57.8	357.3	1384.4	59.2	59.157	59.287	0.13																589.4	1870.8	601.9	1870.1	609.3	1891.4	623	1868.9	663.8	1854.2	4	605	1716	2493	3.1611	1	back	59.2105
												EH	1		THEN		728.5	1754.9	2699.9	96.1	116	375	60.716	60.649	60.849	0.2																723.1	1764.7	729.6	1751.8	743.7	1748.5	731.7	1744.2	687.9	1737.4	5	749	1748	2710	2.4423	1	then	60.7362
												EY	1		EIGHTY		479.2	2194.6	2877	256.9	532.9	365.2	61.455	61.442	61.562	0.12																449.2	2204.6	422.9	2334.2	416.1	2381.1	408.8	2386.6	392.8	2269.1	5	420	2377	2959	21.14101	1	eighty	61.4911
												EY	1		EIGHTY		493.6	2319.1	2990.2	225.4	235	340.4	62.767	62.739	62.879	0.14																493.6	2319.1	432.8	2350.7	435.3	2398.3	439.4	2416.4	427	2390.2	5	432	2329	2950	21.14101	1	eighty	62.8031
												AY	1		NINE		789.8	1541	3107	80.5	140.9	292	63.113	63.069	63.279	0.21																789.7	1553.2	786.1	1449	781.2	1543.2	752.2	1706.6	649.8	1909.2	5	791	1460	3082	41.4424	1	nine	63.1421
												EH	1		THERE		582.9	1702.9	2220.8	191.6	137.7	213.3	66.116	66.043	66.263	0.22																637.6	1721.4	574.3	1700.6	556.1	1667.4	541.4	1647.1	495.5	1650.5	6	669	1681	2540	24.6003	1	there	66.0624
												AE	1		BACK		598.7	1989.4	3253.7	66.4	185.7	1078.8	66.939	66.899	67.019	0.12																592.4	1971.4	600.1	1989.4	616.1	1967.4	637.7	2023.4	676.6	2212.3	4	603	1893	2594	3.1611	1	back	66.9498
												EH	1		CONNECTICUT		712.3	1724.9	2772.8	79.8	181.3	995.1	67.662	67.639	67.709	0.07																716.6	1738.8	708.7	1721.7	675.8	1713.5	629.7	1700.7	580.8	1668.7	5	720	1708	2754	2.16145	1	(Con)necticut	67.6621
												IY	1		THREE		426.7	2452.2	3910.5	244.7	181.8	1384.7	70.29	70.273	70.323	0.05																422.9	2380	426.7	2452.2	428.1	2542.4	425.1	2595.2	423.6	2609.4	3	395	1902	2798	12.0008	1	three	70.2661
												AA	1		GOT		649	1606.3	2506.5	73.3	284.1	625.3	73.008	72.981	73.061	0.08																585	1631.8	654.5	1603	710.7	1559.5	743.3	1552	726.1	1529.5	5	744	1559	2640	5.1416	1	got	73.0268
												AE	1		BACK		672.2	1887.3	2256.6	92.6	180.3	804	73.15	73.12	73.21	0.09																654.4	1855.4	672.9	1888	664.3	1871.3	658.1	1823.6	636.4	1741.6	6	705	1926	2783	3.1611	1	back	73.1493
												EH	1		TOGETHER		654	1760.6	2877.7	112.2	259.4	759.2	73.421	73.391	73.48	0.089																612.2	1853.1	657.8	1756.2	713	1689.6	739.6	1619.8	715	1540.7	5	735	1683	3150	2.33161	1	(to)gether	73.4399
												AE	1		DAD		649.8	1973	2667.1	128.9	263.4	350.3	76.054	75.994	76.174	0.18																622.5	1898.3	646.1	1976.2	627.6	1920.4	654.5	1916.3	642.9	1871.8	5	688	2022	2737	3.1423	1	dad	76.0439
												AW	1		OUT		807.4	1589.4	2224.4	65.2	178.7	1927.7	79.434	79.409	79.509	0.1																803.8	1592.2	821	1522.1	821.9	1444.3	816.2	1376.7	800.5	1314.1	6	840	1486	2783	42.141	1	out	79.4541
												EH	1		EVER		622.3	1805.9	2672.5	72.6	206.7	354.1	80.038	80.018	80.079	0.061																612.9	1860.9	622.9	1797.8	625.3	1699.3	620.9	1600.4	607.3	1534.7	5	632	1734	2613	2.32201	1	ever	80.0481
												AO	1		FORTH		575.5	1064.8	2125	144.5	935.3	823.7	81.558	81.518	81.637	0.119																537.1	1143.3	581	1064.6	601.3	945.1	583.8	962.7	583.2	1029.6	6	564	918	2115	64.6001	1	forth	81.5909
												IH	1		DID		511.2	1704.5	2431.6	49	92.2	220	88.758	88.715	88.845	0.13																482.8	1655.2	513.7	1708	542.4	1709.4	569.6	1721.7	564.4	1728.6	5	580	1693	2328	1.1423	1	did	88.8074
												AE	1		ACTUALLY		593.1	1806.1	2433.9	67.8	170.3	547.8	88.915	88.875	88.995	0.12																595.2	1767.5	595.1	1805.5	606.9	1792.6	597.8	1735.8	554.9	1672.6	6	600	1793	2418	3.16105	1	actually	88.9256
												AO	1		FOUR		499.1	867.1	2243.1	52	108	464	90.782	90.755	90.836	0.081																502.5	896.1	499.1	867.8	498.5	893.3	490.9	953.7	478.9	1037.7	6	500	866	2175	64.6001	1	four	90.7761
												EH	1		REMEMBER		722.6	1680.1	2379.3	194.7	126.7	314.9	95.923	95.903	95.963	0.06																705.2	1699.8	722.4	1676.4	708.9	1634.6	663.9	1599.9	614.6	1580.8	6	741	1668	2312	2.41224	1	(re)member	95.9256
												EY	1		NAME		629.8	1937.3	2516.5	202.4	152.9	254.2	96.198	96.163	96.293	0.13																602.1	1916.2	594.9	1963	510.9	2009.2	495.3	2007	478.3	1899.9	5	684	1927	2480	21.4124	1	name	96.1963
												OW	1		JONES		653.8	1256.8	2501.8	303.8	174.3	745.7	96.926	96.913	97.073	0.16																658.3	1222.7	775	1383.7	672.2	1502.6	577.6	1328.4	669.2	1039	5	689	1279	2470	62.4425	1	Jones	96.9413
												AY	1		HIGHSCHOOL		861.2	1515.7	2714.4	87.7	133.9	577.2	100.88	100.891	100.972	0.081								s								800.2	1671.7	737.1	1722.3	654.2	1779	569.8	1805.5	511.4	1796.4	5	838	1588	2509	47.34201	1	highschool	100.8914
												AE	1		GRADUATED		599.2	1803.5	2934.5	87.4	187.3	472.1	101.339	101.312	101.392	0.08																586.2	1771.4	599.6	1807.5	594.9	1842.7	569.5	1870.3	518.1	1897.7	4	591	1727	2507	3.25282	1	graduated	101.3444
												AH	1		MOTHER		689.1	1143.7	2664.2	88.5	76.1	605	109.664	109.641	109.711	0.07																714.4	1138.2	684.2	1143.6	609.6	1140.5	538.3	1150.3	481.2	1167.4	5	708	1125	2437	6.33121	1	mother	109.6535
												AO	1		BORN		608.6	846.3	2601	157.8	505.2	513.5	110.232	110.192	110.312	0.12																585.8	800.6	613.3	851.9	626.1	923	610.8	999.8	599.4	1098.7	5	625	902	2650	54.6001	1	born	110.2447
												EH	1		AREA		543.9	1782.1	2353.8	58.4	154.7	300.4	110.848	110.822	110.901	0.079																534	1815.5	544.5	1776.1	544.4	1742	543.8	1705.9	542.5	1688.9	6	543	1746	2332	24.60001	1	area	110.8572
												AA	1		ADOPTED		820.1	1562.7	2883.3	43.9	178	459.5	111.843	111.78	111.97	0.19																675.1	1552.2	827	1561.1	828.5	1527	837.7	1468.3	790.1	1448.9	5	844	1537	2152	5.11133	1	(a)dopted	111.8957
												AA	1		ROCHESTER		779.3	1588.6	2951.5	73	165.4	331.5	112.467	112.42	112.56	0.14																786.7	1544	773.5	1588.7	722.2	1623.5	632.7	1630.2	602	1695	5	805	1578	2916	5.16175	1	Rochester	112.457
												EH	2		ROCHESTER		654.4	1629	3039.8	87.5	163.1	560.8	112.683	112.65	112.75	0.1																617.7	1622.6	658.2	1632.6	674.3	1642.4	655.6	1627.9	713.5	1742	5	688	1647	3093	2.34251	1	(Ro)chester	112.6963
												AA	1		ADOPTED		807.1	1598.2	2896.8	40.8	205.7	426	114.017	113.97	114.11	0.14																735.7	1658.4	809.6	1589.6	807	1517.8	774.4	1391.8	710.1	1469.1	5	820	1622	2943	5.11133	1	(a)dopted	114.0225
												EH	1		PARENTS		661.3	1718.8	2234.6	179.1	157.8	247.5	114.36	114.33	114.42	0.09																652	1723.9	665.9	1719.8	682.1	1724	641.9	1714.6	619.8	1691.1	6	726	1842	2592	24.60011	1	parents	114.3615
												EY	1		THEY		513.2	1812	2816.9	139.1	338.6	199.6	114.663	114.65	114.8	0.15																506.4	1915.3	465.2	2021.9	454.4	2033.8	422.5	1834.4	420.3	1711.8	5	520	1937	2861	22.0003	1	they	114.6735
												EH	1		MET		670.5	1568.6	2310.8	135.1	164.5	1881.3	117.481	117.464	117.514	0.05																670.5	1541.5	670.5	1568.6	640	1546.5	603.9	1557.1	563.3	1558.2	6	681	1592	2119	2.1412	1	met	117.4826
												AE	1		THAT		662.5	1704.9	2908.5	91.7	116.2	1140.9	117.667	117.623	117.754	0.131																627.2	1703.4	666.5	1703.5	685	1674.4	655.7	1588.1	629.3	1479.8	5	659	1711	2887	3.1413	1	that	117.6649
												OW	1		KNOW		627	1438.1	2551.3	52	112.2	546.7	121.654	121.614	121.983	0.369																638.4	1305.6	626.8	1199.1	591.8	1126.9	532	1078.7	488.6	953.4	5	631	1261	2746	62.0004	1	know	121.7191
												EY	1		GREAT		552.7	1694.7	2176.6	79.5	142.4	287.7	122.491	122.459	122.579	0.12																549.9	1671.5	539.3	1671.7	481.8	1607.8	444.5	1382.8	406.5	1322.1	6	547	1679	2132	21.1418	1	great	122.4869
												AE	1		GRANDPARENTS		583.4	1773.7	2709.6	101.8	188.9	410	122.772	122.739	122.839	0.1																569.4	1726.5	585.2	1776.8	589.8	1791.9	582	1785.1	580.5	1717.6	5	587	1774	2715	3.44284	1	grandparents	122.7775
												EH	2		GRANDPARENTS		603.6	1775.7	2679.8	160.7	239.9	677.9	123.005	122.939	123.138	0.199																593.6	1805.9	601.9	1768.4	591.6	1751.2	580.5	1710.1	579.5	1681.1	4	611	1767	2389	24.60011	1	(grand)parents	122.9911
												EY	1		STRAIGHT		529.4	2014.4	2546.4	132.4	332.3	502.4	123.743	123.708	123.779	0.071																490.1	1864.8	514.2	1947.9	529.4	2014.4	524.4	2020.8	511.9	2008.8	4	519	1850	2437	21.1418	1	straight	123.7419
												AO	1		OFF		695.5	1365.8	2491.4	44.9	89.9	299.5	123.845	123.809	123.918	0.109																671.7	1430.3	698	1358.2	714.2	1282.1	705.4	1236.6	683.9	1203.5	5	728	1317	2865	53.321	1	off	123.8615
												OW	1		BOAT		580.2	1133.4	2610.9	189.4	156.2	153.2	124.161	124.139	124.299	0.16																597.7	1156.1	598.2	1167.6	588.2	1126.7	569.6	1034.4	540.6	937.3	5	605	1169	2583	62.1411	1	boat	124.1892
												IH	1		ITALY		531.4	1790.6	2698.3	63.3	100.5	200.4	125.225	125.202	125.272	0.07																536.3	1792.1	530.9	1789.4	526.9	1783	521.6	1775.1	513.8	1766	5	530	1783	2692	1.14102	1	Italy	125.2248
												AE	1		GRANDPARENTS		716.8	1825.6	2392.3	176.5	180.4	378	126.614	126.574	126.694	0.12																669.5	1736.6	718.4	1834.2	718.7	1910.3	714.2	1929	700	1906.1	5	724	1929	2557	3.44284	1	grandparents	126.6365
												AA	1		ARE		745.2	1301.8	2666.4	74	124.2	98.2	128.279	128.219	128.399	0.18																729.9	1334.8	747.3	1298.7	756.2	1311.5	780.5	1357.3	775.6	1446	5	750	1283	2644	44.6	1	are	128.2874
												AY	1		LIFE		666	1307.2	2909.7	127.4	89.7	702.5	130.941	130.944	131.044	0.1																638	1577.3	578.7	1717.7	516	1799.6	489.5	1834.2	472.4	1793.1	5	658	1432	2949	47.3217	1	life	130.9513
												EH	1		EVER		579.3	1400.4	2205.4	92.3	66.7	281.8	132.202	132.179	132.249	0.07																568.1	1401.9	579.1	1398.6	569.3	1380.4	551.2	1347.4	523.5	1309.5	6	587	1406	2237	2.32201	1	ever	132.202
												AY	1		HIGHSCHOOL		801.4	1498	2590.8	109.5	162.3	253.1	139.84	139.826	139.937	0.111								s								790.3	1518.8	714.6	1530.8	614.8	1479.9	551.5	1724.1	454	1597.1	6	780	1508	2546	47.34201	1	highschool	139.8516
												AE	1		GRADUATED		579.9	1646.1	2378	51.6	236.4	136.3	142.548	142.528	142.588	0.06																556.5	1587.5	582.4	1652.9	602	1705.1	608.7	1724	599.5	1726.4	5	619	1750	2475	3.25282	1	graduated	142.5709
												AY	1		HIGHSCHOOL		697.4	1591.4	2521.8	86	105.8	204	142.842	142.818	142.868	0.05								m								663.1	1586.1	691.4	1580	697.3	1593	693.7	1598	690.6	1598.9	5	692	1595	2495	47.34201	1	highschool	142.853
												OW	1		ENROLLED		488.1	1158.6	2521.5	324.2	275.6	342.2	143.96	143.942	144.012	0.07																481.4	1176	509.6	1100.6	541.5	1028.4	559.2	980	575.7	931.9	5	574	972	2680	62.5427	1	(en)rolled	143.9997
												AA	1		COLLEGE		752	1485.5	2539.5	67.8	162.4	227	144.295	144.272	144.341	0.069																734	1502.5	753.1	1482.1	764.6	1444.7	784	1416.6	794.7	1406.3	5	797	1392	2885	5.54201	1	college	144.3359
												AE	1		GRADUATE		596.5	1894.7	2734.8	90.4	359.3	541.6	150.591	150.551	150.671	0.12																594.9	1779.5	595.6	1907.9	579	1956.9	566.9	1966.4	524.7	1887.4	4	575	1710	2469	3.25281	1	graduate	150.6051
												AW	1		ACCOUNTING		771.9	1594.4	2347.7	68.6	161.4	453	155.582	155.553	155.693	0.14																769	1598	824.9	1506.4	825.6	1399.1	839.6	1280.1	846	1199.8	5	835	1473	2710	42.44203	1	(ac)counting	155.6065
												AH	1		LOVE		693.9	1206.9	2520.2	87.1	57.5	625.8	158.834	158.811	158.881	0.07																695.9	1193	691.6	1209	667	1218.2	616.2	1234.4	568.6	1251.4	6	690	1201	2564	6.3227	1	love	158.8287
												UW	1		SCHOOL		439.1	911.2	2696.5	89.7	145.6	418.3	164.256	164.233	164.303	0.07																428.4	937.9	441.3	908	452.6	900.3	460.8	898.8	463.9	881.9	5	439	897	2549	72.5426	1	school	164.259
												AY	1		TIME		760.2	1500.4	3167.5	83.8	72.2	301	164.718	164.623	164.883	0.26								s								739.2	1469.5	759.4	1491.7	736.7	1539.7	709.3	1583.1	682.5	1608.6	5	742	1456	3255	41.4123	1	time	164.692
												AY	1		TIME		754.8	1474.2	2756.4	96.3	140.1	395.2	165.786	165.706	165.866	0.16								s								710	1463.5	736.7	1467.6	754.8	1474.2	744.7	1527.2	710.1	1576.2	6	747	1473	2834	41.4123	1	time	165.7874
												EY	1		PAIN		638.2	2001.4	2553.7	216	189.4	265.3	167.988	167.92	168.06	0.14																556	1853.5	587.2	1923.7	636.8	2007.6	591.8	2068.3	567.8	2041.7	5	647	1943	2463	21.4421	1	pain	167.9854
												AW	1		NOW		814.3	1674	3271.3	173.5	207.4	278	171.048	171.038	171.198	0.16																817.9	1594.3	807.6	1480.7	763.2	1342.3	759.7	1130.3	703.4	1610.8	4	808	1555	3083	42.0004	1	now	171.0709
												AO	1		MORNING		592.6	936.7	2100.5	107.3	245.2	554.7	176.49	176.46	176.55	0.09																543	937.2	595.7	939.2	614.5	984.1	622.5	1044.3	625.7	1114.9	6	643	1016	2319	54.6002	1	morning	176.5011
												IH	1		SHIFTS		506.5	1676.3	3148.8	68.3	238.1	627.7	176.893	176.86	176.96	0.1																495.4	1679.2	508.4	1673.4	525	1639.5	534.3	1624.5	516.5	1637.2	4	517	1642	2763	1.32153	1	shifts	176.8971
												OW	1		GO		493.9	1055.5	2168.7	168.6	594.3	915.6	178.339	178.33	178.41	0.08																495.3	1028.9	489.8	1029	474.3	1061.7	450.8	1117.2	423.2	1194.4	6	509	1034	2382	62.0006	1	go	178.3544
												AY	1		NIGHT		740.5	1448.7	2759.8	71.7	149.1	865.9	178.951	178.919	179.1	0.181																740.5	1449.2	721.2	1514.1	651.8	1667.9	551.2	1787.5	512.6	1919.3	5	732	1432	2314	47.1414	1	night	178.9513
												AO	1		SORTA		463.8	1123.7	2365.4	77.5	237.2	326.7	179.86	179.837	179.907	0.07																418	1222.6	467.2	1111.7	481.8	1121	503.9	1144.7	525.4	1191.4	6	513	1157	2295	54.60031	1	sorta	179.8857
												UH	1		HOOKEY		621.9	1107.3	2906.8	89.3	102.8	310	180.6	180.576	180.647	0.071																628.9	1099.6	620.9	1108	603.8	1113.2	590.5	1131.1	789.3	1498.3	5	626	1096	2901	7.16101	1	hookey	180.5937
												AA	1		LOT		743.2	1313.1	3152.7	107.3	194.2	185.8	181.387	181.357	181.447	0.09																735.5	1255.7	744.4	1317.9	749.4	1377	751.5	1424.6	735.4	1466.9	4	733	1334	2961	5.1417	1	lot	181.4028
												UW	1		DO		482.6	1528.5	2665	49.8	217	381.6	181.944	181.937	182.037	0.1																482.2	1490.5	477.9	1450.9	475.9	1408.4	478	1433.3	479.6	1486.1	5	480	1555	2453	73.0003	1	do	181.9413
												AY	1		TIME		791.8	1628.5	2644.9	95	104.8	265.7	191.771	191.703	191.843	0.14								s								756.1	1583.7	777.2	1597.6	791.5	1630.2	754.4	1677.5	705.9	1747.2	5	797	1628	2664	41.4123	1	time	191.7661
												AO	1		OFF		770.6	1198.4	3141.6	66.4	301.3	187.9	191.986	191.923	192.112	0.189																750.7	1137.7	774.4	1208.7	792.4	1174.8	787.1	1189.7	745.9	1099.3	5	766	1156	1819	53.321	1	off	191.9883
												EH	1		ANYTHING		754.9	1840.7	2852.4	203.4	214.8	596.3	193.561	193.534	193.614	0.08																709.5	1812.7	757.5	1839.5	754	1810.8	742.9	1809.3	703.2	1811.8	5	737	1804	2531	2.44202	1	anything	193.5851
												AW	1		OUTDOORS		688.4	1488.9	2159.7	188.9	243.1	829.3	193.891	193.864	193.973	0.109																677.9	1504.6	706.5	1459.6	723.5	1387.6	667.3	1338.4	579.7	1316.8	6	730	1384	2124	42.14104	1	outdoors	193.9171
												AO	1		OUTDOORS		509.8	1052	2430.7	80.8	126.4	208.8	194.103	194.063	194.183	0.12																478.5	1232.6	512.8	1033.8	521	923	530.9	921.1	546.9	1050.7	6	528	910	2450	64.6003	1	(out)doors	194.1279
												AH	1		HUNTING		727.3	1190.5	2025.9	128	72	1467.8	195.015	194.988	195.068	0.08																716.7	1165.6	727.3	1193.7	723.3	1255.1	714	1349.6	666.3	1437	6	732	1225	2542	6.44203	1	hunting	195.0253
												IH	1		FISHING		526.2	1610.1	2505.5	79.7	304	329.6	195.415	195.398	195.448	0.05																523.3	1596.2	526.2	1610.1	526.2	1648.3	520.5	1699	512.5	1722.5	6	527	1592	2510	1.3421	1	fishing	195.4156
												EH	1		ANYTHING		752	1854.1	2764.7	250.7	422.8	728.6	196.36	196.343	196.393	0.05																785.5	1890.2	752	1854.1	698.4	1814.2	697	1803.7	689.3	1803.9	5	673	1849	2701	2.44202	1	anything	196.3914
												AA	1		NOT		805.4	1494.3	2382.8	55.4	115.6	571.1	196.87	196.843	196.923	0.08																790.2	1493.8	805.7	1494.7	808.9	1499.8	801.9	1512.3	777.8	1528.2	5	803	1473	2235	5.1414	1	not	196.8743
												AH	1		STUCK		624.9	1445.3	2537.9	79.5	325.3	858.2	197.11	197.083	197.163	0.08																552.4	1508.5	631.9	1444.3	685.1	1444.1	704.8	1417.7	699.8	1422.5	5	683	1374	2373	6.1613	1	stuck	197.1336
												AY	2		INSIDE		783.7	1616.2	2574.2	34.2	143.9	295	197.478	197.422	197.573	0.151								s								718.8	1600.3	782.9	1608.9	761.5	1677.8	740.3	1752.7	698.6	1765.8	5	782	1596	2551	41.1423	1	(in)side	197.4812
												AE	1		HAPPY		724.3	1774.1	2507.5	109.7	256.1	497.8	197.83	197.793	197.903	0.11																741.7	1827.1	720.7	1762.8	714.9	1674.5	712.7	1648.1	682.5	1657.4	6	741	1806	2571	3.11101	1	happy	197.8059
												AH	1		COMING		680.5	1389.2	2594.9	75.5	162.3	653.6	199.235	199.208	199.289	0.081																598.8	1407.1	687.2	1390	741.2	1327.7	721.1	1248	640.8	1219.9	6	742	1266	2806	6.412	1	coming	199.2518
												IH	1		HERE		494	2072.2	2809.4	148.1	80.4	140.2	199.466	199.429	199.539	0.11																491.5	2112	495.2	2069.2	515.5	2059	525.6	2019.3	570.2	1940.5	4	488	2049	2771	14.6	1	here	199.4598
												AO	1		OFFICE		804.1	1143.3	2164	49.5	111	2340.4	200.262	200.199	200.389	0.19																804.5	1214.7	802.4	1133.6	816.7	1147.3	814.2	1155.5	788.1	1181.4	6	812	1139	2584	53.32101	1	office	200.276
												AO	1		TORTURE		495.9	1109.3	2326.3	124	99	227.6	202.149	202.122	202.202	0.08																477	1132.8	496.2	1108.3	497.4	1101.1	493.8	1134.3	494.7	1207.5	6	520	1108	2364	54.60031	1	torture	202.155
												OW	1		KNOW		698.8	1503.4	2531.7	56.5	128.1	450.3	206.596	206.566	206.766	0.2																706.6	1444.5	716.6	1328.3	716.3	1281.6	719.3	1160.7	671.1	1147.3	5	711	1314	2387	62.0004	1	know	206.6293
												AE	1		EXACTLY		602.1	1708.8	2358	63	175.2	240	208.837	208.79	208.93	0.14																539.1	1704.8	605.4	1707.4	604.5	1742.7	603.7	1785.6	568.3	1796.5	5	614	1788	2330	3.16104	1	(e)xactly	208.8658
												AY	1		KIND		711	1920.5	2516.1	86	343.2	1285.3	210.647	210.618	210.678	0.06								m								682.1	1911.2	703.9	1933.5	711	1920.5	705.4	1864.9	691.4	1798.6	4	712	1708	2259	41.44263	1	kind	210.6478
												EH	1		MESSED		711.5	1567.8	2410.5	84.6	253.2	896.7	210.968	210.948	211.008	0.06																705.2	1538.7	711.9	1573.6	709.6	1567.3	686.8	1514.4	670.8	1454.1	5	716	1540	2371	2.3422	1	messed	210.9641
												AW	1		ACCOUNTING		730.8	1564	2665.9	80.2	301.1	1275.6	212.935	212.917	213.098	0.181																731.5	1560	737	1455	730.3	1322.5	703.9	1193.9	693.9	1167.5	5	751	1500	3176	42.44203	1	(ac)counting	212.9769
												AW	1		ACCOUNTING		759.3	1549.5	2635.8	65.5	282	774.4	215.299	215.279	215.369	0.09																756.3	1551.6	784.3	1509.3	783.6	1429.8	765.2	1378.3	736.8	1337.5	5	801	1440	3020	42.44203	1	(ac)counting	215.3273
												AO	1		OFFICES		776	1340.5	1724.2	59.9	103.4	1363.7	215.546	215.509	215.619	0.11																761.7	1357.3	778	1338.6	804.9	1292.5	802.3	1257.6	759.5	1224.9	6	827	1336	2963	53.32101	1	offices	215.5666
												IH	1		HERE		509.1	1932.8	2579.8	88.5	223.2	267.2	215.986	215.929	216.099	0.17																501.2	1970.5	509.5	1928.5	512.7	1856.5	505.2	1811.8	507	1790.9	5	513	2107	2791	14.6	1	here	215.9598
												AO	1		SORTA		502.2	1062.5	2283.8	85.4	166.8	511.1	217.901	217.871	217.961	0.09																487.3	1157.3	502.4	1060.1	502.7	1045.6	514.5	1089.7	516.1	1160.7	6	626	1110	2342	54.60031	1	sorta	217.9313
												AE	0		TRANSPIRED		614.7	1891.4	2625.5	140.9	160.7	316	218.649	218.626	218.696	0.07																604.8	1850.5	614.3	1898.4	606.6	1908.3	601.7	1902.9	598.3	1888.8	5	607	1879	2738	3.44284	1	transpired	218.672
												AY	1		TRANSPIRED		600.2	1483.9	2315.7	122.3	91.1	213.3	218.894	218.856	218.946	0.09								s								585.3	1313.8	598.1	1436.4	596.7	1533.7	564.8	1617.1	533.9	1667.2	5	639	1411	2437	41.6001	1	(tran)spired	218.88
												AE	1		AFTER		597.9	1666.5	2709.1	78.3	123.1	570.5	219.098	219.065	219.165	0.1																595.3	1694.5	597.2	1660.8	603	1619.3	604	1584.4	573.5	1569.3	5	607	1662	2686	3.32104	1	after	219.1108
												AA	1		LOT		728.3	1382.8	2600.2	57.9	78.5	250.4	226.356	226.313	226.443	0.13																727.9	1350.7	728.5	1389.2	730.2	1438.7	722.8	1474.3	704.5	1478.1	5	760	1407	2799	5.1417	1	lot	226.3487
												AA	1		LOT		748.4	1488.2	2691.6	39.9	136.4	214.9	227.26	227.237	227.307	0.07																731.7	1442.5	751.7	1496.5	763.8	1529.2	765	1574.1	744.3	1604.7	5	767	1528	2663	5.1417	1	lot	227.276
												IH	2		INTERNATIONAL		464.2	1840.9	2832.1	205.8	145.1	330.3	227.623	227.597	227.676	0.079																444.7	1765	458.2	1858	445.9	1920.7	490.2	1949.5	517.3	1955.1	5	522	1911	2785	1.44205	1	international	227.6663
												AE	1		INTERNATIONAL		655.5	1877.3	2558.4	80.3	78	192.3	227.896	227.836	228.017	0.181																654.4	1853.6	654.5	1878.5	662.3	1866.8	657.3	1797.3	631.1	1725.1	5	670	1903	2631	3.35142	1	(inter)national	227.9028
												AH	1		STUFF		605.9	1394	2701.6	73.7	214.8	448.2	228.4	228.366	228.467	0.101																526.9	1219.5	610.3	1391.6	652.3	1326.9	668	1312.8	649.2	1281.7	6	675	1365	2937	6.3213	1	stuff	228.4199
												AH	1		DONE		701	1544.4	2603.5	63.5	95.5	292.2	228.943	228.886	229.057	0.171																549.4	1637.1	715.8	1529.9	775.7	1437.4	773	1455.6	713.7	1518	5	793	1446	3120	6.4423	1	done	228.9755
												AY	1		GUYS		806	1670.9	2815.4	36	223.7	1081.3	230.026	229.979	230.268	0.289																806	1670.9	784.3	1739.1	655.9	1774.3	554	1913.6	533.1	1988.1	5	810	1709	3040	41.0026	1	guys	230.0453
												EH	1		FRIENDS		745.2	1493.5	2602.1	112.3	119.9	608.2	232.096	232.059	232.169	0.11																733.9	1453.7	746.4	1500.7	766.9	1559.6	768.5	1602.3	725.4	1620.4	5	790	1585	2947	2.44283	1	friends	232.1122
												EH	1		AHEAD		754.4	1728.3	2864	76.5	127.7	714	234.614	234.588	234.667	0.079																751.2	1722.2	753.6	1730.2	741	1738	707.6	1734.7	635.7	1707.2	5	765	1733	2911	2.142	1	(a)head	234.6136
												IY	1		ME		468.1	2069.4	2827	311.4	182.6	798.2	234.834	234.797	234.907	0.11																463.2	2052.5	455.4	2071.6	599.4	2086.9	588.1	2066	525.7	2116.3	5	505	2092	2867	12.0002	1	me	234.833
												OY	1		DELOITTE		470.9	1622.4	2469.2	106.5	224.8	345.5	236.777	236.724	236.883	0.159																522.9	1359.5	465	1661.4	443.6	1728.4	442.4	1156.4	436	1406.1	6	535	1070	2824	61.1417	1	(De)loitte	236.7176
												AA	1		COLORADO		828.7	1413.2	2834.1	57.4	164.1	191.1	237.897	237.844	238.004	0.16																810.6	1409.7	829	1412.4	818.3	1410	791.6	1421.7	680.4	1518.2	5	834	1428	2836	43.14271	1	(Colo)rado	237.9156
												AE	1		AND		675.1	1973.3	2652.7	130.2	82.7	456.7	238.983	238.856	239.236	0.38																623.6	2075.6	670.8	1969.8	688.8	1896.8	696.7	1891.4	664.8	1686.2	6	623	2076	2600	3.44203	1	and	238.9313
												AE	1		TRAVELS		653.2	1779.7	2491.7	90.8	118.2	271.8	239.793	239.756	239.866	0.11																625.4	1741.5	656.7	1781	672.3	1776.8	676.5	1745.6	672.2	1666	5	668	1757	2457	3.32281	1	travels	239.8088
												IH	1		BIG		476.7	2184.6	2375.1	234.7	665.6	909.3	243.809	243.792	243.842	0.05																455.1	2212	476.7	2184.6	461.3	2148.4	454.9	2070.4	456	2033.1	5	437	1978	2416	1.1621	1	big	243.7191
												AA	1		GOT		719.3	1852.8	2663.5	101.4	220.8	627.7	244.491	244.461	244.552	0.091																664.7	1921	726.6	1846	752.8	1792.6	760.2	1724.7	764.6	1673.9	5	758	1615	2359	5.1416	1	got	244.531
												IY	1		HE		512.8	2372.4	3015.7	661.5	501.6	471.7	246.467	246.43	246.54	0.11																490.9	2342.1	517.8	2367.6	571	2297.8	557.5	2204.6	928.4	2377.7	4	573	2233	2866	12.	1	he	246.4854
												OW	1		TOLD		541.8	1465.2	2547.9	436.7	658.2	501.4	246.597	246.59	246.67	0.08																480.7	1497.2	585.1	1426.8	604.9	1450.8	662.3	1437.1	709	1586.4	5	699	1185	2687	62.54233	1	told	246.6507
												AO	1		OFTEN		711.8	1391.2	2493	49	76.9	245.3	270.652	270.612	270.732	0.12																676.5	1453.3	714.1	1382.9	720.3	1316.2	703.1	1265.9	663.2	1235.3	5	719	1360	2520	53.32104	1	often	270.6592
												AE	1		FAMILY		607.8	1875.7	2402.4	71.3	182.1	231.3	271.245	271.202	271.332	0.13																525.8	1737.9	618.2	1883.9	685.5	1904.2	678.7	1872.3	715.6	1734.1	6	665	1953	2670	3.41212	1	family	271.2717
												EH	1		THERE		608.5	1683.9	2309.6	141.5	116.3	336.6	271.842	271.792	271.942	0.15																578.1	1682.2	608.3	1684.5	607.6	1683.6	599	1686.4	595.8	1670.6	6	542	1680	2795	24.6003	1	there	271.7903
												OW	1		GO		463.8	1002.1	2575.4	68.2	178.6	483.2	273.621	273.594	273.704	0.11																452.3	1004.3	485.4	1002.1	508.2	1038.5	512.4	1119.2	489.7	1227.7	6	583	1104	2854	62.0006	1	go	273.6507
												IY	1		SEE		408	2057.6	2962.1	204.7	186.6	453	273.917	273.884	273.984	0.1																1493.8	3487.2					2057.3	2552.7	1957.7	3022.4	4	402	1986	2777	12.0003	1	see	273.9185
												IH	1		VISIT		553.8	1677.9	2576.2	72.4	101.4	290.2	276.617	276.6	276.65	0.05																546.4	1679.4	553.8	1677.9	563.6	1665.2	562.9	1657	556.3	1651.6	5	572	1664	2609	1.34211	1	visit	276.6279
												IH	1		HERE		533.7	1827.4	2176.7	256.4	217.6	752	277.627	277.59	277.7	0.11																515	1810.3	533.7	1826.1	530.2	1752.6	544.2	1683.5	542.3	1655.8	5	525	1697	1941	14.6	1	here	277.6222
												UW	1		THROUGH		416.2	1341.5	2958.8	229.3	297.9	1454.7	280.976	280.969	281.069	0.1																414.3	1315.7	557.9	1335.1	855.9	1390.3	768.4	1323	517.8	1296.4	4	382	1184	1830	72.0008	1	through	280.994
												AA	1		ROCHESTER		753.3	1551.2	3079.8	130.7	342.3	271.9	281.146	281.109	281.219	0.11																740	1538.8	752.8	1552.2	747.5	1582.9	735.7	1602.6	704.6	1656.3	4	727	1508	2570	5.16175	1	Rochester	281.1649
												EH	1		SPENT		711.7	1527.7	2946.6	80.4	139.2	590.2	281.789	281.749	281.869	0.12																667.1	1179.5	711.2	1535.8	685.4	1577.5	644.2	1491.3	587.7	1524.3	6	714	1529	3033	2.44213	1	spent	281.7888
												EY	1		DAY		464.1	2118.3	2983.9	40.4	104.7	355.3	282.683	282.659	282.809	0.15																462.5	2145.4	447.4	2222.2	430.3	2299	415.2	2321.2	378.5	2257.1	4	461	2121	2909	22.0003	1	day	282.6906
												IH	1		TRIPS		528.3	1593.1	2308.9	68	117.3	209	282.959	282.939	282.999	0.06																556	1738.5	560.5	1722	545.4	1683.2	524.5	1668.4	507.3	1695.4	5	549	1662	2434	1.1118	1	trips	282.9555
												EH	1		THERE		526.5	1780.5	2445	67.3	103.6	198.4	283.252	283.218	283.319	0.101																526.6	1770.4	526.4	1781.6	525.2	1793.2	530.3	1783.4	522	1744.8	5	536	1799	2536	24.6003	1	there	283.2433
												OW	1		GO		473.5	1255.7	2510.3	50.8	191.9	371.3	283.52	283.498	283.588	0.09																470.1	1246.6	476.5	1280.7	479.3	1297.8	473.6	1306.2	465.4	1369	6	477	1289	2546	62.0006	1	go	283.5281
												AA	1		CONCERTS		734.8	1445.6	2149.5	99.8	153	1091.7	283.906	283.869	283.979	0.11																737.9	1485.1	734.2	1443.9	735.6	1429.5	762	1394.1	764.8	1462.7	6	772	1517	2797	5.44204	1	concerts	283.9042
												AH	1		STUFF		623.7	1452.7	2290.7	102.5	157.9	1428.2	284.452	284.399	284.558	0.159																565.2	1450.4	631.2	1447.7	642.7	1385.8	625.8	1349.4	609.1	1295.4	6	658	1466	3126	6.3213	1	stuff	284.4755
												AA	1		ROCK		806.3	1293.7	2441.1	66.8	244	1135.1	287.926	287.876	288.025	0.149																708.7	1266	814.6	1298.5	851.1	1331.1	826	1296.1	799.7	1335.2	6	864	1410	2876	5.1617	1	rock	287.9455
												AA	1		CONCERTS		769.9	1422.3	2123.3	145.9	162.8	1767.9	288.223	288.186	288.296	0.11																751.5	1404.2	771.1	1422.8	783.3	1437.4	751.1	1319.1	729.5	1408.5	6	783	1453	3062	5.44204	1	concerts	288.2105
												AO	1		GONE		696.3	1294.4	2536.9	86.4	111.7	1249.5	289.182	289.148	289.249	0.101																609.5	1293.8	700.3	1294.1	732.8	1271.9	731.3	1266.1	725.1	1312.3	5	738	1280	2984	53.4426	1	gone	289.1977
												AW	1		OUT		782.6	1367.7	2870	86.5	192.1	683.5	289.318	289.299	289.419	0.12																792.5	1372.7	803.4	1373.8	768.5	1368.8	682.4	1330.4	620.5	1316.7	5	823	1446	2887	42.141	1	out	289.3259
												IY	1		SEE		417.5	2061	3159	162.3	132.5	790.9	289.872	289.808	289.999	0.191																427.9	2043.5	422.8	2070.8	426	2098.2	428.8	2133.7	487.4	2033.7	4	410	2024	2858	12.0003	1	see	289.8672
												AA	1		ROLLINS		801.6	1260.8	1864.9	88.7	127	1485.6	290.849	290.806	290.936	0.13																794	1286.8	803.3	1260.4	810.3	1240.7	784.8	1168.8	774	1161.7	6	843	1303	2994	5.54271	1	Rollins	290.8572
												AH	1		DOES		571.8	1580.3	2472.3	58.7	140.7	201.1	291.67	291.643	291.723	0.08																534	1640.9	574.3	1575.4	592.7	1533	572.7	1511.8	520.2	1493.9	6	605	1586	2922	6.3423	1	does	291.6849
												OW	1		SPOKEN		519.8	1074	2432.7	50.9	206.5	272.7	292.036	292.022	292.142	0.12																535.7	1081.2	533.9	1069.2	506.5	995.7	496.9	918.9	534	1224.1	5	562	1190	2866	62.16111	1	spoken	292.0467
												AY	1		SOMETIMES		721	1610.1	2675	102.4	142.5	663.8	292.778	292.723	292.843	0.12								m								629.2	1574.2	697.5	1569.3	718.8	1626	681.6	1648.9	618.3	1634.2	6	708	1649	3212	41.4123	1	(some)times	292.7817
												EY	1		DAY		488.4	2040.4	2839.5	137.6	158.4	542.8	296.331	296.293	296.423	0.13																475.3	2044.4	481.2	2042.1	451	2086.7	447.1	2091.2	619.4	1999.6	5	471	2026	2713	22.0003	1	day	296.3245
												AH	1		BUFFALO		634.2	1143.3	2626	62.8	117.1	158.8	299.458	299.435	299.504	0.069																615.7	1137.1	634.9	1143.2	635.6	1134.6	621.4	1110.4	612.3	1079.5	5	671	1190	2745	6.32112	1	Buffalo	299.4584
												OW	1		SO		554.7	1391.6	2390.9	59.7	147.5	1165.4	299.915	299.875	300.035	0.16																534.3	1402.8	585.8	1349.4	590.3	1322.4	593.7	1257.4	557.5	1142.5	6	605	1391	2699	62.0003	1	so	299.9313
												AW	1		OUT		662.8	1553.2	2427.5	50.3	275.7	330.6	301.483	301.471	301.541	0.07																667.2	1546.1	678.8	1514.6	666.6	1496.7	640.5	1502.1	583.4	1517.8	5	710	1670	2814	42.141	1	out	301.4968
												AH	1		MUCH		622.7	1300.7	2493.1	125.6	139.9	582.6	301.888	301.861	301.941	0.08																636.6	1213.3	619.9	1309.9	554	1414.4	452.3	1456.6	375.9	1461.7	6	689	1237	2902	6.16123	1	much	301.8757
												AA	1		POSSIBLE		713.4	1330.7	3046.7	140.5	202.6	105.8	302.168	302.131	302.241	0.11																688.5	1302.5	715.2	1331.9	738	1363.2	739.4	1375.9	709.9	1396.2	4	732	1356	3103	5.34212	1	possible	302.1934
												AW	1		OUT		659.2	1461.4	1866.8	65.7	118	2014.8	303.09	303.061	303.201	0.14																656.2	1463.6	700	1409.7	700.9	1386.2	667.4	1329.3	596.2	1266.7	6	719	1427	3026	42.141	1	out	303.1193
												EH	1		THERE		557	1664.4	2544.6	89	151.7	461.8	303.338	303.321	303.371	0.05																551.3	1656.1	557	1664.4	565.3	1680.4	565.9	1691.6	575.2	1700.1	5	586	1794	2758	24.6003	1	there	303.3586
												EY	1		DANA		487.9	2250.4	2981.5	66.9	72.4	292	305.426	305.361	305.492	0.131																496.6	2362.5	486.8	2326	467.8	2345.3	479.5	2388.4	535	2470.6	4	472	2157	2835	21.44231	1	Dana	305.4042
												IY	1		SHE'S		347.1	2557.8	3685.5	276	179.8	1479.5	305.848	305.802	305.941	0.139																352.3	2572.7	345.9	2541.1	349.1	2397	353.2	2403	353.9	2418.8	3	345	2180	2759	12.0025	1	she's	305.8658
												IH	1		SIX		503.7	1934.1	3505.4	84	177.2	553.4	308.171	308.135	308.244	0.109																483	1980.8	505.4	1930.7	494.5	1959	469.9	2082.8	457.3	2091.8	4	511	1908	3573	1.16133	1	six	308.1763
												AO	1		FOUR		492.8	782.3	2083.4	89.9	318.1	613.4	309.015	308.955	309.134	0.179																486.6	843.7	493.1	787.7	503.5	837.5	524	940.6	546.8	1074.5	6	524	869	2374	64.6001	1	four	309.0281
												AY	1		I		785.3	1747.5	2787.4	59.7	141.9	720.6	319.818	319.779	319.919	0.14								m								770.8	1725.7	773	1766.8	710.9	1748.4	652.2	1711.8	537.2	1633.7	5	783	1744	3079	41.0006	1	I	319.8173
												AH	1		LOVE		659.6	1269.5	2535.2	37	148.8	269.1	320.046	320.019	320.099	0.08																662	1272.6	658.7	1268.4	641.4	1248.6	614.1	1222.7	579.3	1194.5	6	686	1405	2879	6.3227	1	love	320.0339
												AH	1		SUCH		557.6	1543.6	2608.1	56.4	130.8	205.6	321.323	321.303	321.363	0.06																555.2	1544.4	556.6	1545.2	541.9	1570.2	532.6	1587.2	574.2	1648.5	6	571	1599	2755	6.16133	1	such	321.3187
												EY	1		CASE		523.4	2185.4	2721.5	211	184.7	323.9	321.625	321.613	321.743	0.13																520.3	2222.2	509.1	2241.5	517.7	2271.9	506.3	2278.9	447.1	2223.5	5	533	2233	2744	21.342	1	case	321.6421
												AH	1		LOVE		594	1180	2221.8	57.4	185.5	208.4	322.165	322.132	322.232	0.1																589.1	1145.4	594.9	1183.9	603.8	1238.9	589.6	1299.1	560.3	1342	6	615	1339	2383	6.3227	1	love	322.1863
												IY	1		DEALING		452.9	1919	2671.3	220	181.2	596.2	322.349	322.332	322.382	0.05																457.2	1923.2	452.9	1919	469.7	1925.2	492.8	1804.8	493.1	1659.8	6	459	1931	2705	11.5423	1	dealing	322.3515
												AO	1		ALBANY		672.3	985.6	2057.3	154.3	286.7	635.7	327.13	327.093	327.203	0.11																640.5	1133.5	676	976.1	672.3	906.5	678.7	947.4	688.3	999.1	6	725	1030	2473	53.54205	1	Albany	327.1763
												AY	1		TIMES		765.5	1482.8	2631	75.8	197.2	539.2	328.168	328.093	328.303	0.21								s								733.8	1583.7	764.6	1479.2	752.4	1488.8	732.8	1677	690	1764.5	6	768	1500	2743	41.4123	1	times	328.1777
												IH	1		KID		512.5	2029.2	2666.4	68.7	118	260.5	329.201	329.161	329.281	0.12																475.6	2062.1	517.7	2025.5	547.4	1982.7	543.8	1967.3	529.8	1931.5	5	546	1993	2659	1.1426	1	kid	329.2162
												OW	1		GOING		558.3	897.1	2052.6	207.2	218.4	701.1	329.453	329.431	329.531	0.1																557.9	905.7	572.6	897.1	580.8	906.2	567.2	906.9	551.3	895.9	6	630	916	2542	62.4426	1	going	329.4726
												AE	1		FAMILY		613.4	1998.3	2720.4	85.1	127.9	284.2	329.898	329.861	329.971	0.11																594	1978.9	613.3	1998.6	608.4	1980.5	633.7	1840.3	660.4	1624.4	5	615	2002	2705	3.41212	1	family	329.8942
												OW	1		GOING		554.9	1163.1	2527.7	126.9	310.5	704.8	330.183	330.161	330.25	0.089																548.8	1185.4	580.5	1124.2	630.2	1097.5	647.3	1152.8	667.6	1215.2	5	622	1079	2330	62.4426	1	going	330.2133
												EH	1		THERE		570.9	1742.8	2458.5	53.7	113.7	176.4	332.407	332.301	332.62	0.319																559.5	1708.8	571.8	1737.7	545.4	1745.7	523.9	1767.6	510.1	1680.8	6	553	1742	2622	24.6003	1	there	332.3444
												UW	1		DO		408.6	1755.4	2407	117.4	117.4	408.1	334.387	334.38	334.44	0.06																408.6	1755.4	427.1	1666.2	460.3	1595.9	489.2	1531.2	509	1512	5	435	1651	2327	73.0003	1	do	334.4028
												AO	1		SMALL		696.4	904.6	2055.3	103.3	106.2	627.4	337.163	337.116	337.256	0.14																675.7	915	697.6	904	693.2	906.4	688.5	924.2	675.3	948.4	6	752	923	2404	53.542	1	small	337.1777
												AW	1		AMOUNT		839	1336.3	2596.4	42.2	153.3	778.1	337.421	337.396	337.495	0.099																841.8	1307	840.1	1264.9	833.5	1246.3	820.9	1239.9	799.2	1277.8	5	835	1255	2325	42.44223	1	(a)mount	337.4227
												AE	1		FAMILY		590.1	2036.8	2703.6	89	240.5	516.4	337.739	337.706	337.806	0.1																582.4	2011.4	592.1	2037.7	625.8	1987.5	644.9	1834.5	639.8	1733.6	5	582	2074	2715	3.41212	1	family	337.739
												AW	1		OUT		697.1	1560.1	2092.4	62.7	149.5	1638.3	338.36	338.335	338.486	0.151																713	1562.9	729.1	1487.8	695.7	1319.1	614	1178.4	570.1	1142.4	6	729	1491	2260	42.141	1	out	338.3859
												AA	1		NOT		731.8	1626.2	2553.7	86.1	99.2	833.9	340.315	340.288	340.368	0.08																691	1651.1	734.1	1623.6	756.4	1602.3	772.7	1579	778.2	1543.3	5	788	1565	3156	5.1414	1	not	340.3471
												AY	1		TIME		818.4	1584.3	2449.3	107.1	122.5	431.7	340.748	340.699	340.808	0.109								m								729.5	1346.5	783.5	1508.7	816.7	1593.5	805.3	1644.8	778.4	1638.2	6	813	1589	2602	41.4123	1	time	340.7528
												AE	1		TRAVELED		583.6	1753.5	2728.9	67	381.9	535.3	344.083	344.056	344.136	0.08																575.3	1796	583.9	1754.2	579.4	1757.1	573.7	1752.5	568	1706.9	4	575	1715	2704	3.32281	1	traveled	344.1044
												AA	1		ON		600.8	1606.6	2941.5	50.2	233.9	310.8	345.791	345.774	345.824	0.05																585.8	1603.7	600.8	1606.6	625.8	1617.9	649.6	1628.7	673.9	1630.5	5	747	1560	2866	5.442	1	on	345.8343
												AW	1		DOWN		754.7	1621.1	2937.3	154.4	176.9	469.5	346.222	346.194	346.304	0.11																728.8	1653.9	783.8	1510.9	790.7	1358.2	782.6	1296.4	741.3	1258.8	4	743	1455	2199	42.4423	1	down	346.2286
												EY	1		BREAK		561.7	1716.5	2384.2	73.6	180.8	338.1	346.856	346.844	346.923	0.079																559.7	1743.6	542.1	1856.2	515.4	1931.4	499.8	1882.3	517.5	1946.3	5	553	1745	2491	21.1618	1	break	346.8634
												AO	1		NORTH		527.4	1048.8	2300.3	131.9	142.2	415.6	350.796	350.766	350.856	0.09																500.9	1168.6	529.2	1042	546.1	988.7	548.7	1005.4	539.6	1077.5	6	551	979	2425	54.6004	1	north	350.8098
												AY	1		CAROLINA		739.8	1361.6	2859.3	83.1	159.1	1223.9	351.285	351.236	351.376	0.14								s								727.1	1249.9	739.8	1361.6	733.9	1429.7	726.5	1525.6	680.7	1595.4	5	764	1433	2782	41.44271	1	(Caro)lina	351.293
												AY	1		TIME		718.9	1522.6	2684.2	88.7	118.8	600.5	353.195	353.105	353.286	0.181								s								630.4	1602.3	714.1	1578.4	719	1523.2	721.5	1573.4	687.1	1661.2	5	731	1559	2726	41.4123	1	time	353.2075
												AW	1		ABOUT		648.8	1141.8	1795.7	98.8	284.6	625.4	359.283	359.259	359.369	0.11																651	1151.2	650.3	1134.5	654.8	1164.2	630.5	1169.2	575.5	1358.6	6	724	1395	2611	42.1411	1	(a)bout	359.301
												IY	1		THREE		348.5	2266.9	2647.1	241.1	386.1	961.2	359.769	359.749	359.809	0.06																355.1	2201	348.1	2268.7	357.4	2252.1	355.3	2243.2	575.1	2311.1	4	349	2117	2549	12.0008	1	three	359.7796
												EY	1		GAME		626.5	2069.3	2698.7	160.1	263.7	178.6	362.318	362.287	362.398	0.111																622.1	2062.6	613.8	2078	592.3	2088.4	614.2	2067.8	616.5	2062.8	6	565	2099	2703	21.4126	1	game	362.2845
												AW	1		DOWN		675.9	1412.2	2564.4	43.9	168.8	321.5	363.952	363.919	364.049	0.13																656.4	1428.8	711	1374.2	726.6	1324.2	730.6	1294.7	715.9	1290.6	5	748	1374	2950	42.4423	1	down	363.9802
												EH	1		THERE		641.9	1814.3	2687.4	126.7	139.6	334.4	364.199	364.149	364.299	0.15																644.7	1816.7	641.7	1814.1	633.9	1825.4	634.9	1816	621.3	1827.3	4	633	1775	2609	24.6003	1	there	364.1808
												AH	1		BUDDIES		612.1	1181.9	2522.6	39.2	79.2	127	365.905	365.878	365.958	0.08																599.5	1108.3	612.7	1188.9	613.8	1286.2	600.7	1402.1	549	1486.1	5	631	1203	2611	6.14211	1	buddies	365.905
												AW	1		DOWN		579.5	1603.8	2682.3	34.5	112.5	162.9	367.601	367.563	367.713	0.15																550	1628.3	650.3	1550.2	763.3	1483.1	774.4	1405.6	755.4	1390	5	802	1454	3035	42.4423	1	down	367.6645
												EY	1		MAYBE		526.3	1951.3	2691.2	119.1	248.3	204.9	368.515	368.503	368.563	0.06																526.3	1951.3	521.7	1972.2	505.5	1980.6	488.4	1970.4	466.4	1908.2	5	537	1979	2737	21.1122	1	maybe	368.5113
												EH	2		WEEKEND		580.8	1867.5	2603.5	42.7	125.1	173.3	369.22	369.203	369.253	0.05																564.6	1876.1	580.8	1867.5	613.9	1855	638.7	1845.8	646.9	1832	5	665	1860	2739	2.44203	1	(week)end	369.2406
												IH	2		HIM		626.6	1680.8	2593.1	71.7	132.1	651.1	369.55	369.513	369.623	0.11																622.5	1709.7	627.3	1679.5	638.2	1656.3	663.9	1628.8	665.2	1617.7	5	706	1675	3020	1.412	1	him	369.5916
												IY	1		CEDAR		372.8	2038.1	2987.1	138.6	117.6	671.9	383.167	383.143	383.214	0.071																460.4	2130.2	374.2	2035.1	378.3	2031.2	374.3	2049.1	375.4	2031.2	4	377	1997	2681	11.14231	1	cedar	383.1825
												OY	1		POINT		642.3	873.5	2177.9	151.4	177.6	678	383.493	383.443	383.594	0.151																602.9	914.1	642.6	882.8	630.2	1083.5	611.2	1428.4	612.8	1727.7	6	700	857	2404	61.44213	1	point	383.4924
												AA	1		PARK		621.4	1384.7	2032.5	84.4	211.1	251.5	386.226	386.209	386.26	0.051																624.4	1381.7	621.2	1386.6	620.9	1405.3	620.8	1421.8	624	1426.5	5	613	1400	1919	44.6001	1	park	386.2457
												EH	2		WEEKEND		609.3	1768.8	2680	83.1	205.7	408.8	389.016	388.999	389.05	0.051																582.3	1799.1	615.5	1762	652.2	1719.3	673.8	1680.3	673.3	1664	5	692	1687	2598	2.44203	1	(week)end	389.032
												EH	1		CONNECTICUT		713	1741.1	2484.9	51.3	197.3	278.6	394.848	394.818	394.908	0.09																707.8	1741.5	710.7	1740.9	675.6	1739	621.9	1721.3	569.6	1647.3	5	728	1751	2485	2.16145	1	(Con)necticut	394.8406
												AA	1		LOT		731.6	1407.7	2776.6	61.8	127.5	190.9	395.321	395.267	395.428	0.161																732.3	1383.4	732.1	1411.6	735.2	1441.9	706.8	1443	656.7	1472.8	5	753	1456	2757	5.1417	1	lot	395.3352
												AE	1		FAMILY		590.3	2181.4	2805.7	165.5	226.1	258.9	397.356	397.316	397.436	0.12																551.3	2120.1	594.8	2186	623.2	2181.1	627	2175.1	636.6	1935.7	4	608	2047	2679	3.41212	1	family	397.3682
												UW	1		TOO		523.2	1546.1	2577.1	132.9	348.6	148.2	398.113	398.106	398.286	0.18																513.8	1620.6	531.3	1552.1	522.5	1367.1	518.5	1252.2	508.1	1122.3	5	533	1582	2538	73.0003	1	too	398.1568
												OW	1		SO		582	1371.8	2486.4	37.1	96.6	335.4	398.939	398.884	399.104	0.22																575.2	1366.7	602.5	1336.2	629.4	1266.7	635.4	1178.4	660	1082.6	5	586	1384	2541	62.0003	1	so	398.942
												EY	1		SAY		515.2	2015.7	3999	339.2	229	1240	400.178	400.104	400.503	0.399																514.9	2018	511.4	2343.2	472.1	2489	458.9	2439.8	444.8	2638.1	3	516	1865	2642	22.0003	1	say	400.1762
												AA	1		PROBABLY		613.1	1393	2650	48.7	477.8	485.9	402.981	402.958	403.028	0.07																602.9	1426.7	614.2	1386.9	619.3	1318.3	614.7	1295.6	594.6	1291.2	5	638	1447	2620	5.11282	1	probably	402.9978
												AO	1		FOUR		533	916.3	2620.8	81.1	121.1	154.5	404.153	404.126	404.206	0.08																549.4	904.5	532.7	920.2	531.8	976.3	538.2	1067.2	532.7	1161.4	5	530	964	2526	64.6001	1	four	404.1659
												AA	1		LOT		807.1	1464.8	2733.5	59.4	141.6	285	413.442	413.422	413.482	0.06																807.8	1433.9	806.2	1468.2	791	1498.3	767.7	1520.2	744.4	1536.9	5	821	1464	2695	5.1417	1	lot	413.44
												IY	1		PEOPLE		398.6	2651.2	3967.8	206.2	146	1633	413.645	413.602	413.732	0.13																543.2	2630.8	398.8	2649.1	410.5	2590.1	431.1	2494.8	481.3	2546.2	3	384	1957	2753	11.11111	1	people	413.6337
												AE	1		CHANCE		562.5	2040.2	2643.6	178.7	173.2	439.8	418.448	418.418	418.508	0.09																561.9	2033.7	563.4	2039.9	565.2	2027.7	578.2	1949.4	603	1853.5	5	565	2045	2656	3.44253	1	chance	418.4497
												AY	1		I		669.9	1636.1	2577.5	93.2	123.8	361.8	420.126	420.085	420.175	0.09								m								642.9	1562.5	666.2	1612.3	669.2	1639.7	662.3	1629	643.5	1607.6	5	673	1667	2654	41.0006	1	I	420.134
												AY	1		LIKE		612.6	1410.7	2543.7	53.1	141.2	410.8	420.253	420.255	420.325	0.07																593	1618.2	566.1	1716.9	536.4	1777.4	511.5	1805.2	584.1	1855.8	5	634	1606	2728	47.1617	1	like	420.2617
												AO	1		CALL		686.3	1034.4	2027.5	68	148.3	494.9	420.558	420.515	420.644	0.129																692	1060.2	684.1	1041.5	667.1	1083.9	648.1	1077.5	653.8	1066.7	6	719	1072	2248	53.542	1	call	420.5534
												AE	1		CHANCE		550.5	2050.2	2858.1	121.5	273.9	666.9	423.922	423.902	423.962	0.06																533.9	2055.6	553.4	2049.2	580	2049.9	611.6	2032.5	617.4	2008.4	5	534	2028	2635	3.44253	1	chance	423.9095
												IH	1		BIG		479	1807	2567.1	63.5	200.9	487.6	428.883	428.853	428.943	0.09																468.1	1677.3	479.9	1816.9	476.5	1837.3	451.4	1459.5	436.2	1570.7	6	469	1970	2653	1.1621	1	big	428.9055
												IY	1		PEOPLE		449.1	2309	2941.6	134.4	237	395.8	432.366	432.336	432.426	0.09																445.2	2251.7	449.3	2315.8	456.8	2392	472	2224.5	498.9	2023.5	4	451	2177	2669	11.11111	1	people	432.3642
												IY	1		DEAL		422.6	2054.9	2801.7	153.5	401.5	368.6	432.616	432.586	432.676	0.09																365.1	1912.8	425.3	2062.2	438.3	2052.4	443.5	2001.3	450.9	1781.7	5	433	2011	2751	11.5423	1	deal	432.6309
												EH	1		STRESS		595.6	1551.8	2400.1	40.2	150.6	246.8	433.366	433.336	433.425	0.089																557.4	1539.2	599.8	1554.9	652.2	1573.7	659.7	1560.9	631.2	1551.2	5	681	1634	2602	2.3418	1	stress	433.3865
												AA	1		FAR		668.2	1269.1	2209.6	99.2	137.4	169.6	433.709	433.685	433.756	0.071																638.5	1196.2	670.2	1277.1	675.6	1344	659	1415.5	630.3	1465.5	5	676	1286	2174	44.6001	1	far	433.7147
												EH	2		ECONOMICS		794.1	1740.9	2995.9	84.9	236.3	416.9	434.009	433.986	434.056	0.07																801.7	1738.3	792.4	1742.3	775.6	1756.2	751.2	1748	919	1990.5	4	795	1674	2668	2.16102	1	economics	434.0064
												AA	1		ECONOMICS		852.1	1581.5	2664	136.2	164.8	1947.4	434.283	434.236	434.376	0.14																824.3	1632.6	852.2	1573.4	860	1531.1	850.2	1487.9	829.7	1409.5	5	876	1524	3165	5.41241	1	(eco)nomics	434.3141
												EH	1		AREA		559.5	1806.7	2512.1	69.8	116.8	217	434.893	434.866	434.946	0.08																551.4	1815.3	559.9	1805	569.5	1763.7	568	1703.4	557	1646.8	5	544	2044	2773	24.60001	1	area	434.844
												OW	1		GO		571	1242.5	2320.9	62.3	156.6	437.1	438.377	438.352	438.472	0.12																568.7	1246.4	589.9	1183.8	590.7	1118.1	599.3	1010.8	618	1020.9	6	599	1172	2437	62.0006	1	go	438.3984
												AH	1		HUNTING		680.9	1223.5	2354.9	140.9	136	815.6	444.811	444.794	444.844	0.05																683.9	1201.7	680.9	1223.5	677.2	1269.7	662.1	1304.9	645.4	1327.1	6	662	1225	1947	6.44203	1	hunting	444.8132
												AE	1		CAMP		593.7	2033.1	2716.9	120.2	146	225.8	445.121	445.084	445.194	0.11																581.3	2061	595.7	2031.5	627.7	2008.6	644.1	1925.9	663.4	1785.8	5	620	2026	2723	3.41203	1	camp	445.13
												AH	1		UP		615.3	1134	2817.9	76.2	172.1	559	445.314	445.294	445.354	0.06																601.5	1111	616.9	1138.4	618.3	1158.1	601.6	1172	622.2	1275.4	5	619	1108	2654	6.111	1	up	445.3181
												AH	1		UP		692.3	1319.7	2304	93.4	210.8	1337.1	446.847	446.807	446.927	0.12																647.6	1297.8	696.3	1314.9	714.9	1270.8	691.9	1241.1	633.6	1195.4	6	714	1246	2290	6.111	1	up	446.8668
												EY	1		LAKES		568.9	2081.1	2808.6	191.1	303.4	557.4	447.378	447.307	447.457	0.15																559	1895.9	555.1	2028.2	566.6	2105.2	561.1	2280	716.2	2332.1	4	552	1826	2681	21.1617	1	lakes	447.3409
												EH	1		EVERYTHING		701.1	1626.1	2486.6	159.4	213.1	460.7	447.687	447.667	447.726	0.059																709.2	1649.4	698.5	1623	673.5	1601.3	630	1570.2	562.3	1494.8	6	705	1617	2495	2.32202	1	everything	447.6862
												EH	1		BEAR		544	2010.4	2486.2	86.9	103.7	640.4	458.04	457.983	458.154	0.171																548.8	2008.4	541.7	2011.5	543.9	1997.3	563	1829.8	558.9	1698.7	5	551	2001	2468	24.6001	1	bear	458.0315
												IH	1		DEER		450.8	2603.4	3666.5	371.7	283.2	766.7	458.723	458.653	458.863	0.21																358	2607	457.3	2583.2	567.6	2225.4	558.8	2007.3	560.8	1930.1	3	383	2109	2852	14.6003	1	deer	458.7004
												AW	2		WATERFOWL		731.3	1150	2828.1	65.4	90.5	774.1	460.332	460.315	460.435	0.12																742.5	1153.6	744	1139.2	734.9	1143	719.8	1129.8	697.5	1106.9	5	748	1146	2837	42.5421	1	(water)fowl	460.3471
												ER	1		TURKEY		475.2	1649.3	2807.9	99.2	108.7	800.7	461.462	461.422	461.542	0.12																767.1	1911	474.2	1646.4	473.1	1666.2	491.3	1712.9	496.1	1792.5	4	455	1486	1725	94.60031	1	turkey	461.4833
												UW	1		DO		435.8	1698	2461.3	134.1	287.7	240.2	462.208	462.201	462.331	0.13																455.4	1536.9	467.6	1417.4	483.1	1188.4	487.4	1080.8	504.7	1060	6	424	1616	2441	73.0003	1	do	462.2138
												AW	1		AROUND		691.6	1339.4	2082.5	106.3	133.4	935.6	462.432	462.402	462.521	0.119																668.1	1349.1	730	1328.3	757.2	1327.7	748.3	1316.9	700.3	1303.5	6	766	1334	2293	42.44273	1	(a)round	462.4691
												IH	1		DIDN'T		517.5	1838.5	2932.6	27.3	274.1	551.2	467.455	467.438	467.488	0.05																512.8	1840.1	517.5	1838.5	527.9	1845.2	537.8	1857.9	547	1873.3	4	548	1849	2551	1.14233	1	didn't	467.4787
												AO	1		STORY		600.5	1348.5	2636.9	168.7	711.6	500.9	469.692	469.649	469.779	0.13																567.5	1496.5	600	1339.6	593.5	1278.9	586.6	1422.8	590.1	1707.7	4	579	1176	2639	64.60031	1	story	469.7124
												IH	1		DIDN'T		439.6	1739.9	2673.6	99.4	367.6	243.2	470.293	470.27	470.339	0.069																431.3	1810	442.7	1740.8	464.5	1730	469.5	1735.5	476.8	1728.7	5	471	1737	2541	1.14233	1	didn't	470.3175
												AE	1		ACTUALLY		625.5	2045	2770	116.5	151.6	510.4	470.453	470.42	470.52	0.1																621.4	2035.4	625	2043.5	607.6	2030.7	582.8	2015.7	573.1	2035	4	614	1997	2601	3.16105	1	actually	470.4406
												AE	1		BAG		628	1886.6	2682.1	68.2	167	291.1	470.967	470.89	471.12	0.23																583.2	1949.2	636.7	1885.2	682.6	1914.3	679.4	1936.1	627.3	2043	4	642	1843	2636	3.1621	1	bag	470.9739
												AA	1		ODD		858	1390	3338.9	71.1	225.4	390.3	473.686	473.606	473.846	0.24																851.3	1465.4	858	1376.7	869.3	1388.4	852.1	1486.5	715	1638.2	4	862	1380	3057	5.142	1	odd	473.7317
												IY	1		MEETING		435.6	2280.1	2906.3	124.1	177.3	386.3	474.049	474.006	474.136	0.13																436.7	2285.1	435.7	2278.7	433.3	2263.5	430.9	2200.9	430.2	2174	4	435	2241	2820	11.1412	1	meeting	474.052
												AO	1		MORNING		599.4	825.2	2199	108	286	828.8	475.676	475.646	475.736	0.09																578.8	814.1	601.3	829.1	627.3	883.2	645.5	970.9	616.2	1064.3	6	618	902	2255	54.6002	1	morning	475.6919
												AH	1		HUNT		657.6	1107.8	2247.3	275.1	224.6	407.2	476.009	475.966	476.096	0.13																675.4	1134.4	657.1	1110.5	682.1	1167.2	714.7	1309.4	648.4	1429.5	6	635	1113	2174	6.44203	1	hunt	476.0178
												EH	1		SET		591.8	1567.4	3069.2	40.9	183.3	746.9	478.698	478.675	478.745	0.07																564.4	1576	594.1	1568.8	601.3	1586.8	592.3	1586	572.4	1573.9	4	607	1559	2641	2.1413	1	set	478.7049
												AH	1		UP		677.9	1439.6	2772.7	81.7	188.6	251.7	478.805	478.775	478.865	0.09																637.5	1478	682.7	1432	705.3	1393.1	702.6	1344.7	658.2	1268.6	4	696	1345	2705	6.111	1	up	478.8189
												AO	1		FOUR		487.6	757.8	2629.3	115.4	188.8	392.3	479.231	479.194	479.304	0.11																497.6	776.8	486.9	762.9	495.8	844.9	512.8	923.4	542.9	1031.2	5	495	840	2499	64.6001	1	four	479.2485
												AH	1		HUNTERS		741.4	1172.4	2094.5	121.4	99.2	441.8	479.488	479.465	479.535	0.07																742.8	1156.3	741.1	1178.5	729.5	1230.1	708.6	1265.8	672.5	1327.8	6	737	1160	2060	6.44204	1	hunters	479.4879
												AH	1		HUNDRED		723	1366.4	2824.9	84.5	130.8	356.2	480.228	480.205	480.275	0.07																760	1319.1	719.4	1372.3	658.1	1441	588.5	1524.2	484	1632.1	5	778	1271	2981	6.44203	1	hundred	480.2138
												IH	1		FIFTY		476.8	1757.3	2545.5	38.9	316.1	113.4	480.522	480.495	480.575	0.08																445.7	1737.4	477.8	1759	497.8	1769	518.6	1764.9	514.6	1732.3	6	499	1749	2592	1.32114	1	fifty	480.542
												AA	1		APART		647.3	1118.5	2542	50.2	86.9	135.1	481.172	481.135	481.245	0.11																633.2	1092.2	648.3	1120.9	666.6	1186.9	665.3	1280.5	651.2	1394.1	5	658	1146	2463	44.6001	1	(a)part	481.1847
												EH	1		THEN		737.2	1734.9	3009.2	54.9	81.4	542.1	481.95	481.923	482.003	0.08																731.7	1713.8	737.5	1736.4	742.4	1743	743.4	1735.4	736.1	1718.7	4	737	1721	2786	2.4423	1	then	481.9517
												AW	1		ABOUT		677.9	1217.7	2663.8	39.1	75.2	351.6	482.155	482.133	482.223	0.09																666.5	1209.9	691.4	1237.4	694	1253.9	696.6	1262.5	689.4	1277.7	5	698	1258	2807	42.1411	1	(a)bout	482.175
												AY	1		MILE		774.5	1265.9	2138.3	50.1	70.8	2354	482.409	482.393	482.493	0.1								s								772.4	1211.4	774.4	1281.6	774.1	1324.9	776.5	1374.3	771.3	1351.6	6	778	1266	2787	41.5422	1	mile	482.4223
												AE	1		HALF		766	1816.5	2947.1	47.4	135.2	278.7	482.763	482.733	482.823	0.09																765.8	1844.9	765.9	1813.6	766.5	1780.3	766.5	1733.9	725.5	1635	4	765	1814	2811	3.321	1	half	482.7505
												EH	1		SEVEN		632.6	1626	2870.3	31.4	254.8	1171.4	484.774	484.747	484.827	0.08																602.7	1595.1	630.8	1590.4	658.5	1253.3	667.6	942.9	654.4	1028.7	6	678	1618	3201	2.32231	1	seven	484.7973
												UH	1		PUSHED		462.1	1168.2	2553	108.8	71.6	157.9	485.633	485.616	485.667	0.051																463.2	1135.5	462.1	1175.8	463.7	1219.6	473.2	1288.9	482.2	1350.8	6	465	1224	2541	7.3421	1	pushed	485.6406
												AO	1		ALL		708.3	1340.7	2628.6	60.3	241.7	211.1	486.074	486.057	486.107	0.05																699.7	1395	708.3	1340.7	718.3	1257.2	719.7	1221.4	721.1	1223	6	721	1163	3096	53.542	1	all	486.1112
												AO	1		SORTA		519.1	1096.3	2235.8	52.3	278.2	686.3	487.724	487.704	487.764	0.06																489.2	1162.4	522	1100.5	536.1	1138.6	531.7	1176.3	521.4	1231	6	541	1139	2220	54.60031	1	sorta	487.7352
												UH	1		PUSH		497.5	1184.4	2648.4	108.5	109.8	111.5	488.004	487.984	488.044	0.06																491.3	1102.5	498.7	1195.7	510.6	1302.1	517.3	1425.5	503.3	1519.3	5	484	1130	2660	7.3511	1	push	487.9995
												AE	1		ANIMALS		619.2	2023.6	2725.9	143.2	155.2	190.3	488.213	488.173	488.293	0.12																538.6	2028.8	627.2	2018.8	661.2	1959.2	700.6	1860.1	718.3	1750	6	650	1946	2728	3.44202	1	animals	488.2388
												EY	1		MAY		565.2	1893.9	2508.1	121.7	221.6	442.3	490.834	490.822	490.902	0.08																565	1915.6	563.5	1948	555.6	1963.2	539.5	1975.8	537.8	1946.8	5	561	1859	2365	22.0002	1	may	490.8337
												IY	1		AGREE		402.3	1939	2643.2	166.7	191.9	162.8	491.298	491.261	491.371	0.11																381.4	1877.5	405.1	1941.2	423.7	1936.8	447.9	1856.1	485.3	1646.6	5	436	1949	2634	12.0008	1	(a)gree	491.3032
												AE	1		ANIMAL		627.1	2022.3	2818	98.5	200.3	472.7	495.507	495.477	495.567	0.09																617.2	2064.3	629.9	2014.5	661	1967.3	693.2	1901.5	714.4	1783.3	5	622	2047	2902	3.44202	1	animal	495.5049
												AO	1		MORNING		597	779	2033.9	32.8	524	688.5	497.156	497.113	497.242	0.129																569.2	693.8	597.2	788.4	628.5	796.6	646.5	820	657	962.1	6	725	820	2457	54.6002	1	morning	497.2007
												EY	1		THEY		544.5	1938.7	2643.1	37.8	189.5	225.8	497.514	497.502	497.632	0.13																535.5	2029.5	531.9	2059.3	521.3	2085.5	493.4	2109.9	513.8	2136.8	5	537	2006	2513	22.0003	1	they	497.5198
												EH	1		BEAR		568.1	1989.5	2687.4	65.8	92.4	426.1	498.406	498.373	498.473	0.1																565.2	2006.9	568.5	1984.3	578.7	1944.3	590.8	1898.9	593.4	1853.7	4	557	1951	2506	24.6001	1	bear	498.3984
												EH	1		DEN		654.1	1912.2	2875.5	94.4	203.2	287.6	499.153	499.103	499.253	0.15																557	1952.4	663.7	1909.4	735.8	1786.6	741.8	1747	735.6	1754.5	4	731	1715	2828	2.4423	1	den	499.1915
												AY	1		I		815.7	1766	2531.7	51.1	118.5	336.5	500.533	500.49	500.62	0.13								m								795.1	1767.5	815.5	1761.9	787.7	1822.6	710.8	1866.5	595.1	1888.5	5	827	1786	2588	41.0006	1	I	500.5386
												AH	1		COMING		734.6	1252.6	2501.3	96.7	417.8	605.3	501.646	501.62	501.699	0.079																691.5	1244.7	745.2	1259.4	770.5	1287.5	747.8	1263.3	703.3	1259.1	5	789	1338	2571	6.412	1	coming	501.6565
												ER	1		THIRTY		495.5	1757	4335.9	127.1	110	1013.8	502.844	502.807	502.918	0.111																504.4	1843.3	494.6	1753.3	486.7	1740.6	478.4	1761.2	479.6	1759.7	3	464	1395	1837	94.60031	1	thirty	502.8679
												AE	1		BLACK		741.7	1738	2637	60.9	85.9	260.6	505.381	505.348	505.448	0.1																736.2	1695.6	743.1	1745.2	730.5	1775.3	666.6	1823	630.6	1845.4	5	742	1752	2602	3.1618	1	black	505.3842
												EH	1		BEAR		495.8	1800.7	2439.6	96.2	123.3	549.5	505.638	505.608	505.698	0.09																505.7	1786.4	494.6	1801.8	484.4	1790.2	486.1	1765.1	488.8	1767.6	5	485	1827	2572	24.6001	1	bear	505.644
												UH	1		LOOKING		472.4	1288.7	2586.8	96.8	155.6	237.1	506.065	506.048	506.098	0.05																485.4	1285.7	472.4	1288.7	452.1	1331.2	446	1394.9	440.5	1450.2	6	544	1267	2711	7.1617	1	looking	506.0383
												AE	1		AT		633.9	1925.6	2604.5	133.3	170.3	742.7	506.278	506.218	506.398	0.18																635.2	1890.9	628.4	1930.7	610	1931.5	604	1902.6	582.5	1822.2	5	616	1957	2549	3.141	1	at	506.2879
												IY	1		SCREAMED		486.4	1995.5	2651.2	155.5	262.1	203.2	508.011	507.978	508.077	0.099																500.4	1928.2	484.4	2000	483.4	2021.5	473.9	2039	467.3	2043.3	4	498	1980	2657	11.4128	1	screamed	508.0371
												IH	1		IT		516.4	1905.9	2503	90.4	100.1	1047.7	509.287	509.257	509.347	0.09																496.3	1952.7	518.1	1899.4	539.4	1783	553.5	1612.9	540.3	1373	6	543	1701	2397	1.141	1	it	509.3078
												AH	1		OTHER		614.6	1466.3	2838.4	54	256.3	502.8	510.443	510.416	510.497	0.081																614	1562.9	614.3	1459.4	603.7	1383.2	585.9	1343.5	578.9	1392.8	4	613	1400	2580	6.33101	1	other	510.4463
												EH	1		BEST		687.8	1569.7	2620.1	82.9	177.5	387.7	513.002	512.975	513.055	0.08																644.1	1497.9	691.7	1575.1	719.4	1618.8	710.2	1605.4	700	1579.1	5	738	1628	2623	2.34113	1	best	513.0149
												AW	1		ENCOUNTER		694.5	1707.2	2398.1	48.9	130.1	243.2	513.315	513.275	513.435	0.16																661.3	1744.5	745	1650.3	770	1534.3	768.3	1401.4	752.4	1341.7	5	774	1515	2553	42.44204	1	(en)counter	513.3591
												AE	1		LAST		606.3	1793.3	3002.6	62.2	186	1625.1	514.457	514.434	514.504	0.07																610.1	1741.9	605.9	1797.8	598.9	1834.3	588.6	1884.7	571.3	1982.2	4	598	1758	2269	3.34173	1	last	514.4633
												AE	1		HAVE		654.8	1870.7	2900	71.8	113.3	298.9	515	514.974	515.053	0.079																645.9	1902.9	658.7	1864	683.8	1827.9	697.7	1800.3	683.8	1741.9	4	642	1825	2762	3.322	1	have	515.0001
												AH	1		COUPLE		657.3	1222.2	2597	60	157.7	416.3	515.257	515.234	515.303	0.069																630.2	1247.7	659.3	1220	666.1	1198.7	645.7	1154.3	600.4	1123.4	5	676	1237	2668	6.11101	1	couple	515.2645
												IH	1		DEER		476.4	1993	2904.4	92.4	218	214.7	515.594	515.544	515.694	0.15																467.8	1916.7	477.2	2001.1	483.1	1996.7	496.2	1871	530	1790.3	4	466	1922	2802	14.6003	1	deer	515.5881
												AA	1		GOT		665.5	1575.2	2691.4	53.2	245.9	506.4	515.924	515.864	516.044	0.18																621.4	1679.6	669.5	1569.3	693	1575	687	1470.4	738.2	1421.1	5	711	1618	2683	5.1416	1	got	515.9517
												AH	1		ANOTHER		635.7	1185.8	2778.3	61	170.6	675.6	521.272	521.239	521.339	0.1																648.2	1253.9	632.9	1178.6	604.2	1137.2	565.8	1128.9	547.5	1245.2	5	647	1222	2796	6.33141	1	(a)nother	521.2668
												EY	1		CHANGE		540.5	2207.9	3023.9	171.6	173.8	385.3	525.691	525.665	525.735	0.07																519.1	2158.6	529.5	2182.5	540.5	2207.9	544	2216.8	532.9	2208.9	4	580	2189	2866	21.46253	1	change	525.7044
												AH	1		UNDERPANTS		614.4	1413.2	2643	144.4	358.9	470.7	525.965	525.945	526.004	0.059																600.7	1427.3	615.2	1412	614.8	1403.6	604	1429.4	592.5	1441.9	5	642	1433	2683	6.44205	1	underpants	525.9619
												AE	2		UNDERPANTS		559.3	2115	2703.3	141.7	219.1	390.6	526.255	526.215	526.335	0.12																538.9	2112.4	560.1	2107.5	573.5	2024.6	595	1921.7	594.3	1834.2	5	581	2034	2641	3.44213	1	(under)pants	526.2719
												AW	1		ENCOUNTER		746.3	1750.2	2590	101.9	297.3	345.6	527.659	527.631	527.781	0.15																748.8	1732	795.5	1558.8	754.5	1390.1	690.8	1337.1	658.6	1412	5	771	1435	2319	42.44204	1	(en)counter	527.6975
												OW	1		CLOSER		570.2	1071.4	2947.5	296.7	207	226.3	528.57	528.563	528.663	0.1																561.5	1069.2	539.1	1075.7	501.9	1182.5	475.5	1328.9	473.3	1428.7	4	544	1073	2798	62.34281	1	closer	528.5671
												AY	1		I		792.1	1541.6	1945.1	92.7	131.6	2857.7	528.982	528.943	529.113	0.17								s								791.2	1542.2	774.8	1449.8	733.8	1641.4	671.2	1632.4	605.4	1385.9	6	800	1536	2420	41.0006	1	I	528.9841
												AE	1		BLACK		670.2	1624.2	2672.2	50.3	135.2	254.3	529.726	529.703	529.773	0.07																687.3	1601.6	667.2	1626.8	635.6	1650.3	612.9	1686	589	1720.5	5	700	1603	2761	3.1618	1	black	529.7146
												AA	1		GOD		670.5	1537.6	2516.4	40.9	203.3	279.9	535.555	535.498	535.668	0.17																662.5	1571.1	671.5	1535.2	664.6	1539.4	686.8	1558.1	669.8	1603.1	5	680	1587	2548	5.1426	1	God	535.5505
												EH	1		SCARE		523.9	1814.2	2627.9	36	266.9	216.6	538.123	538.093	538.183	0.09																519.6	1813.7	523.8	1806.9	531.8	1724.5	555.5	1639.5	573.8	1585.9	6	517	1769	2654	24.6	1	scare	538.1237
												AA	1		COT		886.3	1455.3	2505	67.6	142.3	563.1	659.665	659.612	659.772	0.16																871.1	1479.9	883.2	1447.7	863.4	1409.8	843.9	1413.5	760.5	1468.7	5	891	1461	2461	5.141	1	cot	659.6654
												EH	1		BED		596.6	1783.6	2991	54.7	98.8	739	661.606	661.589	661.639	0.05																609.2	1778.2	596.6	1783.6	577.4	1788.6	560.6	1794.4	531.5	1800.3	4	727	1667	2670	2.1421	1	bed	661.5526
												AE	1		HAVE		691.7	1884.5	2565.4	59	173	238.3	663.085	663.055	663.145	0.09																663.9	1914.5	693	1883.4	691.4	1839.9	659	1732	603	1605.9	5	695	1867	2556	3.322	1	have	663.0854
												AW	1		HOUSE		828.2	1378	2134.4	106	148.5	833.9	663.454	663.444	663.604	0.16																829.1	1311.9	790.7	1216.5	764.9	1129.2	671.8	1035.4	635	1035.6	6	865	1373	2528	42.342	1	house	663.4705
												AO	1		CAUGHT		641.1	1040.8	2441	205.5	110.8	303.5	674.234	674.201	674.301	0.1																539.8	1080.3	650.9	1039.1	693.4	1045.3	701.3	1061.4	706	1052.9	6	764	1051	2445	53.141	1	caught	674.2557
												IY	1		SEES		420.4	1956.1	2555.1	143.3	146.7	301.6	675.064	675.031	675.131	0.1																434.5	1927.9	419	1957.3	407.6	1970	402	1995.8	387.6	2019.4	5	441	1970	2576	12.0023	1	sees	675.0603
												ER	0		FIRSTHAND		503.1	1420.9	1944	99.1	125.2	1006.5	681.763	681.726	681.837	0.111																526.3	1349.6	501.7	1433.1	494.7	1547.6	477.8	1599.3	493	1619.8	5	481	1301	1657	94.60014	1	firsthand	681.7657
												AE	1		FIRSTHAND		640.4	1924.3	2660.2	129.4	119.9	808.7	682.01	681.977	682.077	0.1																648.6	1868.1	639.8	1934.5	644	1998.7	650	2034.9	639.8	2032.5	5	638	2026	2717	3.44203	1	(first)hand	682.0324
												AW	1		FOUND		770.9	1237.7	2588.7	52.7	128.2	779.8	683.563	683.543	683.684	0.141																811.8	1256.4	784.9	1248.8	762.7	1224.7	733.2	1164.2	683.4	1085.2	6	863	1299	2921	42.44213	1	found	683.5788
												AW	1		OUT		748	1659.3	2505	46.2	200.7	375	683.838	683.794	684.034	0.24																756.4	1634.7	800.3	1457.1	751.6	1285.5	654.9	1185.2	596.3	1081.8	5	811	1501	2841	42.141	1	out	683.8728
												OW	1		KNOWS		574.2	1706	2539.9	57.3	108.7	406.3	684.658	684.639	684.809	0.17																625.6	1545.3	607.4	1255.2	540.5	1084.4	485.4	1112.7	467.7	1235.1	6	623	1375	2494	62.0024	1	knows	684.6876
												AW	1		MOUTH		831.8	1215.8	1929.6	87.6	215.7	949.5	687.672	687.657	687.777	0.12																833.9	1202.6	830.4	1169.7	827.8	1150.3	809	1087	709.6	1099.4	6	863	1272	2400	42.3312	1	mouth	687.6859
												EY	1		SAME		588.6	1954.1	2957.4	143.2	109.6	627.9	699.631	699.586	699.676	0.09																527.8	1862.4	567.4	1906.3	588.6	1954.1	592.5	2005.1	565.2	2028.9	4	585	1931	2823	21.4123	1	same	699.6335
												AE	1		MAT		740.3	2042.1	2784.2	139	98.8	373.4	706.033	706.003	706.093	0.09																743.2	2026.4	740.3	2042.9	739.1	2038.2	723.3	2009.3	706.5	1992.9	4	727	2014	2569	3.1412	1	mat	706.0415
												EY	1		BASE		492.3	2281.9	3048.5	148.4	254.5	452.4	709.206	709.186	709.286	0.1																492.3	2281.9	484.7	2270	465.7	2229.4	467.8	2214.3	813.4	2326.2	4	488	2189	2844	21.3421	1	base	709.2107
												AH	1		TUB		680.2	1332.1	2748.8	52.8	229	82	709.729	709.666	709.855	0.189																708.7	1373.3	679.7	1335.2	668.9	1279.5	657.2	1276.5	650.6	1288	5	693	1399	2783	6.1123	1	tub	709.7326
												AO	1		DOORWAY		583.7	864.8	1977	372.9	357.9	683.9	711.084	711.037	711.177	0.14																518.5	1102.8	587.7	840.1	647	815.2	605.1	894.4	572.2	968.9	6	542	833	1753	64.60031	1	doorway	711.1104
												AH	1		RUG		705.4	1219.4	2733.1	62.9	113.9	92.4	711.83	711.787	711.917	0.13																666.2	1198.3	707.2	1221.7	703.6	1273.6	648.5	1409.3	573.9	1583.6	5	712	1227	2758	6.1627	1	rug	711.8386
												AE	1		FACT		701.2	1879.5	2754.2	212.2	171.3	217.9	727.037	726.997	727.117	0.12																666.3	1813.6	704.1	1885.1	705.2	1918.8	693.8	1956.1	682.5	1972.4	4	682	1835	2600	3.16113	1	fact	727.058
												AO	1		TALKING		651.1	1269.8	2736.5	71.2	502.6	409.8	731.759	731.732	731.813	0.081																616.7	1277.2	653.4	1271.6	679.7	1274.5	723.3	1288.5	757.3	1284	5	794	1374	2980	53.1613	1	talking	731.8215
												OW	1		SODA		544.7	1269.7	2599.4	20.8	177.5	401.1	740.255	740.223	740.373	0.15																544.7	1275.6	552	1149.2	548.8	1048.5	528.7	1051.8	528.3	1199.9	5	548	1069	2559	62.14231	1	soda	740.2876
												IY	1		SNEAKERS		497.3	2200.8	4093.9	195.5	133.2	1177	743.783	743.743	743.863	0.12																513.3	2112.6	495	2214.3	479.7	2308.8	431	2328.2	408.9	2347.8	3	507	2033	2656	11.16101	1	sneakers	743.7714
												AA	1		ARGUE		594.8	1294	2319.9	79.8	123.2	281.1	750.791	750.751	750.871	0.12																556.3	1408.1	599.6	1283.1	632.6	1260.3	613.8	1287.7	603.6	1337.9	6	635	1286	2283	44.60001	1	argue	750.8244
												OY	1		BOYFRIEND		557.5	1157.4	2541.7	85.6	133.3	105.4	751.791	751.751	751.87	0.119																549.6	1017.7	560.2	1176.2	563.1	1408.1	526.8	1649.3	486.9	1725.5	5	534	946	2600	61.32114	1	boyfriend	751.7668
												AH	1		COUSINS		726.4	1385	2714.6	33.9	199.4	335.2	776.002	775.952	776.102	0.15																697.4	1296.8	725.3	1384.5	669.2	1453.1	556.8	1453.3	430.4	1356.3	6	733	1399	2718	6.34101	1	cousins	775.9993
												AO	1		TALK		728.5	1189.1	2939.2	40.2	145.2	357	778.4	778.347	778.506	0.159																710.8	1231.8	731.5	1191.2	750.9	1187.4	725.9	1138.3	676.8	1277.9	6	748	1181	2996	53.1613	1	talk	778.4221
												AE	1		ACCENT		770.4	2127.7	2884.6	192.3	158.9	221.3	785.366	785.303	785.493	0.19																768.7	2062.2	775.8	2132.9	802.5	2150.1	806.7	2269.4	762	2330.6	4	743	2023	2610	3.16104	1	accent	785.385
												EH	1		DEFINITELY		698.3	1620.6	2632.1	41.4	165.1	344.5	785.949	785.923	786.002	0.079																664.7	1607.4	704.4	1617.3	727.9	1604.3	737.9	1590.7	716.3	1548.4	6	743	1594	2774	2.32132	1	definitely	785.9674
												AO	1		ALBANY		735.7	1016.9	2272.3	63.4	114.8	991	787.583	787.55	787.65	0.1																756	1040.8	734	1014.6	727.3	996.4	723.5	987.6	705.5	983.4	6	755	1038	2440	53.54205	1	Albany	787.5731
												IH	1		HERE		508.5	1740	2139.4	115.3	79.5	341.3	794.012	793.978	794.079	0.101																520.7	1758.6	507.4	1739	501.8	1721.5	498.2	1698.6	496.7	1689.8	6	525	1772	2251	14.6	1	here	793.9924
												IY	1		EVEN		366.5	2172.6	3005.4	138.4	199	281	798.177	798.14	798.25	0.11																419.1	2129.1	364.6	2175.6	349	2227.3	354.2	2242.8	360.6	1979	5	351	2208	2964	11.32201	1	even	798.1907
												OW	1		THOUGH		646.7	1071.2	2770.2	152.6	310.3	483.2	798.377	798.37	798.47	0.1																628	973.4	585.7	861	524.3	800.5	499.1	770.1	475.1	771.8	6	627	963	2777	62.0003	1	though	798.3936
												EY	1		STATE		521.6	2021.2	2690.3	173.6	80.4	107.6	799.053	799.02	799.099	0.079																517	1974.6	520.1	2013	511.4	2036.8	478.8	2039.9	441.7	2023.7	5	520	2000	2676	21.1413	1	state	799.0386
												AO	1		GEORGIA		518.6	1019	2135.3	81.7	138.8	844.8	806.022	805.995	806.076	0.081																494.9	1019.1	520.3	1018.3	538.2	1017.6	548.2	1061.1	545.1	1109.7	6	539	1019	2247	54.60051	1	Georgia	806.0312
												AE	1		FAST		577.5	1802.5	2483.4	55.9	134.2	130.7	808.678	808.641	808.751	0.11																521.4	1667.7	579.9	1810.4	585.3	1878	614.5	1883.6	660.4	1843.7	5	608	1896	2576	3.34113	1	fast	808.7104
												EH	1		RESTAURANT		651	1556.6	2346.4	37.3	332.4	2198.4	809.124	809.101	809.171	0.07																644.4	1538.9	647.5	1521.6	646.2	1513.1	633.3	1492.5	634.6	1562.3	6	651	1560	2680	2.34272	1	restaurant	809.1207
												IY	1		REPEATED		378.2	2392.4	3213.8	124.9	187.1	503.1	811.557	811.524	811.624	0.1																387.4	2378.9	377.6	2396.4	377.1	2400.8	371.4	2330	377.3	2251.4	4	381	2297	2871	11.1411	1	(re)peated	811.564
												EH	1		SAID		615.7	1693.7	3073.2	82	134.5	402	815.415	815.392	815.462	0.07																622.3	1701.8	615.3	1691.9	619.4	1664.4	627.3	1654.3	627.5	1648.3	4	608	1655	2908	2.1423	1	said	815.4215
												EH	1		AGAIN		693.6	1746.8	3208.6	80.8	298.7	589.4	815.705	815.672	815.772	0.1																686.9	1994.2	692.2	1719.7	690.6	1618.1	703.4	1587.8	729.9	1560.1	4	678	1567	2843	2.4426	1	(a)gain	815.7292
												OW	1		NO		554.3	1425.3	2449.4	90.3	237.1	715.1	816.943	816.923	817.083	0.16																570.6	1297.9	562.5	1101	538.4	1021.2	563.4	982.3	664.9	1498.4	5	565	1092	2420	62.0004	1	no	816.9771
												UW	1		CLUE		446.5	1155.4	2280.3	158.2	300.7	531.7	817.21	817.202	817.273	0.071																447.2	1143	449.6	1048	450.1	968.1	453.4	927.3	444.5	913.3	6	445	921	2041	82.0008	1	clue	817.2494
												AE	1		PAL		711.7	1658	2724.3	78.2	193	425.5	818.126	818.063	818.252	0.189																662.5	1690.3	718.1	1649.3	729.7	1602.5	737.8	1529.4	715.4	1603.7	5	686	1617	2566	3.5421	1	pal	818.1201
												OW	1		NEGOTIATING		534.1	1389.8	2495.5	78.1	400.9	314.7	822.537	822.52	822.629	0.109																539.8	1344.7	548.8	1209.6	528	1163.7	477.4	1211.5	421.8	1272.8	5	547	1173	2551	62.35162	1	(ne)gotiating	822.56
												IY	1		READ		424.3	1697	2147.6	185.8	234	422.3	844.743	844.723	844.783	0.06																431.4	1677.5	423.9	1693	423.9	1692.2	421.9	1741	430.7	1814.4	6	442	1848	2479	11.1427	1	read	844.8016
												AW	1		LOUD		748.2	1457	2782.7	104.4	252.1	1125.7	845.083	845.063	845.213	0.15																763.7	1473.6	771.5	1460.1	744.6	1408.8	722.9	1286.3	688.4	1306.8	5	754	1389	2481	42.1427	1	loud	845.1138
												UW	1		SCHOOL		431.8	1094	2547.7	147.5	153.2	367.1	848.52	848.487	848.587	0.1																423.3	1104.1	431.2	1096.5	422.7	1154	420.6	1176	423.8	1146.1	5	421	1078	2352	72.5426	1	school	848.5292
												OW	1		GO		488.1	1321.5	2419.8	90.9	268.4	690.6	848.818	848.807	848.937	0.13																491.2	1217.2	464	1165.4	421.2	1174.8	386.5	1232.5	376.4	1370.9	6	501	1242	2350	62.0006	1	go	848.8323
												UW	1		TO		403.9	1651	2533.7	214.4	208.6	549	849.054	849.047	849.197	0.15																405.8	1636.2	401.5	1563.4	412.8	1456.5	389.1	1159.1	579.8	1423	6	415	1595	2384	73.0003	1	to	849.0853
												EH	1		VERY		581.1	1632.7	2129.4	118.7	102.4	712.2	849.574	849.547	849.627	0.08																572	1619.4	581.2	1632.2	578	1634.8	566.1	1635.2	529.5	1631.6	6	576	1634	2055	2.60011	1	very	849.5742
												EH	1		DRESS		619.7	1551.3	2526.2	49.7	132.2	789.9	850.223	850.196	850.277	0.081																601.3	1546.8	620.5	1552.1	634.2	1549.4	661.6	1528	676	1526.9	5	680	1602	2685	2.3418	1	dress	850.2466
												OW	1		CODE		547.4	1391.9	2476.3	99.5	384.5	467.5	850.506	850.477	850.647	0.17																556.2	1410.7	595.4	1330.1	582.5	1284.8	521.1	1240.9	526.4	1198.6	6	599	1314	2584	62.142	1	code	850.5588
												AH	1		BUTTON		711.9	1092.2	3166.8	142.9	120.7	223.5	851.931	851.901	851.992	0.091																679.8	1050.1	717.6	1100	745.2	1171	751.6	1336.6	752.1	1465.9	4	707	1090	2245	6.14111	1	button	851.9355
												ER	1		SHIRTS		526.9	1511	2077.5	133.8	223	1100.6	852.538	852.481	852.652	0.171																522.9	1523.7	528	1518.8	513.6	1546.8	489.2	1560.2	470.9	1562.6	5	492	1470	1844	94.60053	1	shirts	852.5782
												AA	1		COLLAR		774.6	1213.8	3364.1	63.2	310.9	348.5	853.185	853.112	853.332	0.22																761.3	1338.7	775.1	1206.8	776.8	1200.2	760.8	1183.5	748.3	1300.9	4	745	1127	2810	5.54201	1	collar	853.2107
												OY	1		BOYS		569.8	975.9	2269.2	120.4	83.7	983.4	854.703	854.643	854.823	0.18																542.1	895.6	577.2	999.5	604.6	1232.7	512.5	1513.3	440.9	1714	6	599	892	2312	61.0021	1	boys	854.6773
												ER	1		GIRLS		494.8	1269.4	2086.9	115.6	205.5	349.1	855.05	855.023	855.103	0.08																478.6	1314.9	495.8	1264.5	501.3	1222.4	504.6	1199.9	516.8	1177.1	6	531	1230	2022	94.60053	1	girls	855.0808
												AE	1		MATTER		692.5	1832.1	3366.5	91.7	183	532.3	855.602	855.572	855.663	0.091																694.5	1786.6	692.9	1838.8	687	1837.5	665	1785.1	638.1	1734.9	4	682	1754	2606	3.14121	1	matter	855.597
												EY	1		HATE		540.7	2106.4	2746.4	289	528.6	687.4	857.224	857.211	857.301	0.09																522.3	2117.3	481.7	2143.2	464.7	2108.1	453.5	2009.5	437.6	1947.8	4	506	2065	2663	21.141	1	hate	857.2323
												ER	1		SHIRTS		512.8	1554.3	2479.6	150.8	203.3	817.3	857.737	857.681	857.85	0.169																510.1	1555.9	511	1564.9	511.3	1636.2	503.6	1670.5	489.1	1700.8	5	505	1570	2340	94.60053	1	shirts	857.7451
												UH	1		LOOK		420.3	1196.4	2480.6	86.3	152.3	580.4	859.915	859.895	859.955	0.06																443.9	1164.5	417	1200.9	387.8	1230	362.6	1271	386.7	1340.2	6	451	1117	2252	7.1617	1	look	859.8967
												AE	1		SACKS		684.4	1834.2	2824.5	94.7	95.5	614.7	860.431	860.365	860.564	0.199																651.7	1808	689.6	1834.3	699.3	1831.7	688.2	1865.3	656.3	1891	4	696	1824	2613	3.1613	1	sacks	860.4471
												AE	1		CAN'T		541	2147.5	2899	132.7	369.1	1150.3	861.528	861.508	861.568	0.06																499.5	2165.9	546	2145	582.2	2122.8	591.1	2104.9	588.8	2077.6	4	581	2116	2811	3.44203	1	can't	861.5332
												AY	1		TIE		826.6	1727.8	2842.3	107.7	120	252.8	861.924	861.927	862.108	0.181								m								799.4	1544.5	805.6	1507.7	765.5	1612.1	699.4	1654.8	611	1705.4	5	820	1526	2834	41.0003	1	tie	861.9776
												AA	1		BOTTOM		765.1	1326.1	2982.5	123.5	242.9	404.5	862.87	862.807	862.997	0.19																733.3	1300.8	771.9	1327.1	802.6	1378.8	796.2	1437.7	760.9	1470.9	4	791	1322	2882	5.14111	1	bottom	862.9087
												ER	1		GIRLFRIEND		447.1	1148.9	1772.4	99.9	101.7	318.8	864.171	864.138	864.238	0.1																425.7	1135	450.6	1151.7	479.9	1158.7	503.9	1128.8	510.8	1105.1	6	494	1130	1733	94.60051	1	girlfriend	864.1998
												AE	1		JAN		695.5	1861.8	2676.9	186.6	593.3	1138.9	864.721	864.647	864.868	0.221																503.7	1378.8	695.3	1857.6	718.6	1808.7	679.8	1656.2	638.2	849.5	6	690	1994	2879	3.4425	1	Jan	864.7149
												AA	1		GOT		770.3	1522.8	2548.5	52.1	143.2	355.7	865.654	865.561	865.841	0.28																732.4	1550	770.4	1523.4	783.5	1550.3	782.1	1554.5	751.1	1542.6	5	794	1559	2639	5.1416	1	got	865.7144
												EH	1		DETENTION		740.6	1810.5	3046.3	144.1	214.8	1680.8	866.278	866.258	866.318	0.06																766.7	1791.8	737.7	1813	715.8	1822.8	710.7	1809.6	702.5	1774.3	4	741	1775	2775	2.44234	1	(de)tention	866.2967
												AE	1		THAT		676.8	1782.4	3170.1	104.5	190.6	832.5	866.857	866.787	866.998	0.211																668.6	1759.3	682.6	1787.1	683.2	1747.4	675.4	1713.6	652.5	1633.2	4	684	1729	2664	3.1413	1	that	866.862
												AE	1		HAD		655.1	2002.1	3666.4	27.2	413.3	2390.5	870.128	870.098	870.188	0.09																652.2	1993.1	654.8	1997.1	628.5	1954.7	547.8	1909.7	474.3	1869.4	4	599	2074	3607	3.142	1	had	870.0882
												EY	1		STAY		562.2	1902.9	2497.9	121.5	152.7	670.6	870.546	870.508	870.778	0.27																555.7	1935.7	517.8	1990.5	508.2	2094.5	470.7	1812.8	415.1	2070	5	575	1925	2638	22.0003	1	stay	870.5486
												IH	1		SIX		558.6	1714.7	2565.7	125.7	64.6	833.5	871.671	871.634	871.744	0.11																529.7	1690.2	560.7	1716	564.2	1748	541.5	1780.9	534.5	1814.9	5	583	1727	2930	1.16133	1	six	871.6733
												AA	1		SOCKS		796	1494.5	2693	70.5	169.9	220.6	873.31	873.233	873.463	0.23																733.7	1499.7	801.9	1496.7	823.5	1503.7	808.1	1514.8	698.6	1533.7	6	807	1482	2877	5.1613	1	socks	873.3451
												AO	1		HALL		757.1	949.2	3054.1	112.7	91.7	1332.7	875.06	875.01	875.16	0.15																759.5	929.7	757.4	955.3	743	1003.5	726	1004.7	662.8	952.9	5	732	984	1882	53.542	1	hall	875.0773
												AO	1		STALKS		732.7	1203.4	2899.3	43.5	188.9	1860	875.773	875.71	875.9	0.19																688.9	1211.7	735.7	1199.6	743.3	1156.7	718.8	1168.6	656	1151.6	5	749	1184	3145	53.1613	1	stalks	875.793
												IY	1		SEE		397.4	2208.7	3317.8	70.2	278.2	953.1	876.52	876.43	876.7	0.27																400.7	2338.1	398.5	2241.4	402.6	2391.1	394.7	2384.4	376.5	2090.6	4	391	1999	2583	12.0003	1	see	876.5121
												AW	1		OUT		713.7	1434.8	2797.5	50.5	144.1	340.2	877.572	877.546	877.706	0.16																692.1	1453.3	748.3	1412.8	764	1405.9	739.7	1437.6	710.2	1506.8	5	775	1447	2764	42.141	1	out	877.6164
												AO	2		UNIFORM		571.1	750.9	1895.6	200.9	308.7	667.7	878.195	878.155	878.275	0.12																540.8	911.2	573.9	747.9	588.7	782.1	647.6	895.2	649.6	997.1	6	552	756	1752	54.6001	1	(uni)form	878.2044
												AE	1		LAST		639.7	1816.1	3640.9	67.4	162.2	1603	878.469	878.445	878.516	0.071																652	1802	638.8	1817	628.2	1815.6	617.7	1799.4	613.3	1848	4	645	1763	2404	3.34173	1	last	878.4677
												AA	1		JOHN		790.9	1587.2	2639	71.9	228.2	2822.8	879.046	878.996	879.146	0.15																771.6	1659.2	791.7	1582.5	813	1589.4	790	1433.2	761.4	1578.6	5	821	1584	2676	5.4425	1	John	879.0694
												AA	1		GOT		732.1	1686.1	2734	40.4	206	1458.8	879.296	879.246	879.396	0.15																675.3	1722.3	736.3	1679.5	759.9	1599.2	758.7	1586.4	737.2	1563	5	763	1600	2535	5.1416	1	got	879.3292
												EH	1		SUSPENDED		698.3	1444.7	2676.8	80.9	305.4	685	879.669	879.646	879.716	0.07																651.9	1386.5	702	1449.2	704.6	1401.3	707.2	1347.7	705.4	1092.8	6	729	1573	2966	2.44213	1	(su)spended	879.6904
												EH	1		SAID		664	1574.9	2679.1	57	358	363	880.519	880.446	880.666	0.22																654.7	1479	664.7	1591.3	666.3	1595.7	657.7	1595.6	647.5	1621.7	6	657	1610	2765	2.1423	1	said	880.5565
												EH	1		DRESS		595.4	1565.3	2587	60.4	191.5	351.3	881.531	881.511	881.571	0.06																581	1564	596.8	1565.7	606	1571.6	612.6	1571.1	615.9	1554	5	624	1598	2716	2.3418	1	dress	881.5514
												OW	1		CODE		516.3	1279	2302	180.8	375.2	471.7	881.748	881.741	881.851	0.11																488.6	1222.2	487.2	1152.1	503.2	1148	508.5	1220.1	467.3	1330.2	6	523	1180	2527	62.142	1	code	881.7884
												AH	1		SUCKS		673.2	1424.8	2377.2	137.7	292.5	1757.7	882.094	882.04	882.201	0.161																639.8	1529.2	677.3	1417.6	710	1426.3	670.7	1428.2	635.2	1478.8	6	703	1406	2554	6.1613	1	sucks	882.1178
												AO	1		WRONG		758.5	1236.6	2403.7	92	165.8	600	883.972	883.945	884.025	0.08																731.4	1215.1	759.8	1236.6	771.5	1232.6	788.3	1255.7	789	1267.6	5	779	1210	2177	53.46273	1	wrong	883.9947
												AE	1		THAT		667.6	1854.6	3058.2	61.6	158.2	709.7	884.372	884.285	884.545	0.26																640.3	1885.3	669.7	1855	674.6	1850.5	669	1809.4	653.3	1840.1	4	665	1813	2677	3.1413	1	that	884.3651
												IY	1		EVEN		377.1	1963.4	2810.5	155.7	403.6	407.4	885.126	885.093	885.193	0.1																520.5	1814.4	373.4	1958.3	370.1	2052.8	371.4	1976	375.7	1671.1	5	373	1703	2635	11.32201	1	even	885.1446
												AA	1		FATHER		756.1	1198.3	2466.4	47.7	157.1	857.4	885.559	885.503	885.672	0.169																714.4	1147.3	758.1	1194.7	762.5	1200.5	758.6	1234.4	687.7	1267.9	5	768	1256	2747	43.33111	1	father	885.5902
												EH	1		SAYS		643.5	1501.9	2743.1	83.6	152.1	332.3	885.916	885.883	885.983	0.1																605.9	1470.1	645.6	1504.7	655.8	1537.8	651.3	1568.9	591.9	1596.8	5	665	1558	2732	2.3413	1	says	885.9389
												UW	1		SCHOOL		413.4	1051.1	2361.1	142.2	167	416.4	889.834	889.811	889.881	0.07																406.5	1111.2	413.8	1044.3	414.4	997.9	419.2	983.2	437.9	970.1	6	468	964	2531	72.5426	1	school	889.8694
												AA	1		COT		811	1387.4	2727.2	52.8	162.9	225.3	901.857	901.79	901.99	0.2																776.6	1416.7	812.9	1382.4	817.5	1370.6	795.1	1318.1	715.6	1262.2	6	819	1366	2777	5.141	1	cot	901.8762
												AO	1		CAUGHT		654.3	947.1	2873.4	58	68.8	429.6	902.714	902.644	902.854	0.21																643.5	963.9	656.4	948.6	674.7	962.6	691.8	1032.7	712.9	1162.9	5	674	972	2884	53.141	1	caught	902.7275
												AA	1		DON		790.7	1515	2907.4	149.8	70.9	385.8	908.488	908.408	908.649	0.241																760.3	1570.2	785.8	1504.2	753.1	1442.1	757.4	1406.3	751.3	1453.3	5	839	1447	2910	5.4423	1	don	908.5543
												AO	1		DAWN		692.6	1110.7	2819.9	67	124	602	909.134	909.07	909.261	0.191																650.7	1247	697.2	1107.8	712.4	1090.6	712.7	1095.3	720.9	1070.7	5	721	1106	3260	53.4423	1	dawn	909.1719
												AA	1		FATHER		855.4	1418.7	3108.8	119.3	470.9	477.9	914.476	914.409	914.609	0.2																833.4	1439.2	859.3	1416.4	862.8	1492.9	836.5	1479.8	805.5	1542.4	4	836	1372	2728	43.33111	1	father	914.5018
												AA	1		BOTHER		789	1265.4	2822.4	51.7	193.4	308	915.214	915.144	915.354	0.21																767.2	1312.1	787.7	1241.3	783.8	1211.4	773.9	1250.3	724.7	1289.9	5	805	1266	2794	5.33111	1	bother	915.2426
												IH	1		NEARER		433.7	2226.5	2888.6	52.8	219.7	259.5	921.209	921.152	921.322	0.17																416.8	2224.3	434.9	2222.8	450	2073.7	455.1	2036.2	457.9	1914	5	434	2198	2788	14.60041	1	nearer	921.2152
												IH	1		MIRROR		452.8	2033.3	2817.1	146.9	321.6	362.7	921.959	921.906	922.066	0.16																443.8	2066.8	458	2018	498.5	2003.4	521	1898.6	517	1834.6	5	424	1955	2760	1.60021	1	mirror	921.9252
												UW	1		FOOL		395.1	790.3	1999.1	307.8	224.8	915.5	926.626	926.583	926.713	0.13																394.2	786.6	396.1	792.1	414.8	791.9	418.5	782.4	409.1	775.7	6	363	780	1828	72.5421	1	fool	926.6454
												AA	1		FARM		762.5	1185.9	3102.6	189.1	91.5	619.2	941.353	941.32	941.42	0.1																735	1168.2	766.4	1187.7	789.3	1205.9	804.4	1277.4	813.5	1328.8	4	808	1263	2112	44.6001	1	farm	941.3827
												AH	1		DUSK		678.1	1373	3044.7	75.4	150	398.1	942.176	942.136	942.256	0.12																659.3	1486.1	679.6	1369.9	687.8	1361.2	686.2	1369.5	679.2	1394.1	4	683	1337	2173	6.34133	1	dusk	942.1998
												AY	1		SIGHT		638.1	1400.1	2642.7	62.5	353.4	364.3	942.931	942.888	943.118	0.23																637.6	1409.4	576.9	1382.3	459.3	1162.3	382.3	1855.4	372.5	2119.6	6	647	1397	2630	47.1413	1	sight	942.9337
												AA	1		SOCKS		749.7	1301.8	2445.7	45.4	242.3	364.6	943.656	943.583	943.803	0.22																724.9	1314.6	751.1	1288	748.4	1285.9	744.6	1312	752.7	1317.1	5	759	1351	2544	5.1613	1	socks	943.6824
												EH	1		ELEMENTARY		686.9	1626.9	2435.2	47.2	174.6	548.7	944.452	944.435	944.485	0.05																687.4	1618.4	686.9	1626.9	685.3	1647.1	682.7	1666.1	681	1676.3	6	686	1704	3424	2.44225	1	(ele)mentary	944.454
												AY	1		HIGHSCHOOL		849.6	1456.2	2874.5	151.8	359.9	710.5	945.711	945.709	945.849	0.14								s								842.5	1467.2	822.2	1569.3	724.3	1670	603.8	1716.4	519.9	1685.8	5	842	1464	2917	47.34201	1	highschool	945.7383
												UW	2		HIGHSCHOOL		368.6	947.7	2545.7	168.5	311.7	576.3	946.046	946.029	946.079	0.05																366	1007.8	368.6	947.7	375.3	909.5	383.1	895.2	390.5	889.9	5	386	879	2195	72.5426	1	(high)school	946.0688
												OW	1		BOAT		557.7	1135.1	2673.3	108.6	110.3	607.9	946.475	946.462	946.642	0.18																558.7	1036.2	565.7	1061.3	507.5	980.4	434.3	915.1	407.6	840.7	6	581	1138	2799	62.1411	1	boat	946.4973
												AY	1		SLIDER		734.1	1361.9	2586.5	35.6	122.1	412.2	947.181	947.161	947.291	0.13																731.6	1386.9	697.4	1431.8	652.8	1415.7	629.2	1570	576.2	1578.6	6	735	1349	2598	41.14281	1	slider	947.1799
												IH	1		SIX		524.8	1851.9	2590.6	81	870.2	291.7	947.799	947.766	947.866	0.1																495.1	1804	528.4	1855.9	537.9	1927.7	525.6	1714.9	522.5	1842.4	6	471	1888	2549	1.16133	1	six	947.8124
												AY	1		TIGER		710.9	1519.6	2501.4	259.6	387.6	465.3	948.384	948.36	948.52	0.16																668.1	1467.1	649.9	1538.2	590.3	1666.8	530.3	1796.7	468.1	1910.7	6	649	1559	2885	41.25231	1	tiger	948.4164
												ER	1		BURN		503.5	1295.6	1460.1	111.3	224.1	173.3	949.122	949.055	949.255	0.2																488.8	1314.3	505	1294.3	517.3	1233.5	496.3	1213.5	439	1145.8	6	547	1348	1573	94.6001	1	burn	949.1286
												AY	1		WRITING		643.4	1427.2	2446.6	57.2	170.7	346.3	949.893	949.874	950.014	0.14																635.7	1522.5	574.5	1751.1	526.1	1849.6	463.1	1809.5	416.4	1386	6	654	1428	2372	47.1417	1	writing	949.8944
												OW	1		GO		538.8	1268.4	2413	53.3	134.3	306.5	950.536	950.502	950.772	0.27																572	1276.4	565.2	1174.5	521.8	1061.7	499.6	985.8	421.1	838.2	6	587	1207	2438	62.0006	1	go	950.577
												AO	1		STALKS		725.3	1213.2	3075.6	107	292.7	878.5	951.259	951.186	951.406	0.22																719.1	1267.1	729.1	1215	749.9	1219.6	762.6	1588.4	756.6	2190.7	4	704	1153	2580	53.1613	1	stalks	951.2676
												IH	2		INVENTORY		496.5	2047.2	3123.7	146.1	201.8	535.1	952.826	952.796	952.886	0.09																534.2	2008	495.5	2048.6	494.5	2040.5	495.2	2031.1	498.7	2001.5	5	568	1991	2675	1.44205	1	inventory	952.8654
												AO	1		INVENTORY		456.3	1112.6	2355.2	99.3	117.6	119	953.209	953.166	953.296	0.13																466	1159.9	457.5	1097.2	466.5	959.1	473.6	936.2	491.6	1049.5	5	466	927	2347	54.60031	1	(inven)tory	953.2437
												ER	1		FIRM		536.9	1243.1	1435.7	215.2	332.9	279.5	953.752	953.675	953.905	0.23																548.4	1215	528.9	1220.9	523.6	1100.2	473.6	1062.1	471.1	969.5	6	613	1342	1559	94.6001	1	firm	953.7634
												AY	1		SPIDER		586.5	1185.8	2542.7	46.1	58.5	352.2	954.379	954.35	954.49	0.14																586.3	1174.2	564	1296.4	511.5	1475.6	456.6	2089.8	405.7	2137.2	5	611	1211	2480	41.14211	1	spider	954.3799
												EH	1		DESK		655.8	1680	2681.9	24.3	195.6	834.4	955.022	954.979	955.109	0.13																630.6	1501.9	657.5	1685.6	670.7	1633.2	676.8	1609.2	671.6	1558.6	6	661	1729	2995	2.34133	1	desk	955.0317
												UW	2		RUDIMENTARY		374.9	1285.2	2407.1	56.4	203.9	354.4	955.795	955.787	955.857	0.07																375.2	1288.3	377.4	1298.3	380.4	1325.9	379.8	1355.8	368.3	1415.8	5	384	1326	2436	82.14272	1	rudimentary	955.8192
												EH	1		RUDIMENTARY		711	1637.8	2816.8	54.4	219	992.3	956.02	955.997	956.067	0.07																706.6	1654	711.3	1635.5	711.6	1629.6	705	1654.8	498.7	1227.6	6	709	1655	2966	2.44225	1	(rudi)mentary	956.0243
												EY	1		CRAYON		616.8	1622.6	2689	70.3	230.7	790.6	957.702	957.682	957.842	0.16																605.9	1693.2	566	1976.9	548.3	2110.6	642.5	2193.7	688.4	1796.7	5	610	1642	2755	21.4428	1	crayon	957.7064
												OW	1		HOME		638.1	964.3	2800	196.6	108.9	1063.6	958.696	958.688	958.878	0.19																605.5	911.7	548.4	821.1	483.9	762	460.5	701.7	497.9	730.8	6	618	933	3031	62.412	1	home	958.7127
												EH	1		SEX		644.9	1590.7	2423.8	52.5	297.3	1556.2	959.614	959.571	959.701	0.13																607.9	1552.5	648.5	1588.8	665.7	1578	662.8	1501	653.5	1467.9	6	661	1645	3108	2.16133	1	sex	959.638
												AY	1		TIED		793.2	1305.3	2428.7	70.5	489	1263.2	960.325	960.25	960.52	0.27																727.7	1185.5	781.5	1300.2	723.8	1480.7	661.8	1584.4	509.3	1137.4	6	804	1358	2959	41.0023	1	tied	960.3161
												AE	1		BAG		619.1	2043.2	3229.5	104.9	260.1	1878.9	960.955	960.865	961.136	0.271																589.9	1936.6	623	2064.8	640.5	2056.8	633.1	1980.9	593.4	2021.9	4	618	1933	2621	3.1621	1	bag	960.9383
												OW	1		NO		585.2	1479.7	3104.4	130.5	359.1	627.9	961.485	961.449	961.729	0.28																610.5	1424.5	607.9	1306.4	599.2	1142.7	534	920.4	501.7	1697.3	4	663	1421	3052	62.0004	1	no	961.5161
												AY	1		RIDING		772.4	1349.3	2572.2	33.2	182.4	654.7	962.519	962.484	962.644	0.16																771.9	1336.6	743.1	1512.5	664	1753.1	576.9	1777.4	488	1819.5	5	778	1354	2594	41.1427	1	riding	962.5178
												AE	1		SACKS		643.3	1934.9	2540.5	52.5	382.1	364.6	963.276	963.213	963.403	0.19																605.5	1890.1	645.3	1937.5	658.1	1940.3	668.2	1959.1	617.4	1237	6	647	1929	2534	3.1613	1	sacks	963.2767
												AY	1		MINOR		807.5	1412.1	3432.7	74.1	139.7	986.9	965.411	965.389	965.539	0.15																804.7	1450.2	772.2	1666.5	707.1	1876.1	647.8	1966	546.8	2021.1	4	813	1418	3376	41.44221	1	minor	965.4078
												AA	1		MA		816.9	1341.1	3689.1	120.1	95.9	327.7	966.854	966.824	966.914	0.09																797.5	1319.4	817.4	1342	817.1	1346.6	819.9	1347.6	815.6	1351.5	4	799	1348	3381	43.0002	1	ma	966.9155
												AA	1		PA		784.2	1288.5	2759.2	49.7	171.8	367	967.279	967.232	967.372	0.14																785.2	1299.9	784.7	1288.4	759.5	1262.7	748.4	1237.8	737.8	1135.9	6	782	1268	2851	43.0001	1	pa	967.2859
												AY	1		TIDE		782.4	1358.1	2440.1	49.2	274.8	399.1	968.708	968.695	969.015	0.32																778.7	1353.9	771.3	1359.2	747.4	1281	680.3	1473.9	543.6	1910.6	6	784	1406	2656	41.1423	1	tide	968.7913
												AA	1		BARN		696	1153.6	2564.6	53.9	104.1	780.7	970.082	970.032	970.182	0.15																664.6	1093.5	700.1	1160.8	743.6	1195.2	766.5	1238.6	767.2	1312.7	5	761	1216	2074	44.6001	1	barn	970.1235
												AO	1		HORSE		496.6	769	2229.4	366.8	86.5	482.9	971.236	971.196	971.317	0.121																457.7	776.3	503.2	773.7	519.1	866.5	525.7	961.7	521.7	1052	6	486	741	2326	54.6	1	horse	971.2391
												AY	1		SIDE		782.7	1364	2473.2	37.6	287.3	367.6	972.243	972.18	972.38	0.2								s								744.9	1256.7	780.2	1357.3	751.5	1385.4	712.6	1443.1	661	1544.2	6	781	1361	2491	41.1423	1	side	972.2386
												AH	1		SUCKS		734.7	1373.6	3403.7	114.7	217.9	997.2	973.086	973.033	973.193	0.16																714	1477.7	733.9	1369.9	718.8	1430	720.7	1439.8	922.3	1518	4	708	1310	2599	6.1613	1	sucks	973.0796
												EY	1		VAGUE		570.5	2294.9	4311.1	287.5	215	863.7	974.884	974.841	975.121	0.28																553.9	2325.2	469.7	2219.2	440.7	2365	425.7	2450.7	384.7	2495.3	3	553	1984	2575	21.16211	1	vague	974.8951
												AY	1		MINER		819.3	1390.4	2297.6	92.1	167.4	1015.2	975.585	975.552	975.722	0.17																819	1397.6	768.2	1590.4	704	1823.9	550.2	1366.3	534.3	963.8	6	808	1320	2046	41.44221	1	miner	975.5765
