age	city	ethnicity	first_name	last_name	location	name	sex	state	tiernum	year	years_of_schooling	vowel	stress	pre_word	word	fol_word	F1	F2	F3	B1	B2	B3	t	beg	end	dur	cd	fm	fp	fv	ps	fs	style	glide	pre_seg	fol_seg	context	vowel_index	pre_word_trans	word_trans	fol_word_trans	F1@20%	F2@20%	F1@35%	F2@35%	F1@50%	F2@50%	F1@65%	F2@65%	F1@80%	F2@80%	nFormants	F1_man	F2_man	F3_man	plt_code	plt_stress	plt_word	t_man
												IH	1		SIX		749.1	1997.3	2863.2	99.4	192.3	385.7	17.033	17.013	17.074	0.061	1	1	6	1	3	3										726.2	1950.8	750.8	2001.3	763.2	2016.7	770.2	2033.3	757.2	2075.1	5	744	2036	2894	1.16133	1	six	17.0423
												UW	1		MOVED		560.5	1434.4	2490	160	449.5	725.7	24.312	24.225	24.486	0.261	72	3	2	2	2	3										631	1653.6	550.9	1415.9	514.3	1418.2	500.1	1344.3	531.4	1556.9	5	649	1692	2813	72.3222	1	moved	24.2546
												AE	1		LAST		887	1731	2893.3	115.7	151.8	528.2	25.409	25.376	25.476	0.1	3	3	4	1	7	0										888.2	1704.7	885.7	1737.4	875.3	1785.8	850	1771.2	808.2	1745.6	4	878	1708	2847	3.34173	1	last	25.407
												AW	1		SOUTH		813.7	1705.7	2798.8	105.7	125	1556.6	33.546	33.511	33.651	0.14	42	3	3	1	3	0										778.9	1711.7	900.9	1691.4	952.9	1591.3	921.3	1498.2	898.5	1586.2	5	960	1596	2839	42.3313	1	south	33.5808
												OW	1		JONES		738.9	1661.3	2610.9	166.1	236.5	371.4	39.846	39.831	39.891	0.06	62	4	4	2	5	3										726.8	1692.4	755.7	1587.4	770.7	1498.9	794.3	1443.1	843	1430.9	5	773	1423	2759	62.4425	1	Jones	39.8657
												AA	1		PROCTOR		874.7	1691.9	2382.9	134	249.1	330.4	42.103	42.086	42.136	0.05	5	1	6	1	8	4										865	1691.5	874.7	1691.9	885.8	1692.3	890	1702.7	887.2	1738.2	5	914	1740	2487	5.16184	1	Proctor	42.1121
												EY	1		EDUCATION		669.3	2292.6	2945.9	552.8	699.7	295.2	48.122	48.109	48.199	0.09	21	3	5	1	6	1										627.2	2173.7	559.2	1765.4	563.4	1638.7	558.1	1532.7	737	1843.3	5	590	2518	3068	21.35101	1	(edu)cation	48.1406
												ER	1		FIRST		616.3	1870.8	2231.4	131.5	188.3	313.4	52.211	52.184	52.264	0.08	94	3	4	1	1	3										608.3	1841.7	615.9	1871.1	602	1857.3	586.3	1869.8	574.8	1927.1	5	618	1878	2276	94.60013	1	first	52.2104
												EY	1		EDUCATION		481.1	2764.2	3107.9	106.5	371.9	449	58.358	58.331	58.41	0.079	21	3	5	1	6	1										477	2601.5	481.1	2772.5	479.6	2848.3	471.1	2586.5	446.1	1801.8	5	477	2871	3237	21.35101	1	(edu)cation	58.3643
												EY	1		MAJOR		573.3	2902.8	3285.7	105.3	237	323.1	58.634	58.621	58.741	0.12	21	2	5	2	2	1										565.2	2959.7	546.6	2955.9	535.3	2860.7	524.3	2723.8	504.5	2596.4	5	579	2826	3202	22.00221	1	major	58.625
												EH	1		RESUME		828.8	1853.1	2751.8	50.2	125	179.1	60.444	60.421	60.491	0.07	2	3	4	2	7	2										836.2	1840.5	826.5	1856.5	811.1	1873.9	789.2	1885.6	756.6	1834.2	5	843	1909	2841	2.34271	1	resume	60.4455
												AY	1		LIKE		760	1692.4	3038	79.8	140.8	282.8	61.359	61.361	61.421	0.06	47	1	6	1	7	0										722.9	1865.3	666.5	1983.9	613.1	2126.4	583.9	2243.6	520.8	2191.2	5	765	1760	3066	47.1617	1	like	61.3643
												AY	1		OUTSIDE		849.8	1752	2875.7	84.2	177.8	246.1	61.836	61.761	61.94	0.179	41	1	4	2	3	0										778.5	1643.1	840.5	1700	831.8	1819.9	779.3	1987.4	721.8	2070.4	5	858	1769	2879	41.1423	1	(out)side	61.8372
												IH	1		KIDS		690.7	2174.3	2936.2	118.4	144	226.7	63.236	63.199	63.31	0.111	1	1	4	2	6	3										636.9	2163	697.2	2172.5	718.9	2151.8	710.5	2122.9	648.3	2069.7	4	711	2113	2924	1.1426	1	kids	63.2603
												AO	1		ALL		885.9	1448.8	2803.5	72.5	246.1	563.7	64.555	64.505	64.655	0.15	53	5	4	2	0	0										854.5	1514.7	887.8	1441.1	894.4	1402.2	884.1	1328.6	875.6	1298.2	5	901	1439	2878	53.542	1	all	64.5722
												EY	1		PLACE		630.5	1849.9	2795.1	75.8	121.9	2544.3	65.635	65.623	65.723	0.1	21	3	4	1	8	0										618.4	1937.3	594.7	2078.9	576.4	2199.2	566.4	2061	564.3	1968.9	5	617	1993	3176	21.3428	1	place	65.6477
												AY	1		LIKE		673.3	1845.1	2896.8	94	142.3	309.6	70.667	70.653	70.733	0.08	47	1	6	1	7	0										672.8	1871.6	645.1	2036.4	604.7	2187.5	570.8	2280.5	834.4	2411.8	4	687	1878	2899	47.1617	1	like	70.6691
												EY	1		PLAYING		811.3	1826	3240.2	80.2	89.2	218.2	73.179	73.166	73.236	0.07	21	0	0	0	8	1										811.2	1838.3	803.2	1985.4	790.4	2119.1	769.8	2268.2	734	2394.6	4	800	1950	3165	21.4428	1	playing	73.1896
												EY	1		GAMES		624.8	2818.7	3990	233.9	115.3	1652	73.383	73.336	73.456	0.12	21	4	1	2	6	3										600.3	2803.9	623.1	2821.9	624.1	2797.7	643.9	2783.6	648.8	2700.9	3	611	2696	3071	21.4126	1	games	73.3814
												IH	1		KIDS		629.6	2172.9	2969.4	76.6	167.3	166.8	73.789	73.765	73.836	0.071	1	1	4	2	6	3										629.7	2190.1	628.9	2170.4	616.6	2140.2	597.6	2082.1	574.3	1958.5	4	623	2146	2987	1.1426	1	kids	73.7973
												AH	1		STUFF		908.3	1586.7	2932.4	84.2	237.5	310.8	74.179	74.126	74.286	0.16	6	3	2	1	3	0										854.8	1612	909.9	1580.5	912.4	1560.2	914.7	1567.5	889.3	1581.3	5	907	1549	2976	6.3213	1	stuff	74.1948
												IY	1		RETAIL		452.2	2326.8	2835.9	69.3	134.9	574.5	75.265	75.245	75.305	0.06	11	1	4	1	7	1										453.2	2267.4	452.1	2332.7	450.6	2375	452.9	2401.2	486.5	2387.5	4	451	2284	2643	11.14171	1	retail	75.2603
												AO	1		STORE		596.5	1169	2485.4	70.4	96.1	190	75.708	75.675	75.775	0.1	64	6	4	2	3	0										589.4	1227.9	597.9	1166.1	609.8	1168.8	616.9	1191.3	632.8	1231.8	5	645	1194	2653	64.6003	1	store	75.7147
												IY	1		REALLY		661.3	1932.8	2378.7	152	194.9	200.4	81.833	81.813	81.873	0.06	11	5	4	2	7	1										649.9	1899.6	662.8	1935.7	672.9	1941.7	680.9	1928.7	685.8	1916.6	5	698	1975	2665	11.54271	1	really	81.8543
												AE	2		MASSACHUSETTS		832.6	1967.1	2646.8	223	118.7	1139.6	84.478	84.448	84.537	0.089	3	3	4	1	2	2										842.4	1971.2	831.4	1966	829.8	1937.3	762.9	1734.3	760.8	1673.5	6	792	1971	2911	3.34222	1	Massachusetts	84.4782
												EH	1		READING		641.2	1713.3	2412.7	130.2	252.9	670.7	86.641	86.608	86.708	0.1	2	1	4	2	7	1										589.2	1634.3	651.1	1706.7	729.7	1759.3	778.8	1818.4	739.8	1827.1	5	785	1821	2856	2.1427	1	Reading	86.6762
												AE	1		GRANDFATHER		796.2	2074.5	2514.9	92.7	92.2	151.5	96.293	96.26	96.36	0.1	3	4	4	2	8	5										737.8	2057.6	806	2077.3	865.6	2090.4	882.8	2097.5	867.4	2093.7	5	877	2086	2763	3.44285	1	grandfather	96.3258
												AA	2		GRANDFATHER		935.8	1750.1	2693.2	66.8	287.8	245.6	96.556	96.5	96.669	0.169	43	3	3	2	1	1										917.4	1748.3	936.1	1750.1	935.3	1748.6	926.7	1749.9	858.2	1708.4	5	937	1756	2711	43.33111	1	(grand)father	96.578
												IY	1		BELIEVE		507.7	2549.7	2935.2	174.1	148.5	279.5	100.653	100.583	100.793	0.21	11	3	2	2	7	0										542.5	2415.7	506.6	2552.9	481.5	2566.2	495.8	2551.3	526.3	2422.2	5	500	2573	2918	11.3227	1	(be)lieve	100.6634
												IH	1		VIRGINIA		650.8	2213.7	3155.7	110.6	172.5	172.2	102.134	102.114	102.174	0.06	1	4	4	2	5	1										628.5	2215.7	652.6	2213.3	662.3	2205.5	663.9	2196.6	660.9	2180.9	4	652	2165	3114	1.44251	1	(Vir)ginia	102.1406
												EH	1		LEBANESE		788	1697.3	2919.9	96.1	223.2	193.6	103.104	103.084	103.144	0.06	2	1	1	2	7	2										807.2	1708.4	784.2	1695.1	732	1673.1	641.6	1707.9	655.4	2009.1	4	794	1668	2886	2.11272	1	Lebanese	103.0993
												OW	1		OVER		618.2	1149.9	2082.7	618.4	742.7	1074	106.202	106.195	106.285	0.09	62	3	2	2	0	1										618.4	1149.7	622	1131.5	638.2	1150.2	585.2	1109.1	541.8	1053	6	663	1169	2717	62.32201	1	over	106.219
												ER	1		THIRD		616.3	2054.3	3239.4	178	143	2149.9	110.647	110.62	110.7	0.08	94	1	4	2	3	0										622.5	2043.2	615.8	2055.7	605.2	2077	587.3	2111.7	564.7	2196.1	4	593	2017	2486	94.6003	1	third	110.6534
												OW	1		GO		614.4	1324	2479.1	589.4	302.6	473	133.941	133.93	133.98	0.05	63	0	0	0	6	0										614.4	1324	554.6	1274.2	600.7	1255.2	628.8	1244.1	646	1248.5	5	661	1297	2310	62.0006	1	go	133.9811
												EH	1		RESTAURANT		773.5	1839.3	2536.4	100.4	186.6	618.2	137.13	137.097	137.197	0.1	2	3	4	1	7	4										714.8	1863.8	783.4	1835.5	841.1	1808.7	851.4	1781.9	849.6	1826.2	5	851	1788	2885	2.34272	1	restaurant	137.1549
												AA	2		RESTAURANT		928.9	1827.6	3137.1	132.5	178.7	530.8	137.385	137.358	137.438	0.08	5	4	4	2	8	3										924.4	1852.9	929	1824.6	926.9	1791.8	911	1769	877.1	1753.5	4	913	1771	2956	43.44273	1	(restau)rant	137.3913
												AY	1		LIKE		786.7	1579.3	3018.6	144.6	239.7	207.2	138.098	138.098	138.188	0.09	47	1	6	1	7	0										745.4	1776.3	709.2	1923.5	678.4	2057.9	645	2254.8	632.1	2387	5	768	1647	3049	47.1617	1	like	138.1064
												OW	1		GO		626	1233.8	2521.2	80.1	181.1	505.7	138.393	138.368	138.468	0.1	63	0	0	0	6	0										620.5	1244.5	633.1	1233.2	637.7	1244.9	637.1	1264.7	631.3	1094.1	6	680	1279	2742	62.0006	1	go	138.4141
												EH	1		THERE		775.4	1912.3	2708	78.1	154.1	306.3	138.618	138.548	138.758	0.21	2	6	4	2	3	0										781.3	1907.1	776.2	1913.9	774.3	1897.6	766.6	1914.7	729.8	1950.5	5	752	1871	2945	24.6003	1	there	138.5694
												IY	1		SCREEN		679.7	2242.9	2554.7	130.6	140.4	340.5	142.549	142.526	142.596	0.07	11	4	4	2	8	0										664.4	2188.7	681.9	2254.4	682.9	2305.3	676.3	2316.8	656.3	2189.2	5	684	2288	2647	11.4428	1	screen	142.5551
												AY	1		IMAX		918.1	1709.2	1939.8	206.6	224.3	739.4	142.75	142.696	142.836	0.14	41	4	1	2	0	1										911.3	1609.2	916	1693.9	884.3	1797.9	830	2006.8	816.2	2168.2	6	1039	1722	3260	41.41201	1	IMAX	142.7403
												AE	2		IMAX		896.2	2148.5	3250.1	122.1	132	179.4	142.996	142.936	143.116	0.18	3	1	6	1	2	3										877.2	2248.1	898.9	2139	919.6	2011.2	919.6	1946.2	915.7	1967.4	4	862	2215	3172	3.16123	1	(I)MAX	142.9697
												OW	1		GO		618.7	1424.3	2590.4	82.7	384.8	306.9	143.488	143.465	143.556	0.091	63	0	0	0	6	0										614.3	1454.6	626.2	1386.8	634.1	1399.2	634	1430.1	630.2	1489	5	640	1413	2691	62.0006	1	go	143.5081
												AH	1		OTHER		711	1870.6	2916.1	119.2	155	197.1	149.005	148.988	149.039	0.051	6	3	3	2	0	1										708.1	1898.8	711.1	1863.1	704.9	1805.1	673.6	1731.6	631.6	1664.2	5	710	1861	2938	6.33101	1	other	149.0039
												AH	1		MONTH		868.2	1454.5	2029.8	217.6	190.2	1307.3	149.209	149.189	149.248	0.059	6	4	4	2	2	3										871.7	1450.5	867.2	1455.1	853	1450.2	835.1	1390.3	805	1369.1	6	953	1528	3349	6.44223	1	month	149.209
												EH	1		THERE		826.5	2029.7	2395.9	62.7	170.1	1235.6	153.524	153.424	153.723	0.299	2	6	4	2	3	0										834.9	2059	826.3	2020.4	806.8	1952.7	801.9	1860.7	766.2	1875.2	6	847	2115	3029	24.6003	1	there	153.464
												AW	1		ABOUT		804.3	1656.7	2802.9	128.4	289.5	259.9	159.018	158.989	159.109	0.12	42	1	4	1	1	0										745.4	1588	856.7	1712.9	880.7	1690.1	874	1666	852.2	1638.9	5	876	1679	2836	42.1411	1	(a)bout	159.0494
												AE	1		HAVE		787.7	2022.9	2589.3	49.2	106	1689.1	165.512	165.475	165.585	0.11	3	3	2	2	0	0										801.8	2034.8	785.8	2018.8	768.7	1970	739.8	1914.8	643.2	1848.7	5	814	2046	3019	3.322	1	have	165.4953
												EH	1		THERE		830.9	2037.4	2939.4	111.3	86.7	228.8	165.875	165.845	165.934	0.089	2	6	4	2	3	0										835.7	2064	830.1	2035.3	813.9	2012.9	788.8	1995.9	759.6	1986.6	5	833	2071	3111	24.6003	1	there	165.86
												IH	1		VISIT		641.5	1932.5	2613.2	122.9	204.8	934.7	166.102	166.085	166.135	0.05	1	3	4	2	1	1										639.4	1923	641.5	1932.5	636.7	1937.6	631.5	1923.5	618.9	1908.1	5	649	1954	2823	1.34211	1	visit	166.1107
												AE	1		FAMILY		750.5	2394.2	2655.9	100.1	200.7	1457.5	166.367	166.314	166.474	0.16	3	4	1	2	1	1										685.2	2146.6	762.2	2415.9	824.1	2437.7	841.7	2332.3	847.1	2157.9	5	824	2454	3057	3.41212	1	family	166.387
												AA	1		PROBABLY		890.5	1655.1	2754.2	118.8	193.4	533.9	168.07	168.047	168.117	0.07	5	1	1	2	8	1										884.5	1681	890.9	1647.4	880.5	1600	864.1	1551.9	847.2	1524.9	5	919	1722	2891	5.11282	1	probably	168.0694
												EH	1		EVER		891.8	1756.4	3034.9	101	124.1	459.7	169.583	169.557	169.636	0.079	2	3	2	2	0	1										892.2	1768.6	891.4	1753	882.1	1743.3	864.9	1735.8	842.1	1713.6	5	901	1758	3041	2.32201	1	ever	169.5865
												AO	1		ALBANY		935.2	1400.9	3002.7	60.6	76.8	218.3	176.074	176.034	176.154	0.12	53	5	4	2	0	5										942.4	1402.2	935.8	1400.9	925.6	1386.7	909.8	1373	881.8	1350.6	5	946	1412	3039	53.54205	1	Albany	176.0808
												AA	1		CONCERTS		966.8	1696.9	2029.4	168.2	168.1	946.6	176.844	176.814	176.904	0.09	5	4	4	2	6	4										958.6	1709.3	966.4	1696.2	935.6	1669.2	886	1624.9	842.9	1624.5	6	1066	1752	3058	5.44204	1	concerts	176.8472
												AA	1		LOT		987.8	1620.7	2986.3	153.3	223.6	365	177.447	177.364	177.614	0.25	5	1	4	1	7	0										959.7	1489	994.7	1634.7	1027.3	1677.5	1004	1682.9	971.3	1708	4	1002	1619	2845	5.1417	1	lot	177.5024
												AE	1		FAMILY		780.1	2324.2	3081.7	74.7	139.4	306.8	178.183	178.136	178.276	0.14	3	4	1	2	1	1										710.1	2263.4	787.6	2322.7	819.1	2282.6	817.6	2209.3	815.8	2049.3	5	817	2333	3115	3.41212	1	family	178.1905
												AW	1		OUT		809.1	1568.9	2773.7	79.6	231.9	151.4	178.996	178.966	179.085	0.119	42	1	4	1	0	0										796.9	1558.1	819.3	1558.3	832.5	1517.8	842	1471.3	826.9	1438.2	5	842	1503	2725	42.141	1	out	179.0314
												OY	1		BOYFRIEND		632.1	1396.9	2137	84.5	145	2076.9	182.105	182.075	182.165	0.09	61	3	2	1	1	1										614.4	1214.5	632.4	1412.4	631	1658.7	625.6	1837.4	625.9	1931.1	6	570	1042	2621	61.32114	1	boyfriend	182.0751
												OW	1		GOES		684.3	1413.6	2340.9	236.3	387.3	346.6	182.376	182.364	182.474	0.11	62	3	4	2	6	0										616.4	1308.5	622.5	1197.2	618.5	1222	611.4	1310.1	608.9	1458.1	6	626	1219	2487	62.0026	1	goes	182.4141
												AO	1		ALBANY		826.2	1544.1	2745.4	82.9	146.5	188.7	182.595	182.575	182.635	0.06	53	5	4	2	0	5										796.1	1557.5	829.2	1541.7	856.8	1530.4	877.4	1532.9	886.5	1539.7	5	868	1375	2633	53.54205	1	Albany	182.6477
												AA	1		COLLEGE		833.7	1501.8	2334.1	107.1	225.5	549	182.922	182.895	182.975	0.08	5	5	4	2	6	1										858	1452.3	835.9	1499.4	866.7	1470.4	865.3	1461	836.5	1528.3	6	856	1587	2905	5.54201	1	college	182.9554
												AA	1		PHARMACY		807.6	1456.7	2253.8	103.7	193.6	190	183.184	183.164	183.225	0.061	44	6	4	2	1	5										809.8	1388.6	810.8	1465.2	846.9	1543.5	873.7	1604.1	888.6	1653.3	5	881	1620	2236	44.60012	1	pharmacy	183.2118
												AA	1		LOT		906.3	1640.1	3095.7	104.3	241.4	244.4	185.718	185.691	185.771	0.08	5	1	4	1	7	0										896.8	1595.6	907.1	1643.8	901.3	1680.2	867.8	1685.9	800.3	1673.8	5	900	1643	3100	5.1417	1	lot	185.7247
												IH	1		VISITING		622.6	1929.7	2953.1	75.7	129.8	245.4	185.921	185.901	185.961	0.06	1	3	4	2	1	2										626.6	1926.7	622.3	1929.1	615	1925.1	603.8	1912.6	598.6	1890.6	4	625	1917	2974	1.34211	1	visiting	185.9269
												EY	1		DAVE		679	2278.8	3099.3	320.9	262.1	1354.8	187.833	187.821	187.931	0.11	21	3	2	2	3	0										483.8	2288.7	485	2377.3	482.4	2443.9	473.4	2459.7	471.9	2398.9	5	490	2409	3169	21.3223	1	Dave	187.8657
												AE	1		MATTHEWS		823.8	2212.4	3070	66.5	96.2	269.8	188.044	188.021	188.091	0.07	3	3	3	1	2	1										819.6	2232.2	824.2	2205.7	824.8	2165.1	826.8	2022.3	844.2	2033.2	5	830	2228	3075	3.14121	1	Matthews	188.0438
												AE	1		BAND		787.4	2202.4	2994.1	276.2	312.2	300.1	188.387	188.34	188.48	0.14	3	4	4	2	1	3										729.7	2112	793	2209.9	812.9	2155.4	834.9	2028.6	822.7	1909.4	5	750	2204	3020	3.44213	1	band	188.3999
												AA	1		NOT		978	1599.2	1982.6	248.8	344.3	382.7	195.419	195.319	195.619	0.3	5	1	4	1	4	0										1017.1	1605.9	975.7	1599	945.3	1613.8	910.2	1666.6	899.2	1765	6	1127	1797	3124	5.1414	1	not	195.4113
												AE	1		HAVE		868.7	2212.4	3096.2	171.9	135.2	173.8	197.605	197.588	197.638	0.05	3	3	2	2	0	0										872.6	2236.3	868.7	2212.4	854.7	2160.1	809.1	2058.7	736.3	1967.4	4	877	2224	3101	3.322	1	have	197.6022
												AO	1		MALL		926.2	1221.6	1828.8	134.4	87.6	1416.6	198.048	198.008	198.127	0.119	53	5	4	2	2	0										901.2	1212.1	929.6	1224.1	943.9	1255	929.8	1306.1	896.4	1317	6	978	1263	3284	53.5422	1	mall	198.058
												AO	1		NORWICH		702.6	1327.9	2275.2	106.6	188.7	242.3	199.942	199.922	199.982	0.06	64	6	4	2	4	1										691.9	1391	704.2	1322	716.6	1279.9	731.3	1267.9	744.2	1278.7	6	722	1263	2177	54.60041	1	Norwich	199.9583
												AO	1		MALL		893.4	1335.8	3077.2	106.9	107.2	262.7	201.009	200.982	201.062	0.08	53	5	4	2	2	0										877.8	1317.7	894.7	1337.2	903.1	1353.3	903.1	1364.3	903.9	1367.8	5	898	1362	2709	53.5422	1	mall	201.0437
												AE	1		AND		759.6	2438.4	3025.1	168.3	102.6	305	202.735	202.642	202.922	0.28	3	4	4	2	0	3										714.1	2512.9	774.9	2418.4	875.8	2150.7	886.8	1947	866.8	1928.1	5	726	2482	3030	3.44203	1	and	202.7118
												OW	1		GOES		604.5	1332.9	2443.3	122.8	336.3	700.5	203.672	203.662	203.712	0.05	62	3	4	2	6	0										604.5	1332.9	608.2	1328.9	603.8	1311.2	576.8	1294	559.1	1313.7	6	608	1321	2351	62.0026	1	goes	203.6905
												AA	1		COLLEGE		916.6	1805.9	2734.1	128.3	178.3	481.7	203.892	203.852	203.972	0.12	5	5	4	2	6	1										886.4	1851.7	917	1803.4	926.3	1767.3	956.1	1750	965.1	1737	4	944	1692	2853	5.54201	1	college	203.9554
												AO	1		LACROSSE		850.8	1533	2145.2	85	283.1	1063.3	206.863	206.846	206.896	0.05	53	3	4	1	8	0										853	1532.3	850.8	1533	844.7	1542.7	831.1	1552.5	821.3	1564.9	6	899	1659	2600	53.3428	1	(la)crosse	206.8586
												AH	1		BUNCH		801.1	1397.3	1754.8	74.9	196.9	984.3	211.137	211.117	211.177	0.06	6	4	4	2	1	3										778.4	1320.4	803.9	1407.4	818.3	1483.5	813.9	1499.9	795.2	1449.7	6	875	1593	2756	6.2511	1	bunch	211.1534
												AY	1		TIMES		919.4	2066.7	3047	170.1	87.8	394.3	211.391	211.377	211.487	0.11	41	4	1	2	3	3										902.4	1935.4	910.9	1969.3	919.4	2066.7	906.5	2140.6	864.2	2137.8	4	908	1959	3003	41.4123	1	times	211.4155
												AE	1		ACTUALLY		655.4	1879.7	2926.8	91.8	160.5	203.6	211.623	211.586	211.697	0.111	3	1	6	1	0	4										614.4	1779.8	662.1	1889.4	726.3	1927.8	749.2	1957.8	718.6	1976.7	5	760	1953	2873	3.16105	1	actually	211.6491
												AH	1		UNCLE		910.7	1397.8	1923	123.4	87.4	721.1	212.695	212.672	212.742	0.07	6	4	6	2	0	4										921	1393.7	907.5	1402.3	894.2	1443.7	875.3	1506.6	865.8	1558.4	6	1006	1424	3090	6.44204	1	uncle	212.6876
												AE	1		AUNT		825.4	2322.6	3010.9	76.5	128.6	815.9	213.065	213.012	213.172	0.16	3	4	4	2	0	3										807.6	2484.5	827.8	2297.2	846.7	2090.2	887.3	1978.4	900.9	1927.1	5	815	2561	3120	3.44203	1	aunt	213.0323
												AW	1		ABOUT		804.7	1514.7	2618.3	70.1	152.4	317.1	213.9	213.872	214.081	0.209	42	1	4	1	1	0										834.2	1534.9	835	1486.2	801.5	1396.5	742.4	1262.4	668.8	1074.6	5	859	1538	2718	42.1411	1	(a)bout	213.9312
												UW	1		TWO		485.2	1642.3	2534.8	107.7	206.4	435.1	214.801	214.794	214.844	0.05	73	0	0	0	3	0										485.2	1642.3	485	1604.6	492.3	1585.1	506.7	1592.2	522.9	1610.4	5	485	1615	2628	73.0003	1	two	214.8115
												AY	1		TIMES		864.8	2037.6	3071.2	110.1	204.1	350.3	215.09	215.084	215.174	0.09	41	4	1	2	3	3		s								862	2034.3	848.2	2068.1	838.2	2147.1	823.2	2224.1	811	2213	5	853	2071	3010	41.4123	1	times	215.115
												AO	1		SMALLER		831.5	1279.1	1623.1	173.1	155.7	850.6	216.215	216.192	216.262	0.07	53	5	4	2	2	1										829.9	1255.7	830.6	1284.8	824.5	1312.6	843.2	1283.3	858.6	1213.7	6	894	1357	3414	53.54201	1	smaller	216.2432
												AY	1		SIGHTSEE		754.1	1879	2937.9	112.9	153.9	288.9	217.357	217.326	217.426	0.1	47	1	4	1	3	4										739.7	1733.2	750.1	1938.2	674.8	2155.4	624.2	2292.7	676.9	2387.4	5	786	1976	2991	47.14134	1	sightsee	217.3614
												IY	1		SIGHTSEE		579.7	2537.5	3148.7	392.5	330.5	479.1	217.612	217.565	217.705	0.14	12	0	0	0	3	0										611.8	2333.2	591.9	2549.4	679.2	2641.2	696.5	2640.3	674.7	2615.1	4	638	2405	3005	12.0003	1	(sight)see	217.595
												OW	1		NO		859.7	1773.6	2145	85.2	188.1	1259.1	225.089	225.076	225.206	0.13	63	0	0	0	4	0										876.3	1680.3	873.9	1545.9	865.5	1491.9	858.5	1431.9	824.8	1369.7	6	907	1698	3024	62.0004	1	no	225.1093
												AA	1		CHICAGO		957.1	1789	2686.6	121.8	143.2	170.7	225.429	225.406	225.476	0.07	43	1	6	2	6	1										963.5	1751.4	952.1	1797.4	908.1	1831.1	831.5	1846.9	740.2	1841.9	5	970	1741	2692	43.16201	1	(Chi)cago	225.4169
												EH	1		AIRPORT		655.6	2116.6	2467.6	69.3	140.7	188.4	226.616	226.586	226.676	0.09	2	6	4	2	0	4										644.3	2231	657	2108.5	668.4	1989.5	666.2	1882.5	653.2	1752	5	637	2492	2897	24.60001	1	airport	226.5694
												AO	2		AIRPORT		653.2	1042	2290.8	130.4	117.3	124.5	226.813	226.786	226.866	0.08	64	6	4	2	1	3										671	1021.3	652.2	1044.2	655.9	1090.5	670.6	1171.2	688.2	1255.7	5	636	1047	2252	64.6001	1	(air)port	226.8201
												AY	1		TYPE		749.9	1940.2	3087.2	250.6	410.2	414.6	227.778	227.777	227.857	0.08	47	1	1	1	3	0		s								724.5	1924.8	695.3	2012.4	649.6	2073	603.4	2134.1	582.3	2157.5	4	694	1951	2944	47.1113	1	type	227.8016
												AH	1		NOTHING		893.3	1648.4	1942.9	154.7	163.2	675.8	228.45	228.426	228.497	0.071	6	3	3	1	4	1										886.3	1680.7	894	1645.2	903.4	1615.1	896.5	1596.7	862.1	1565.4	6	1007	1697	3218	6.3314	1	nothing	228.454
												AE	1		THAT		859.4	1886	3068.3	85	117.3	202.7	231.558	231.508	231.658	0.15	3	1	4	1	3	0										820.9	1864.4	863.5	1885.7	874.3	1877.1	870.9	1861.6	863.8	1805.3	4	850	1882	3088	3.1413	1	that	231.5523
												AE	1		FAMILY		682.9	2364	2877.4	86.5	210.2	693.6	236.554	236.521	236.621	0.1	3	4	1	2	1	1										627.8	2278.9	687.6	2369.7	722.8	2388.9	777.9	2342.3	809	2173.5	5	766	2414	3085	3.41212	1	family	236.5794
												AH	1		MONTH		871.8	1360.9	1714.1	129.7	149.7	1372	239.371	239.351	239.412	0.061	6	4	4	2	2	3										862.5	1330.6	873.2	1365.1	882.3	1407.2	866.6	1423.8	816.9	1425.4	6	911	1414	3323	6.44223	1	month	239.3771
												AH	1		STUFF		761.4	1679.2	3157.2	96.7	197.6	174.5	250.9	250.88	250.94	0.06	6	3	2	1	3	0										742.6	1688.7	763.1	1678.2	771.5	1653.8	735	1643.6	702.3	1667.1	4	747	1657	3127	6.3213	1	stuff	250.897
												AE	1		THAT		814.9	2033.6	3148.5	97.2	200.5	166.4	251.223	251.18	251.31	0.13	3	1	4	1	3	0										788.2	2027.4	818.3	2033.5	835.7	2019.6	842.4	2009.1	845.8	2045.1	4	807	2016	3145	3.1413	1	that	251.2232
												AH	1		UP		889.9	1568	3099	177.8	159.8	316.5	251.911	251.888	251.958	0.07	6	1	1	1	0	0										976.8	1567.9	875.9	1576.2	852.2	1592.9	822.5	1551.4	813.1	1509.1	5	837	1599	3068	6.111	1	up	251.9184
												AO	1		NORTH		776.9	1367.6	2014.5	122.8	171.1	2373.9	252.108	252.088	252.148	0.06	64	6	4	2	4	3										758.6	1414.2	778.8	1363.1	788.3	1325	791.6	1303.5	790.8	1302.6	6	806	1314	2314	54.6004	1	north	252.1321
												AY	1		TYPE		709.6	1958	2895.7	238.3	211	557.8	256.805	256.797	256.916	0.119	47	1	1	1	3	0		s								689.5	1915.7	676	2009.6	646.8	2116	620.6	2206.6	598.1	2168.3	5	685	2014	2991	47.1113	1	type	256.84
												ER	1		PERSON		605.9	1755.2	2080	110.9	209.7	183.3	257.037	257.007	257.097	0.09	94	3	4	1	1	1										601.2	1725.4	606.3	1758.7	612.8	1827	615.8	1892.5	607.5	1909.8	5	628	1873	2122	94.60011	1	person	257.0438
												OW	1		GOES		612.5	1282.5	2587.7	90.4	224.3	164.7	261.664	261.641	261.731	0.09	62	3	4	2	6	0										605.4	1285.3	624.7	1297.1	640.3	1337.4	648.1	1379.9	638.4	1470.9	5	647	1336	2752	62.0026	1	goes	261.672
												EH	1		FRIENDS		850.7	1834	2441.6	59.6	158.9	320.9	262.461	262.441	262.502	0.061	2	4	4	2	8	3										845.2	1803.8	851	1837.8	849	1863	841.8	1877.6	832.7	1881.8	5	853	1913	2879	2.44283	1	friends	262.4811
												OW	1		SNOWBOARD		727.2	1605.9	2141.9	108.5	218.7	1674.3	263.205	263.192	263.342	0.15	62	1	1	2	4	1										740.6	1417.7	710.3	1210.2	658.5	1096.6	631.1	1052.6	602.9	966.3	6	791	1337	2831	62.11201	1	snowboard	263.2346
												AO	2		SNOWBOARD		606.2	912.2	2406.5	117.4	122.1	265.6	263.452	263.402	263.552	0.15	64	6	4	2	1	3										569.7	839.9	608.4	922.1	606.7	1000.5	607.6	1034.4	612.8	1133	6	617	897	2455	64.6001	1	(snow)board	263.4483
												AH	1		STUFF		698.7	1597.2	2941.3	127.2	290.2	257.5	263.965	263.942	264.012	0.07	6	3	2	1	3	0										692.6	1507.5	700	1606.2	722.6	1654.4	755.4	1649	778.9	1616.6	5	765	1657	3041	6.3213	1	stuff	263.9896
												AE	1		THAT		821	1858.6	3008.6	68.9	125.1	176.2	264.295	264.262	264.362	0.1	3	1	4	1	3	0										790.5	1880.1	823.9	1855.5	840.3	1843.2	849.4	1832	854	1828.1	4	845	1826	3000	3.1413	1	that	264.3229
												AH	1		PUBLIC		857	1394.9	2919.1	96.9	149.8	312.7	272.637	272.617	272.677	0.06	6	1	1	2	1	1										890.6	1445.6	852.6	1391.1	811.8	1359.8	765.3	1295.7	739.9	1305.8	5	841	1403	2936	6.11214	1	public	272.642
												UW	1		POOL		489.3	883.1	2337	82.4	365.6	1372.1	273.89	273.827	274.017	0.19	72	5	4	2	1	0										487.3	911.9	489.3	888.7	494.5	886.7	548.7	886.2	639.5	944.4	6	502	913	2486	72.5421	1	pool	273.8828
												AA	1		PARKS		888.9	1418.1	2481.3	63.6	117.8	137.4	275.247	275.224	275.294	0.07	44	6	4	2	1	3										892.3	1401.8	888.7	1420.2	883.9	1449.3	877.3	1474	868.1	1492.5	5	883	1449	2429	44.60013	1	parks	275.2603
												AE	1		BASKETBALL		651.4	2374.4	2895.7	94.7	144.8	218.3	277.053	277.016	277.126	0.11	3	3	4	1	1	5										631.1	2333.9	653	2373.9	708.7	2330.7	769.2	2237.8	777.8	2078.3	5	660	2367	2916	3.34212	1	basketball	277.0594
												AO	2		BASKETBALL		858.5	1233.3	2193.1	125	205.2	2315.4	277.429	277.366	277.556	0.19	53	5	4	2	1	0										824.3	1235	859.8	1228.2	858.6	1202.3	832.4	1191.2	806.8	1191.9	6	910	1269	3076	53.5421	1	(basket)ball	277.4554
												EY	1		GAMES		759.8	2690.4	3208.2	203	282.3	502.7	278.05	277.966	278.306	0.34	21	4	1	2	6	3										713.8	2652.7	708.6	2770	679.7	2838.6	626.5	2648.6	612.1	2821.1	4	717	2655	3105	21.4126	1	games	278.0381
												AW	1		OUTSIDE		996.3	1679	2181.9	90.2	104.2	1966.5	279.718	279.709	279.829	0.12	42	1	4	1	0	4										991.1	1632.3	929.7	1528.4	869.4	1494.9	831.7	1474.4	740.7	1459.7	6	1058	1707	2880	42.14104	1	outside	279.7318
												AY	1		OUTSIDE		820.8	1977.9	3033.6	102.7	229.4	133.7	279.971	279.939	280.039	0.1	41	1	4	2	3	0		s								794.9	1865.5	818.3	2011.3	767.1	2090	664.7	2113.4	591.4	2059.6	4	813	2010	3020	41.1423	1	(out)side	279.9768
												IY	1		PEOPLE		527.7	2644.5	4190	117.1	178	1339.1	280.548	280.528	280.589	0.061	11	1	1	1	1	1										520.5	2680.4	528	2638.5	507	2575.1					3	514	2632	3058	11.11111	1	people	280.538
												OW	1		DON'T		743.7	1235.7	2689.6	89.8	205.8	194.3	280.951	280.909	281.169	0.26	62	4	4	2	3	0										779.6	1206.6	817.3	1145	810.6	1169.8	847.3	1172.5	831.1	1232.5	5	830	1187	2766	62.44233	1	don't	280.9853
												AA	1		NOT		859.5	1643.3	1871.7	84.1	291.8	543.1	282.329	282.292	282.402	0.11	5	1	4	1	4	0										837.9	1575.2	861.1	1638.2	903.1	1612	918.5	1609.1	874.1	1624.8	6	1009	1703	3224	5.1414	1	not	282.3571
												EH	1		VERY		621.4	1941.9	2438.6	59.3	181.8	239.7	282.521	282.481	282.601	0.12	2	6	4	2	1	1										619.1	1949.9	621.5	1939.6	621.6	1921.9	616.9	1907.8	618.8	1884.1	5	631	2017	2582	2.60011	1	very	282.5096
												AA	1		ECONOMY		971.4	1768.8	2894.7	140.4	117.5	423.3	284.186	284.133	284.293	0.16	5	4	4	2	6	2										933.9	1789	970.9	1765.5	966.1	1738.6	857.2	1685.8	772.6	1703.3	5	961	1745	2920	5.44202	1	(e)conomy	284.2033
												AY	1		HIGH		983.2	1853.9	2773.5	167.5	157.6	265.8	285.493	285.487	285.607	0.12	41	0	0	0	0	0										930.8	1991.4	861.3	2145.7	805.2	2265.2	777.7	2375.7	717.1	2486.3	5	970	1899	2783	41.	1	high	285.501
												AA	1		ECONOMY		950.6	1864.6	2886.7	144.4	159.3	237.5	285.74	285.707	285.807	0.1	5	4	4	2	6	2										917.5	1924.9	955	1857.8	974.5	1824.1	972.3	1809	944.7	1776.1	5	987	1824	3006	5.44202	1	(e)conomy	285.7631
												IY	1		FREE		466.8	2531	2920	231.6	121.2	555	286.606	286.566	286.687	0.121	12	0	0	0	8	0														824.7	2960.9	1172.9	3127.1	2035.1	3389.2	4	462	2427	2635	12.0008	1	free	286.5922
												AW	1		OUTDOOR		921.9	1735.4	2904.6	63.5	84	330.1	287.112	287.097	287.227	0.13	42	1	4	1	0	4										954.9	1693.7	928.1	1601.8	848.6	1475.9	762.8	1356.4	626.9	1324.3	5	976	1699	2922	42.14104	1	outdoor	287.1264
												AO	2		OUTDOOR		609.6	1269.8	2375.7	73.9	211.7	162.2	287.32	287.296	287.367	0.071	64	6	4	2	3	0										605.8	1403.4	610	1260.9	612.5	1210	617	1229.3	628.1	1321.9	5	667	1295	2453	64.6003	1	(out)door	287.3457
												EY	1		PLAY		795.2	1745.1	3075.3	103	255	469.8	288.336	288.317	288.617	0.3	22	0	0	0	8	0										758.5	2029.1	697.4	2190.6	623.8	2362.5	591.1	2485	596.5	2410.2	5	796	1990	3108	22.0008	1	play	288.3596
												EH	1		FRIENDS		882.9	1830.6	2428.2	129.9	258.1	334.2	289.429	289.412	289.462	0.05	2	4	4	2	8	3										872.3	1802.6	882.9	1830.6	893.4	1868.1	894.3	1899.5	886	1918.5	5	885	1913	2676	2.44283	1	friends	289.4469
												AY	1		TYPE		787.8	1729.5	3033.8	462.7	566.2	423.2	289.649	289.652	289.721	0.069	47	1	1	1	3	0										684.3	1901.1	649.1	1992	613.9	2068.9	613.1	2068.5	626.1	1876.2	5	679	1985	3048	47.1113	1	type	289.6719
												AY	1		I		966.8	1712.3	2108	84.3	126.6	1239.2	298.437	298.408	298.538	0.13	41	0	0	0	0	0										966.6	1701.3	957.1	1784.3	907.4	1865.1	840.4	2026.7	695.5	1955.7	6	1005	1743	2659	41.0006	1	I	298.4383
												ER	1		PERSONALLY		616	1512.3	1837.7	145.1	228.8	421.9	298.618	298.588	298.678	0.09	94	3	4	1	1	5										609.7	1467.5	616.7	1517.6	619.3	1634.3	605.9	1736	570.7	1827.4	5	634	1771	2031	94.60012	1	personally	298.6406
												OW	1		SO		661.6	1509.9	1875.6	78.2	223.2	1371.8	299.177	299.158	299.267	0.109	63	0	0	0	3	0										674.7	1496.3	703.5	1418.4	677.7	1282.3	626.4	1180.1	578.5	1095.5	6	733	1479	2823	62.0003	1	so	299.1976
												IY	1		STREET		520.1	2322.9	2693.1	145.2	213.5	249	300.542	300.522	300.582	0.06	11	1	4	1	8	0										518.2	2271.2	520.7	2327.9	527.4	2360.9	532.7	2367.7	538.1	2361.2	5	530	2377	2729	11.1418	1	street	300.5409
												AA	1		BARS		831.6	1372.3	1550.5	76	125.4	1893.7	300.992	300.942	301.092	0.15	44	6	4	2	1	3										754.4	1255.5	835.5	1381.3	847.8	1414.5	846.1	1436.2	834.2	1516.7	6	865	1422	2664	44.6001	1	bars	301.0053
												AW	1		ABOUT		805.6	1516.2	1972.9	78.8	185.9	1386.9	302.434	302.404	302.534	0.13	42	1	4	1	1	0										795.8	1523.5	832.2	1497.3	835.5	1483.5	818	1457.6	792.9	1399.4	6	889	1563	2805	42.1411	1	(a)bout	302.4568
												OW	1		OLDER		637.7	994.9	2651.5	100.4	125.5	887	303.907	303.9	303.99	0.09	62	5	4	2	0	4										631.2	998.7	607.1	983.3	596.3	976.3	590.7	974.3	584.1	973.9	6	619	1051	2785	62.54204	1	older	303.9312
												IH	1		KIDS		712.7	2269.6	3023.5	152.7	167.6	305.9	306.34	306.307	306.407	0.1	1	1	4	2	6	3										695	2338.1	712.2	2264.9	711.1	2265.1	679.8	2213	609.9	2124.1	4	719	2279	3074	1.1426	1	kids	306.3543
												OW	1		NO		886.5	1555.2	1962.8	103.4	170.7	826.4	306.588	306.567	306.747	0.18	63	0	0	0	4	0										922.8	1479.8	899.5	1406.7	853.5	1308.9	826	1195.4	799.1	1050.7	6	997	1530	2981	62.0004	1	no	306.6064
												IH	1		DIFFERENT		655.9	2145.5	2927.7	119.8	234.2	1104.2	312.389	312.372	312.422	0.05	1	3	2	1	3	1										694.1	2190.4	655.9	2145.5	619.1	2076.5	630.9	2037.3	637.3	2017.5	5	638	2006	2822	1.32132	1	different	312.4112
												EY	1		SAY		711	1882.3	2822.6	86.3	159.7	141.6	313.3	313.261	313.462	0.201	22	0	0	0	3	0										710.9	1886	703.8	2011.1	673.2	2124.4	631	2257.4	618.4	2388.9	4	710	1877	2801	22.0003	1	say	313.3044
												AA	1		PROCTOR		889.5	1622.5	2491.6	82.9	214.3	193.4	320.229	320.212	320.262	0.05	5	1	6	1	8	4										885.8	1611.1	889.5	1622.5	887.1	1660.2	871.6	1719	847.2	1782.7	5	889	1605	2505	5.16184	1	Proctor	320.2261
												UH	1		FOOTBALL		661.4	1332.6	2645.2	106.1	149.3	107.7	320.521	320.501	320.562	0.061	7	1	4	1	1	4										682.8	1381.7	657.2	1325.7	613.3	1261.5	565	1274.6	537.8	1516.6	5	695	1418	2623	7.14114	1	football	320.5081
												AO	2		FOOTBALL		854.1	1247.7	1789.1	93.1	214.3	1469.4	320.771	320.651	321.012	0.361	53	5	4	2	1	0										843.6	1259.5	854.5	1249.4	847.6	1259.5	849.7	1277.1	807.5	1262.1	6	877	1309	2795	53.5421	1	(foot)ball	320.793
												AE	1		BASKETBALL		651.1	2220.9	2945.9	59.9	144.9	215.3	321.215	321.172	321.302	0.13	3	3	4	1	1	5										651.8	2156.2	653.1	2220	709.6	2150.9	757.2	2044.8	772.1	1964.8	4	657	2212	2934	3.34212	1	basketball	321.2232
												AO	2		BASKETBALL		808.8	1440.8	2709	84.8	131.8	151.4	321.572	321.532	321.652	0.12	53	5	4	2	1	0										782.3	1386	811	1444.8	825.1	1457.9	829.3	1431.4	824.6	1392.4	5	861	1501	2855	53.5421	1	(basket)ball	321.5979
												AE	1		BASKETBALL		714.1	2109.8	2952.3	96.6	138	231.5	321.799	321.752	321.892	0.14	3	3	4	1	1	5										709	2012.3	716	2109	741.7	2097	770.4	2022.3	774.7	1929.3	4	726	2076	2870	3.34212	1	basketball	321.8172
												AA	1		POPULAR		936.8	1544.7	2626.1	49	280.3	355.1	323.202	323.162	323.282	0.12	5	1	1	1	1	2										931.6	1542.1	936.3	1547.3	923.8	1560.9	888.2	1579	778.6	1650	5	951	1637	2752	5.11112	1	popular	323.2061
												IH	1		BIG		646.5	2199.7	2937.1	90.2	99.5	208.9	326.199	326.179	326.239	0.06	1	1	6	2	1	0										651.3	2158.6	645.4	2205.3	636.4	2263.4	630.4	2343.3	624.1	2413	4	627	2266	2872	1.1621	1	big	326.2147
												EY	1		BASEBALL		626.1	2525.6	3090.3	113.1	126.4	285.4	327.046	327.034	327.144	0.11	21	3	4	1	1	4										612.8	2596.7	569.2	2663.2	524.2	2666.6	520.9	2561.4	548.1	2400.2	4	619	2513	3017	21.34212	1	baseball	327.0466
												AO	0		BASEBALL		718.3	1244	2444	99.6	213	1403.8	327.304	327.284	327.344	0.06	53	5	4	2	1	0										780.2	1417.4	721.9	1232.7	768.3	1223.7	803.8	1239.9	813.7	1244.6	6	849	1274	2846	53.5421	1	(base)ball	327.3799
												EY	1		BASEBALL		562.6	2168.8	2936.3	77.5	171.1	312.9	329.164	329.152	329.233	0.081	21	3	4	1	1	4										556.1	2215.7	550.8	2346.1	548.5	2404.7	543.7	2415.6	529.6	2343.1	4	549	2270	2863	21.34212	1	baseball	329.1748
												AY	1		HIGHSCHOOL		935.1	1933.7	2883.8	246.4	291.4	1195.7	331.305	331.293	331.393	0.1	47	3	4	1	0	4										915.9	1958.5	850.4	2061.3	779.8	2194.1	674	2237.2	602.9	2153.6	4	859	2018	2816	47.34201	1	highschool	331.3244
												AW	1		AROUND		866.2	1608	2217.9	80.2	226.6	322.5	336.382	336.37	336.42	0.05	42	4	4	2	7	0										866.2	1608	876.9	1615.1	890.3	1624	895.7	1639.3	892.6	1664.7	5	900	1629	2371	42.44273	1	(a)round	336.397
												IH	1		HERE		798.6	2378.6	2845.4	194.4	343	282.8	336.56	336.54	336.6	0.06	14	6	4	2	0	0										787.9	2222.7	798.2	2374.2	783.1	2322.4	793	2265.4	803.7	2229.1	5	739	2294	2768	14.6	1	here	336.5665
												EH	1		EXCEPT		724.7	1746.8	2596.3	130.9	176.7	922	337.576	337.553	337.623	0.07	2	1	1	1	3	3										695.2	1784.3	726.6	1743.5	729.1	1693.6	691.8	1609.9	583.3	1547.6	5	743	1751	2646	2.11133	1	(ex)cept	337.5808
												AA	1		FOLLOW		860.6	1405.6	2838.3	74	151.7	169.7	338.577	338.547	338.637	0.09	5	5	4	2	1	1										821.4	1363.1	863	1409.8	879.5	1462.4	883.1	1467.7	878.4	1446.6	5	888	1494	2956	5.54211	1	follow	338.5964
												AA	1		COLLEGE		1011.4	1620.3	2543	94.7	163.3	1933.1	342.31	342.283	342.363	0.08	5	5	4	2	6	1										997.6	1568	1011.5	1622.1	1001.6	1637.9	974.1	1626.5	940.1	1592.8	5	1014	1644	2930	5.54201	1	college	342.3201
												AA	1		MOM		946.5	1528.9	1811.8	239.9	241.8	315.4	358.531	358.491	358.611	0.12	5	4	1	2	2	0										924.9	1519.6	949.4	1533.3	954.6	1550.1	942.9	1546.2	950.4	1515.5	6	1129	1669	3215	5.4122	1	mom	358.5494
												UW	1		TOO		543.4	2020.4	2803.2	115.4	185.3	212.6	359.617	359.61	359.751	0.141	73	0	0	0	3	0										574.7	1973.1	581	1863.5	588.1	1779.2	587.3	1705.5	586.3	1743.7	5	593	2019	2777	73.0003	1	too	359.642
												UW	1		KNEW		629	2076.3	2818.9	77.3	131.6	116	360.176	360.169	360.279	0.11	73	0	0	0	4	0										632.6	2003.2	640.5	1856.8	645.9	1645.5	643.4	1412.4	639.7	1265.5	5	628	2007	2796	82.0004	1	knew	360.1919
												EH	1		ANY		891.1	1961.3	2736	78.5	89.3	2804.9	363.957	363.937	363.996	0.059	2	4	4	2	0	1										889.3	1953.3	890.5	1961.7	882.5	1958.5	868.9	1943.7	850.5	1934.2	5	894	1967	3186	2.44201	1	any	363.9597
												AY	1		I		944.9	1946.8	3059.7	91	188.8	317.6	366.255	366.214	366.334	0.12	41	0	0	0	0	0										929.3	1853.1	944.9	1953.6	927.7	2088.8	868.2	2189.5	810	2314.8	4	933	1872	2952	41.0006	1	I	366.2517
												AE	1		HAD		835.5	2079.3	2992.1	70.7	153.3	358.1	366.441	366.414	366.494	0.08	3	1	4	2	0	0										852.7	2086.9	833.1	2079.2	798.7	2088	753.7	2114	680.8	2110	4	856	2068	2892	3.142	1	had	366.4283
												IY	1		DEAL		503.3	2421.6	3074.5	123	225.5	208.8	366.96	366.934	367.013	0.079	11	5	4	2	3	0										465.9	2477.7	512.8	2408.7	561.1	2331.9	589.5	2230.8	603.1	2096.3	4	515	2411	3068	11.5423	1	deal	366.9625
												IY	1		SEEN		510.6	2627.9	3104.6	120.4	172	335.4	368.463	368.416	368.556	0.14	11	4	4	2	3	0										678.3	2418.2	511.5	2650.7	521.8	2791.2	537.2	2921.6	568.9	2867.8	4	515	2798	3216	11.4423	1	seen	368.4768
												AH	1		OTHER		815.2	1484.1	2797	100.9	259	98.3	368.922	368.885	368.996	0.111	6	3	3	2	0	1										779.8	1577.6	818.9	1485.9	845.6	1483.4	833.3	1482.1	771.7	1514.8	4	837	1430	2816	6.33101	1	other	368.9469
												IY	1		ME		587.6	2710.9	3414.1	90.5	145.8	345.1	369.929	369.886	370.016	0.13	12	0	0	0	2	0										582.1	2678	587.7	2709.9	575.9	2720.2	552.3	2695.3	535.5	2432.8	4	588	2719	3459	12.0002	1	me	369.9341
												ER	1		PERSONALLY		647.8	1713.3	1970.7	89.3	227.8	240.1	370.099	370.065	370.166	0.101	94	3	4	1	1	2										650.9	1664.8	647.9	1718.6	657.4	1825	644.2	1866.9	610.9	1804.9	6	658	1919	2306	94.60012	1	personally	370.1278
												OW	1		OVER		635	1012.4	2677.1	111.7	106	207.1	378.224	378.213	378.273	0.06	62	3	2	2	0	1										635	1012.4	638.1	989.5	629.5	947.4	620	907.9	627	897.3	5	638	987	2632	62.32201	1	over	378.2289
												OW	1		OVER		657.5	1164.3	2169.1	157.6	294.6	62.6	380.256	380.231	380.331	0.1	62	3	2	2	0	1										660.2	1278.8	651.1	1051.7	648.6	1088.9	642.1	1091.9	609.6	1070.7	6	671	1118	2191	62.32201	1	over	380.2916
												EH	1		SAID		767.1	1897.3	2917.1	83.1	266.7	192.4	380.837	380.81	380.891	0.081	2	1	4	2	3	0										702.5	1854.3	772.3	1900.4	809	1935.8	788.8	1960.2	710.6	1962.2	4	803	1905	2931	2.1423	1	said	380.8557
												EH	1		FRIEND		903.3	1857.4	2562.6	122.6	138.4	496.1	381.348	381.281	381.481	0.2	2	4	4	2	8	3										885.6	1848.2	903.7	1858.2	890.1	1871.8	883.7	1869.6	844.7	1929.1	5	912	1893	2868	2.44283	1	friend	381.3771
												AO	1		CALLED		826.1	1204.8	2729.8	108.6	164.9	365.2	383.584	383.544	383.664	0.12	53	5	4	2	6	3										823.6	1235.8	825.5	1200.3	814.6	1169.7	800.9	1176.2	765.6	1223.2	5	868	1186	2897	53.542	1	called	383.5993
												AH	1		MOTHER		861.8	1278.5	2950.9	67.5	107	267.4	383.947	383.914	384.014	0.1	6	3	3	2	2	1										857.3	1244.5	861	1286.4	840.6	1360.9	776.3	1437.9	758.2	1530.4	5	889	1267	3089	6.33121	1	mother	383.9355
												OY	1		BOYFRIEND		591.5	1035.6	2552.8	61.5	117.1	227.6	384.991	384.934	385.104	0.17	61	3	2	1	1	1										596.2	975.2	592	1049.4	602.2	1352.1	560.1	1909	553.8	2299.1	5	587	954	2504	61.32114	1	boyfriend	384.9682
												EH	1		NEVER		846	1876.9	2936.3	89.1	146.3	280.3	388.909	388.885	388.956	0.071	2	3	2	2	4	1										828.1	1897.8	846.8	1875.6	843.3	1861.9	826.9	1833.6	804	1804.8	4	836	1820	2807	2.32241	1	never	388.9169
												IY	1		EVEN		736.4	2742.7	3301.7	116.1	112.3	2760.3	398.872	398.839	398.939	0.1	11	3	2	2	0	1										766.2	2625.8	730	2745.4	684.9	2720.2	667.9	2663.1	657.4	2409.3	4	725	2737	3696	11.32201	1	even	398.8813
												AH	1		UPROARS		874.4	1384.6	2763.3	179.9	117.4	136	400.944	400.907	401.018	0.111	6	1	1	1	0	1										860.9	1601.6	879.8	1389.4	910.8	1404	899.6	1389.7	843.8	1337.4	5	954	1455	2827	6.11104	1	uproars	400.9725
												AO	2		UPROARS		632.4	1012.6	2077.6	227.7	194.5	409.6	401.145	401.128	401.178	0.05	64	6	4	2	8	3										655.2	979.8	632.4	1012.6	624.6	1053.2	624.7	1098.5	620.3	1138.6	5	613	1084	1951	64.6007	1	(up)roars	401.1605
												AY	1		MIGHT		837.8	1715.6	2708	83.9	183.4	243	401.746	401.738	401.837	0.099	47	1	4	1	2	0										828.1	1950	775.7	2121.6	686.1	2219.3	642.1	2231	644.5	2216.2	5	834	1922	2788	47.1412	1	might	401.756
												AH	1		BLOOD		876.1	1478.3	2894.4	64.4	135.6	148.3	402.138	402.108	402.198	0.09	6	1	4	2	8	0										852.3	1399.8	876.8	1484.8	863.4	1571.5	802.2	1641.7	709.8	1671.4	5	880	1486	2888	6.1428	1	blood	402.1377
												AH	1		UP		933.8	1665	2713.7	122.7	78.5	1175	403.728	403.708	403.768	0.06	6	1	1	1	0	0										918.5	1688.2	934.3	1660.9	930.7	1621.2	919.8	1580.3	907.9	1548.7	5	907	1548	2674	6.111	1	up	403.7517
												IH	1		PRETTY		580.6	2114.8	2661.8	75.5	167.5	263	404.238	404.221	404.271	0.05	1	1	4	1	8	1										586.5	2104.5	580.6	2114.8	570	2138.8	563.5	2161.3	559.4	2190.4	5	581	2168	2835	1.14181	1	pretty	404.2432
												OW	1		KNOW		834.5	1465.8	1899.4	54.1	158	978.8	406.529	406.504	406.885	0.381	63	0	0	0	4	0										802.2	1206.9	781.9	1137.3	686.4	994.1	616.6	923.4	619.3	955.7	6	882	1324	3058	62.0004	1	know	406.5551
												EH	1		THREATEN		914.7	1803.6	2488	130	217.2	651.7	407.258	407.235	407.305	0.07	2	1	4	1	8	1										868.6	1811.7	919.1	1804	949.8	1823.1	950.1	1866.2	922.9	1908.9	4	945	1840	2769	2.14181	1	threaten	407.2802
												UW	1		DO		451.1	2100.9	2622.3	134.9	309.6	377	407.601	407.594	407.705	0.111	73	0	0	0	3	0										455.3	2199.9	458.5	2048.6	467.5	1971.1	461.3	1982.2	460.4	1993.1	5	448	1822	2547	73.0003	1	do	407.6306
												IH	1		THIS		754	2046.9	2887.1	88.2	116.2	171.2	407.812	407.755	407.925	0.17	1	3	4	1	3	0										690.2	2031.8	755.3	2046.7	764.4	2040.4	767.2	2035.3	760.6	1985.2	4	759	2003	2907	1.3413	1	this	407.8471
												EH	1		THREATEN		839.6	1754.2	2371.4	67.9	200.4	366.9	408.322	408.275	408.415	0.14	2	1	4	1	8	1										791.2	1737.7	845.8	1757.3	879.1	1824.2	882.7	1904.7	886.4	1966.9	5	897	1887	2813	2.14181	1	threaten	408.3429
												AH	1		GUN		876.9	1429.8	1895.8	82	111.2	1543.1	409.288	409.225	409.415	0.19	6	4	4	2	6	0										877.2	1460.9	875.9	1426.7	865.5	1395.9	881.7	1390.5	879.7	1415.5	6	883	1402	2222	6.4426	1	gun	409.3215
												AY	1		MIND		839.4	1809.9	2794.4	82.3	234.5	397.5	411.055	411.052	411.122	0.07	41	4	4	2	2	3										828.4	1961	818.4	2069.5	807.5	2187.6	792.1	2267.3	760.5	2311.7	5	819	2058	2842	41.44223	1	mind	411.0751
												AA	1		ON		856.5	1149.4	2213.2	183.6	171.7	455.6	413.059	413.019	413.139	0.12	5	4	4	2	0	0										855.9	1084.9	850.1	1159.7	814.5	1246.1	824.7	1359.3	816.6	1417.5	6	837	1348	2442	5.442	1	on	413.0922
												AY	1		LIFE		783.6	1565.7	3073.7	97.8	150.3	175.7	413.386	413.369	413.469	0.1	47	3	2	1	7	0										782.6	1600.8	759.5	1793.8	717.6	1955.4	665.6	2063.7	636.3	2154	5	778	1524	3061	47.3217	1	life	413.3856
												AO	1		MORE		814.3	1088.4	2328	168.6	311.7	175.5	426.189	426.159	426.248	0.089	64	6	4	2	2	0										805.8	996	813.8	1095.8	812.8	1173.1	810.1	1245.9	809.2	1266.8	6	792	1170	2293	64.6002	1	more	426.2061
												IH	1		CITY		649.6	2075.9	3003	167.1	125.8	149.5	427.429	427.412	427.462	0.05	1	1	4	1	3	1										641.4	2069.8	649.6	2075.9	643.9	2078	618.6	2071.1	576.5	2058.9	4	648	2063	2991	1.14131	1	city	427.4298
												IY	1		PEOPLE		451.8	2730.6	3300.5	188.3	222.2	474.6	431.108	431.078	431.168	0.09	11	1	1	1	1	1										493.2	2711.6	456.8	2717.8	476	2643.9	503.1	2606.2	864.1	2775.2	4	468	2678	3081	11.11111	1	people	431.115
												AY	1		I'D		939.7	1803.2	2509.4	50.1	1016.5	1275.2	431.798	431.798	431.927	0.129	41	1	4	2	0	0										860.1	1451.9	862.3	1496	791.4	1643.2	715.7	1814.4	667.7	2055.4	6	884	1785	2934	41.142	1	I'd	431.8386
												AH	1		MUCH		887.7	1623.9	2956.5	143.4	144.6	365.6	433.617	433.597	433.657	0.06	6	2	5	1	2	0										898.4	1546.2	884.8	1633	851.6	1715.2	841.8	1790.7	863.9	1824.2	5	910	1588	2967	6.16123	1	much	433.6121
												OW	1		KNOW		877.8	1625.6	1823.9	173.6	230.3	940.2	434.651	434.616	434.787	0.171	63	0	0	0	4	0										875.5	1633.7	942.7	1493.9	927	1408.3	845.6	1276.8	781.4	1148.4	6	1009	1539	3229	62.0004	1	know	434.6762
												OW	1		KNOW		835.8	1466.9	2949.8	64.1	122.9	193.7	435.139	435.117	435.577	0.46	63	0	0	0	4	0										817.9	1224.4	680.6	1087.5	698.3	1063.8	688.8	981.3	724.6	901.6	5	844	1259	3042	62.0004	1	know	435.2061
												AE	1		CAN'T		716.2	2547.1	3233.2	104.8	175.5	372.6	435.86	435.827	435.927	0.1	3	4	4	2	6	3										684.2	2630	720.7	2537.4	763.7	2473	819.6	2419.7	860	2315.2	4	725	2500	3194	3.44203	1	can't	435.8685
												AH	1		JUDGE		797	1800.2	3002.5	81.3	177.1	218.2	436.327	436.297	436.387	0.09	6	2	5	2	5	0										794.4	1833.1	797.1	1802	796.2	1868.8	778.4	1951.9	692.7	2026.8	4	788	1752	2908	6.2525	1	judge	436.3272
												IH	1		HEAR		523.9	2392.2	2685.2	117.6	155.5	179.6	437.174	437.147	437.227	0.08	14	6	4	2	0	0										488.6	2478.7	528	2383.9	585.2	2278.8	637	2157.3	661.8	2024	5	555	2357	2670	14.6	1	hear	437.1805
												AW	1		ABOUT		840.9	1460.3	2581.9	56.5	89.3	111.8	437.361	437.337	437.447	0.11	42	1	4	1	1	0										838.9	1458.6	866.8	1486.2	869.5	1508	825.5	1566.8	758.2	1642.8	5	895	1520	2757	42.1411	1	(a)bout	437.3885
												IH	1		HEAR		596.4	2177.4	2478.5	108.6	191.9	236.3	438.007	437.987	438.047	0.06	14	6	4	2	0	0										567.8	2206.5	598.7	2172.7	608.2	2117.5	617.5	2053.5	622.8	1999.2	5	604	2211	2524	14.6	1	hear	438.0067
												AE	1		BAD		740.1	2335.7	3034	68.2	126.1	211	439.124	439.067	439.237	0.17	3	1	4	2	1	0										721.2	2299.1	743.7	2331.7	845.2	2229.2	913.4	2139.5	817.9	2102.9	4	722	2320	2982	3.1421	1	bad	439.1164
												AY	1		I		945.6	1709.9	3267.2	139.9	286.1	166.6	440.384	440.323	440.483	0.16	41	0	0	0	0	0										910.5	1385.7	944	1651.3	910.2	1971.9	793.8	2346.6	649.5	2584.7	4	924	1612	3178	41.0006	1	I	440.3799
												IH	1		HEAR		560	2494.5	3375.3	177.3	216.5	602.3	440.545	440.512	440.612	0.1	14	6	4	2	0	0										518.3	2592.8	562.9	2485.1	569.2	2385.7	578.4	2229	606	2106.3	4	554	2317	2890	14.6	1	hear	440.5622
												AE	1		CAN'T		791.3	2564.6	3154.4	169.6	117.4	237.1	441.865	441.799	441.998	0.199	3	4	4	2	6	3										715.4	2701	803.8	2529.4	852.5	2235.2	901.1	2061.2	889.2	1926.7	4	746	2645	3168	3.44203	1	can't	441.8543
												AE	1		BAD		722	2108.1	2967.3	84.1	170.6	190	442.798	442.762	442.871	0.109	3	1	4	2	1	0										670.2	2109.3	726.1	2102	738.7	2054	696.6	1986.4	664	1941.3	4	706	2109	2920	3.1421	1	bad	442.7916
												AH	1		JUDGE		759.5	1871.3	2866	107.2	171.2	179.1	445.545	445.498	445.638	0.14	6	2	5	2	5	0										653.3	1971.8	770	1862.8	808.2	1833.6	769.5	1883.5	642.5	1961.7	4	804	1801	2826	6.2525	1	judge	445.5608
												AY	1		RIGHT		799.5	1885.9	2486.4	69.3	193.7	288.3	447.948	447.892	448.052	0.16	47	1	4	1	7	0										760.6	1760.6	799.5	1885.9	748.5	2096.7	669.3	2255.7	590.3	2405.1	5	816	1952	2631	47.1417	1	right	447.9483
												AE	1		EXACTLY		686.7	2060.4	2892.8	107.6	141.7	166.5	448.375	448.322	448.482	0.16	3	1	6	1	3	4										654.8	2018.7	697.5	2059.7	766.6	2072.5	760.8	2092.9	698.7	2152.9	4	761	2040	2846	3.16104	1	(e)xactly	448.4127
												AA	1		COT		1021.1	1589.4	1742.8	159	263.1	1551.4	466.41	466.333	466.563	0.23	5	1	4	1	6	0										1048	1472.2	1022.6	1587	1052.4	1606.8	1015.9	1374.3	923.3	1688.7	6	1136	1671	3028	5.141	1	cot	466.4323
												AH	1		COME		890.2	1576	3075.5	111	111.3	1121.6	468.733	468.696	468.806	0.11	6	4	1	2	6	0										890.8	1594.3	890.1	1574	885.6	1523.9	879.6	1493.3	870.6	1479.3	5	924	1588	3234	6.412	1	come	468.7481
												AW	1		OUT		904.7	1876.1	3002.2	141.9	302.9	206.7	469.674	469.64	469.819	0.179	42	1	4	1	0	0										914.1	1860.5	982.4	1785.3	962.2	1750.4	897.7	1622.4	860.2	1298.1	4	991	1779	2979	42.141	1	out	469.7024
												IY	1		NEED		642.7	2701.9	3092.4	179	152	403.2	470.28	470.25	470.34	0.09	11	1	4	2	4	0										625.1	2706.9	643.9	2700.8	652.6	2646.2	654.1	2512.8	638.7	2275.3	4	647	2706	3088	11.1424	1	need	470.2798
												EH	1		BED		813.8	1865.2	2946.3	82.1	200.8	185.2	470.733	470.71	470.78	0.07	2	1	4	2	1	0										810.6	1854.9	813.8	1865.4	811.7	1865.1	803.1	1864.5	777.7	1850.7	4	812	1861	2982	2.1421	1	bed	470.7417
												EH	1		HOTEL		911.9	1721.3	2876.4	97.8	231.2	362.3	471.26	471.21	471.36	0.15	2	5	4	2	3	0										886.9	1778.9	912.6	1716.2	891.2	1630.1	886.9	1590.3	868.9	1507.8	5	946	1786	3014	2.5423	1	(ho)tel	471.268
												EH	1		BED		925.1	1855.4	2921.7	73.3	159.8	1131.8	472.976	472.919	473.089	0.17	2	1	4	2	1	0										863.8	1837.9	928.2	1857.6	949.3	1891.8	922.6	1938.1	840.2	1992	5	965	1937	3042	2.1421	1	bed	473.009
												ER	1		PERMANENT		785.2	1715.5	3508.2	263.8	169.6	1706	474.896	474.873	474.943	0.07	94	4	1	2	1	2										806.2	1702.6	790.5	1719.6	812	1756.9	808.7	1786.1	794.7	1791.9	4	728	1632	2106	94.60012	1	permanent	474.9267
												EY	1		STAYS		632.2	2538.5	3031.6	223.8	171.2	357	475.616	475.553	475.683	0.13	21	3	4	2	3	0										623.9	2358.4	620.7	2481.6	631.4	2542.5	610.2	2516.6	580.5	2305.9	4	637	2430	3058	22.0023	1	stays	475.5851
												UW	1		ROOM		754.3	1292	2471.9	154.3	157.2	1430.1	476.051	476.043	476.113	0.07	73	4	1	2	7	0										755.1	1283.9	752.4	1232.2	748.1	1168.9	739.4	1117.4	742.6	1091.5	6	754	1319	2657	72.4127	1	room	476.0484
												AA	1		COT		937	1739.2	2538.3	104.2	181.2	330.4	476.765	476.732	476.832	0.1	5	1	4	1	6	0										918.8	1760.7	940.3	1734.7	969.5	1715.6	991.1	1728.9	981.8	1805.8	5	994	1723	2602	5.141	1	cot	476.7978
												UW	1		MOVE		576.4	814.3	2437.5	221.5	113.8	466.2	477.155	477.132	477.201	0.069	72	3	2	2	2	0										580	832.5	576.5	812.9	586.2	812.7	590.7	864.9	599.2	917	6	590	808	2426	72.3222	1	move	477.1583
												AW	1		AROUND		952.3	1693	2649.2	105.5	135.2	800.6	477.397	477.341	477.682	0.341	42	4	4	2	7	3										967.2	1673.3	1014.1	1593	934.3	1403.2	903.9	1271.6	867.8	1219.7	5	1016	1613	2764	42.44273	1	(a)round	477.4569
												EH	1		BED		853.2	1842.8	2879.2	62.8	154.9	271.5	478.557	478.524	478.624	0.1	2	1	4	2	1	0										816.1	1830.1	859.1	1844.8	883.9	1860.2	860.6	1865.9	788.6	1871.3	4	894	1867	2903	2.1421	1	bed	478.5727
												ER	1		PERMANENT		727.4	1533.8	1815	138.7	299.4	711.4	480.531	480.508	480.578	0.07	94	4	1	2	1	2										756	1533.5	725.8	1535.8	719.8	1558.5	736.5	1502.4	739.8	1398.3	6	729	1553	1920	94.60012	1	permanent	480.5465
												AO	1		CAUGHT		880.9	1360.9	2570.3	133.5	150.6	1459.2	493.593	493.536	493.706	0.17	53	1	4	1	6	0										905.3	1357.2	880.3	1360.9	874.5	1335.5	886.9	1332	909.9	1369.5	5	898	1348	2671	53.141	1	caught	493.6616
												EY	1		MAYBE		668.6	2439.4	2995.8	131.4	130.8	429.4	494.581	494.553	494.613	0.06	21	1	1	2	2	1										647.1	2302.5	662.5	2403.6	668.1	2437.9	657.1	2348.2	622.9	2260.3	4	678	2278	2939	21.1122	1	maybe	494.5631
												AY	1		TRYING		894.6	1906.4	2535.5	78	140.8	1068.6	495.88	495.873	495.923	0.05	41	4	6	2	8	0										893.9	1931	886.5	1998.8	869	2086.9	845	2193.6	823.4	2293.1	5	899	1906	2568	41.00283	1	trying	495.8804
												AY	1		HIDE		1031.5	1739.3	2444.7	143.6	220.2	1063.7	496.079	496.092	496.253	0.161	41	1	4	2	0	0										982.5	1793.7	931.3	1889.5	860.2	2038	768.7	2275.1	673	2375.5	5	1011	1781	2626	41.142	1	hide	496.1024
												AA	1		GOT		931.7	1858.3	2740.9	85.7	193.8	635.7	496.892	496.852	496.972	0.12	5	1	4	1	6	0										846.6	1959.5	938.7	1846.9	967	1774.5	976.5	1821.4	908	1904.9	4	947	1720	2518	5.1416	1	got	496.9095
												AO	1		CAUGHT		930.2	1418.7	2798.2	93.9	143.5	362.7	497.142	497.102	497.222	0.12	53	1	4	1	6	0										912.3	1365.4	931.3	1428.3	924.3	1552.4	890.1	1690.8	779.4	1784.1	4	938	1462	2780	53.141	1	caught	497.1493
												IY	1		STEALING		500.1	2645.1	2989.2	107.3	259.6	287.8	497.432	497.392	497.512	0.12	11	5	4	2	3	1										445.8	2538.7	510.1	2645.1	575	2544.3	662.3	2235.5	748.7	1931.5	4	561	2629	2935	11.5423	1	stealing	497.4409
												AA	1		GOT		920.1	1836.3	2571.3	106.1	198.5	709.3	498.102	498.062	498.182	0.12	5	1	4	1	6	0										844.8	1946.3	924.8	1829.2	941.3	1787.5	929.4	1813.1	860.8	1852.5	4	941	1781	2525	5.1416	1	got	498.1197
												AO	1		CAUGHT		905.3	1314.5	2670.7	72	104.4	160.9	498.392	498.322	498.532	0.21	53	1	4	1	6	0										888.6	1316.2	906.2	1315.2	907.9	1337.7	909	1396.9	915.7	1488.8	5	968	1372	2812	53.141	1	caught	498.4029
												UW	1		DOING		432.8	2018.2	2798.1	103.8	378.7	313.7	499.23	499.222	499.292	0.07	73	0	0	0	3	1										435.1	1970.8	467	1784.8	499.9	1613.9	524.3	1543	540.6	1569.7	5	478	1800	3589	73.4423	1	doing	499.2533
												AH	1		DRUGS		850.4	1485.8	2399.1	59.7	110.7	371.6	499.579	499.532	499.672	0.14	6	1	6	2	8	3										837.1	1486.8	851	1487.5	847	1522.3	820.3	1603.2	734.9	1652.1	5	940	1681	3624	6.1628	1	drugs	499.5748
												AY	1		FINDING		950.9	1854.2	3072.2	128.6	184.4	934	500.935	500.945	501.026	0.081	41	4	4	2	1	4										929.2	2066.8	908.8	2200.3	875.2	2366.9	839.2	2466.2	798.3	2500.3	4	953	1862	3097	41.44213	1	finding	500.9363
												AW	1		OUT		992.9	1903.5	2852.4	195.6	173	417.3	501.243	501.206	501.456	0.25	42	1	4	1	0	0										1053.4	1816.3	1065.1	1670.2	928.2	1527	841.9	1302.5	719.8	1141	5	1119	1749	2916	42.141	1	out	501.2731
												EY	1		MAYBE		649.3	2534.6	2978.2	122.8	235.8	235.2	501.719	501.706	501.796	0.09	21	1	1	2	2	1										644.5	2563.6	629.3	2610.6	612.6	2654.3	609.2	2663.7	608	2579.2	4	655	2503	2990	21.1122	1	maybe	501.7146
												AH	1		MUCH		916.4	1554.9	1822.1	105.2	161.4	756.8	502.799	502.766	502.866	0.1	6	2	5	1	2	0										904.4	1456	916.2	1568	896.9	1683.8	832.9	1779.7	746.5	1822.9	6	1013	1661	2936	6.16123	1	much	502.8049
												AE	1		ACT		953	2211.3	3044.5	111.4	167.7	768.4	503.426	503.346	503.586	0.24	3	1	6	1	0	3										913.7	2299.3	958.6	2199.9	1031.6	2142.9	1089.3	2057.2	1012.5	2011.7	4	902	2348	3101	3.16163	1	act	503.3823
												AY	1		FINDING		859.8	1950.4	2950.2	106.8	109.2	1968.9	504.158	504.125	504.225	0.1	41	4	4	2	1	4										849.4	1831.3	859.3	1967.9	846.9	2090.3	822.3	2181.1	790	2213.5	5	864	2061	3044	41.44213	1	finding	504.1707
												AW	1		OUT		955.4	1853.6	2656.6	105.5	128.8	542.1	504.439	504.415	504.595	0.18	42	1	4	1	0	0										969.1	1777.7	962	1665.2	929.2	1519.2	847	1351.6	767.2	1431.9	5	1008	1784	2971	42.141	1	out	504.4565
												IH	1		OVERHEARING		653.3	2471.9	3279.9	149.7	82.9	837.5	505.897	505.874	505.944	0.07	14	6	4	2	0	1										630.7	2505.4	655	2467.8	666.1	2406.8	673.3	2323.1	693.1	2226.8	4	648	2472	3021	14.6	1	(over)hearing	505.8945
												EH	1		INVESTIGATING		804.1	1726.6	2777.3	65.7	158.8	491.6	506.799	506.772	506.852	0.08	2	3	4	1	1	5										785.1	1710.3	806	1727.4	826.6	1739.7	829.2	1748.7	833.1	1774	5	823	1735	2802	2.34211	1	(in)vestigating	506.808
												EY	2		INVESTIGATING		594.4	2568.4	3226.1	174.9	142.8	397.9	507.081	507.052	507.112	0.06	21	1	4	1	6	1										533.5	2632.2	570.4	2603	596.2	2563.1	599.8	2500.3	593.2	2412.5	4	598	2567	3236	21.1416	1	(investi)gating	507.0818
												IY	1		SCENE		650.4	2648.9	3101.2	244.3	248.4	302.4	507.431	507.391	507.511	0.12	11	4	4	2	3	0										619.2	2648.1	654.9	2651.3	710.5	2702.6	744.8	2734.3	756.1	2651.8	4	716	2714	3126	11.442	1	scene	507.4518
												EH	1		INVESTIGATING		832.7	1807.7	3388.8	142.8	192.1	540.1	507.985	507.962	508.032	0.07	2	3	4	1	1	5										827.3	1830.7	834	1805.6	844.3	1788.2	844.2	1782.5	845.8	1829.1	4	849	1795	3275	2.34211	1	(in)vestigating	507.9978
												EY	2		INVESTIGATING		586.3	2610.8	3217.4	160.9	168.4	497	508.28	508.242	508.331	0.089	21	1	4	1	6	1										560.3	2622	582.8	2613	583.7	2606.6	568.2	2575.1	540.7	2508.5	5	595	2629	3281	21.1416	1	(investi)gating	508.2792
												EH	1		BET		847.2	1917.2	2891.6	90.5	137.9	274.7	525.598	525.555	525.685	0.13	2	1	4	1	1	0										797.4	1880	857.7	1923.9	955.7	1947.7	996.6	1934.7	987.4	1970.8	4	1003	1926	2988	2.1411	1	bet	525.6406
												AO	1		MORE		747.6	1122.8	2555.3	97.8	74.1	430.5	526.111	526.084	526.164	0.08	64	6	4	2	2	0										740	1114.3	748.6	1124.2	753.8	1149.7	752.3	1204.3	759.4	1280.2	5	759	1140	2592	64.6002	1	more	526.1203
												EH	1		BET		791.4	1946.5	2738.7	59.5	128.7	356	528.539	528.502	528.613	0.111	2	1	4	1	1	0										740.7	1907.9	797.9	1953.2	826	1979.8	839.1	2032.6	803.7	2152.5	4	845	2028	2810	2.1411	1	bet	528.5746
												AW	1		AMOUNT		962.2	1432.9	1962.6	183.6	110.3	734.6	533.091	533.077	533.167	0.09	42	4	4	2	2	3										972.3	1442.6	984	1458.2	967.7	1433.4	960.2	1389.5	947.4	1341	6	1093	1517	3308	42.44223	1	(a)mount	533.1111
												EH	1		GUESS		852.9	1988.4	3000.2	96.7	159.9	250.4	534.066	534.006	534.186	0.18	2	3	4	1	6	0										750.1	2195.5	863.2	1976.3	899.8	1886.8	890.1	1845.6	840.3	1771	5	902	1895	2723	2.3416	1	guess	534.0942
												EH	1		GUESS		740.4	2204.6	2732.6	77.6	206.2	598.2	535.395	535.368	535.448	0.08	2	3	4	1	6	0										698.1	2316.5	743.2	2193.5	770.4	2009.1	784.7	1747.1	781.3	1807.6	5	775	2117	2820	2.3416	1	guess	535.4064
												EH	1		EXTRA		927.5	1661.3	2035.7	52.9	156.6	1392.8	535.897	535.864	535.964	0.1	2	1	6	1	0	4										903.3	1715.1	930.3	1657.6	945.8	1630.8	943.4	1676.3	872.9	1745.9	6	1005	1731	2846	2.16101	1	extra	535.9149
												AA	1		DOLLARS		948.7	1712.5	2821.1	110.6	276.1	298.9	538.111	538.074	538.184	0.11	5	5	4	2	3	1										932.5	1778.7	949.2	1707.7	944.9	1624.1	914	1504.2	874.7	1403.7	4	949	1730	2804	5.54231	1	dollars	538.1075
												AE	1		HAVE		932.6	1849.2	2841.7	65	212.9	1273.4	538.701	538.644	538.814	0.17	3	3	2	2	0	0										938.9	1882.1	931.7	1845.1	916.8	1814.9	898.1	1811.5	829.7	1786.3	5	952	1959	3062	3.322	1	have	538.6747
												AA	1		DOLLARS		871.4	1700.5	2985.8	71.5	226.5	209.8	539.214	539.164	539.314	0.15	5	5	4	2	3	1										823.3	1820.8	874	1690.1	872	1537	838	1434.6	812.1	1448.4	5	880	1700	3021	5.54231	1	dollars	539.2157
												EH	1		VERY		780.9	1993.9	2634.3	114.3	225.8	214.2	542.761	542.741	542.802	0.061	2	6	4	2	1	1										782.9	2005.3	764	1949.5	648.7	1500.6	543.6	1084.7	521.3	892.5	6	699	2158	2659	2.60011	1	very	542.7289
												AH	1		RUG		857.2	1688.8	1844	84.4	139.7	2027.4	552.277	552.254	552.324	0.07	6	1	6	2	7	0										822.6	1659.5	859.4	1694	851.2	1667	795.6	1630.8	708.4	1551	6	926	1811	3068	6.1627	1	rug	552.2855
												ER	1		PERMANENT		768.6	1637.5	1940.3	139.5	275	181.3	553.588	553.558	553.649	0.091	94	4	1	2	1	2										806.8	1646.8	767.9	1633.1	755.3	1616.1	770.8	1634	792.8	1630.6	6	790	1727	1937	94.60012	1	permanent	553.6106
												EH	1		BED		795.4	1742.3	2845.3	49.6	133.9	131.1	554.528	554.508	554.569	0.061	2	1	4	2	1	0										767.7	1706.8	798.6	1747.3	818.4	1787.2	827.9	1805.9	830.9	1818.7	5	832	1829	3000	2.1421	1	bed	554.5631
												AA	1		COT		1019.3	1864.6	2927.5	111.9	145.3	389.2	554.892	554.849	554.979	0.13	5	1	4	1	6	0										1053	1782.3	1013.4	1874.9	930.5	1959.4	848.9	2035.7	759.6	2077.5	5	1046	1777	2734	5.141	1	cot	554.8769
												EY	1		STAYS		590.1	2607.6	3215	190.8	129	1236	555.215	555.188	555.379	0.191	21	3	4	2	3	0										573.8	2620.7	498.7	2450.1	511	2778.1	505.8	2650	529.2	2313.1	5	593	2671	3366	22.0023	1	stays	555.2247
												IH	1		IN		828.7	2153.5	2634.7	79.5	98.1	1862.7	555.582	555.539	555.669	0.13	1	4	4	2	0	0										791.3	1813.8	830	2152.7	834.9	2127	830.6	2072.2	824.7	1788.5	6	851	2117	3263	1.442	1	in	555.6176
												EY	1		STAPLED		576.9	2445.7	3091.2	161	121.7	427.5	558.199	558.168	558.268	0.1	21	1	1	1	3	1										560.9	2342.7	573.7	2464.3	537	2472.1	502.5	2202.5	485.8	1745.6	5	579	2435	3069	21.11133	1	stapled	558.1988
												AE	1		MAT		868.9	2324.7	3186.6	54.4	114.9	892.1	559.591	559.561	559.651	0.09	3	1	4	1	2	0										861.6	2310.4	869.7	2325.7	883.2	2323.3	896.4	2312.2	912.7	2275.4	5	877	2328	3158	3.1412	1	mat	559.5978
												OW	1		THROW		807.2	1520	2243.8	66.4	156.6	120.5	561.106	561.089	561.249	0.16	63	0	0	0	8	0										816.7	1463	793.6	1363.9	746.9	1239.8	679	1074.1	698.7	1048.9	5	819	1451	2322	62.0008	1	throw	561.1251
												OW	1		GO		657.7	1703.8	2742.8	89.8	234.3	148.2	623.372	623.357	623.497	0.14	63	0	0	0	6	0										688.2	1629.7	684.4	1529.4	669.9	1438.2	644.9	1396.7	614.5	1553.3	5	686	1578	2710	62.0006	1	go	623.3951
												UW	1		TO		537.9	1949.5	2790	138.6	79.3	120.7	623.634	623.627	623.887	0.26	73	0	0	0	3	0										583.9	1868.5	599.8	1674	606.1	1458.3	586.2	1284.7	510.7	1204.4	5	570	1941	2763	73.0003	1	to	623.6477
												EH	1		VERY		642.9	2043	2794.6	78.6	53.7	244.9	624.324	624.287	624.397	0.11	2	6	4	2	1	1										638.3	2027.5	643.5	2042.9	652.2	2036.6	651.6	2033	643.8	2017.9	5	647	2041	2797	2.60011	1	very	624.3297
												EH	1		DRESS		772.7	1860.7	2442.4	102.3	263.6	494.3	624.96	624.937	625.007	0.07	2	3	4	1	8	0										734	1920.7	775.7	1853	789.9	1775.4	798.9	1743.6	805.7	1755.2	5	799	1735	2473	2.3418	1	dress	624.9829
												OW	1		CODE		693.8	1527.4	2540	151.4	314.7	545.3	625.197	625.177	625.357	0.18	62	1	4	2	6	0										720.1	1467.7	715.3	1394.5	691.2	1319.4	649.3	1327.4	624.4	1386.1	5	721	1414	2533	62.142	1	code	625.2363
												AE	1		HAVE		958.5	1814.2	2767.4	68.1	109.3	190.3	625.932	625.905	625.985	0.08	3	3	2	2	0	0										969.6	1831.4	957.2	1813.4	943	1803.2	940.5	1812.6	945.5	1894.8	5	968	1873	2698	3.322	1	have	625.9099
												AH	1		BUTTON		830.9	1509.5	2737.2	78.5	211	313	626.402	626.365	626.475	0.11	6	1	4	1	1	1										765.4	1470	835.1	1515.7	880	1595.4	913.3	1625.8	919.2	1710.2	5	915	1611	2849	6.14111	1	button	626.4337
												AW	1		DOWN		785.9	1891.1	3072.2	91.6	139.3	326.4	626.672	626.644	626.754	0.11	42	4	4	2	3	0										756.4	1902.3	848.8	1862.9	902.9	1854.2	916.6	1847.6	926.5	1808.4	4	904	1834	2933	42.4423	1	down	626.6991
												ER	1		SHIRTS		618	1909	2114.1	109.5	369.4	206.6	626.994	626.964	627.055	0.091	94	1	4	1	5	3										627.4	1916.4	616.7	1910.4	616.4	1924.8	614.5	1979	604.3	1992.7	6	624	1980	2197	94.60053	1	shirts	627.0053
												AA	1		COLLAR		978.5	1558.9	2391.4	71.4	311.4	633.5	627.475	627.425	627.575	0.15	5	5	4	2	6	1										974.7	1677.2	978.4	1554.8	979.5	1508.3	971.1	1482.6	951.9	1447.2	5	971	1481	2561	5.54201	1	collar	627.5189
												OY	1		BOYS		592.7	1183.7	2663	146.9	77.9	314.3	628.11	628.07	628.19	0.12	61	3	4	2	1	0										580.4	1057.7	593.9	1202.9	590.5	1478.6	556.7	1881.1	503.2	2095.3	5	565	952	2600	61.0021	1	boys	628.0803
												AE	1		AND		805.8	2831.2	3449.8	189.7	212.7	1291.6	628.39	628.35	628.47	0.12	3	4	4	2	0	3										744.4	2930	812.9	2813.4	859.5	2553.7	878.1	2249.2	870.4	2119.6	4	803	2933	3789	3.44203	1	and	628.361
												ER	1		GIRLS		672.4	1706.4	1983.4	195.9	196.4	639	628.646	628.619	628.7	0.081	94	5	4	2	6	3										632.1	1718.1	675.7	1702.5	707.2	1639.7	720.1	1574.1	737.9	1554.3	5	652	1707	1993	94.60053	1	girls	628.6416
												AE	1		MATTER		865.7	2011.6	3008.8	108.5	133.5	349.7	629.519	629.502	629.552	0.05	3	1	4	1	2	1										865.9	2016.5	865.7	2011.6	861.1	1995.2	854.6	1977	841.7	1966.2	4	848	1971	2840	3.14121	1	matter	629.5125
												EH	1		SEX		908.1	1863.4	2929	79.6	242.3	185.7	629.928	629.891	630.002	0.111	2	1	6	1	3	3										839.3	1864.4	913.2	1862.9	932.8	1849.7	959.7	1859.4	961.2	1908.2	4	964	1841	2823	2.16133	1	sex	629.9616
												EY	1		HATE		620.1	2755.5	3406.1	225.2	211.3	1130	630.648	630.636	630.736	0.1	21	1	4	1	0	0										591	2748.2	559.6	2768.1	539.2	2818.3	534.4	2837.7	524.2	2785.5	4	560	2756	3249	21.141	1	hate	630.6691
												OW	1		THOSE		671.1	1529.7	2796	151.8	359.9	222.9	630.874	630.866	630.936	0.07	62	3	4	2	3	0										668.2	1507.1	652	1407.3	625	1343.4	609.4	1345.3	600.2	1448.3	5	669	1470	2759	62.3423	1	those	630.8834
												ER	1		SHIRTS		608.7	1925.7	2188.1	83.2	170.6	236.6	631.129	631.085	631.216	0.131	94	1	4	1	5	3										611.9	2005.4	607.2	1917.3	586.7	1863.1	578	1836.1	559.8	1951.3	5	581	1850	2057	94.60053	1	shirts	631.1539
												UH	1		LOOK		700.2	1480.8	2808.6	108.7	161.1	741.3	632.839	632.819	632.879	0.06	7	1	6	1	7	0										721	1487.5	695.7	1479.4	640.3	1465.2	587.4	1476.9	605.5	1575.8	5	731	1495	2980	7.1617	1	look	632.8267
												AE	1		SACKS		845.5	2209.9	3356	85.4	127	657.5	633.249	633.199	633.348	0.149	3	1	6	1	3	3										779.9	2151.2	846.3	2216.2	873.7	2246.7	950.4	2206.9	968.2	2161.3	4	830	2179	2908	3.1613	1	sacks	633.2554
												AE	1		CAN'T		657.4	2495.1	3212	160.8	494	395	634.535	634.515	634.575	0.06	3	4	4	2	6	3										606.6	2523.8	664.4	2491.2	732.9	2466	788.5	2427.4	814	2393.8	4	799	2296	3140	3.44203	1	can't	634.5651
												IY	1		EVEN		635.3	2783.7	3579.9	264.6	573.3	421.3	634.665	634.635	634.725	0.09	11	3	2	2	0	1										689.8	2748.7	631.3	2783.7	583.7	2760.6	567.7	2705.3	538.7	2485.3	4	694	2749	3505	11.32201	1	even	634.6518
												AY	1		TIE		1036.7	1829.1	2832.8	89.9	303.7	692.9	634.986	634.944	635.135	0.191	41	0	0	0	3	0										1035.5	1804.9	1013.1	1952	912.9	2081.4	834	2163.5	755.1	2185.4	5	1062	1947	3225	41.0003	1	tie	634.9894
												AA	1		BOTTOM		1006.6	1603.9	3082.6	121	305.4	681.9	635.602	635.545	635.715	0.17	5	1	4	1	1	1										974.5	1612.2	1008.3	1600.5	1019.3	1589.8	995	1648.5	936.4	1772.6	4	1011	1588	3170	5.14111	1	bottom	635.6145
												AE	1		JAN		726.4	2581.9	3344.5	114.4	269.5	247.2	636.804	636.754	636.905	0.151	3	4	4	2	5	0										630.5	2609.6	742.5	2572.7	852.5	2406.1	898.2	2161.5	917.8	2067.2	5	651	2604	3345	3.4425	1	Jan	636.7865
												AA	1		GOT		960.6	1825.8	2527.9	53.4	368.3	723.4	637.118	637.045	637.265	0.22	5	1	4	1	6	0										929.9	1873.7	962.2	1826.1	963.7	1810.1	951.9	1842.9	872.2	1916.7	5	967	1805	2645	5.1416	1	got	637.1411
												EH	1		DETENTION		913.5	2034.5	3274.6	147.3	155.3	293.3	637.581	637.564	637.615	0.051	2	4	4	2	3	4										912.6	2026	913.7	2037.3	910.8	2057.6	898.3	2070.8	880.9	2078.8	4	907	2036	3029	2.44234	1	(de)tention	637.5833
												AE	1		THAT		902.7	2019.7	3210.3	89.7	167.9	411.2	638.055	638.025	638.115	0.09	3	1	4	1	3	0										891.9	2013.3	903.2	2019.5	911.9	2019.5	918.9	2022.9	913.6	2027.4	4	910	1977	3056	3.1413	1	that	638.0758
												AE	1		HAD		872.4	2024.2	2967.3	107.3	221.5	1534	639.004	638.974	639.064	0.09	3	1	4	2	0	0										873.2	2085.1	871.1	2023.3	834.4	2046.4	791.1	2074.8	737.6	2068.9	5	879	2022	3074	3.142	1	had	638.9976
												EY	1		STAY		643.6	2396.4	3388.1	177.5	128.7	221.1	639.324	639.294	639.423	0.129	22	0	0	0	3	0										642.7	2372.7	619	2485.7	577.9	2575.2	552.3	2618.3	510.9	2569.2	4	644	2379	3187	22.0003	1	stay	639.3217
												IH	1		SIX		751.9	1921.1	2985	103.7	185.1	221.4	639.774	639.744	639.834	0.09	1	1	6	1	3	3										708.9	1902	754.6	1923.5	756.6	1940.7	746.4	1972.9	732.7	2026.9	5	751	1948	2930	1.16133	1	six	639.7919
												AA	1		SOCKS		989	1705.2	2784.6	80.1	255.9	712.6	641.356	641.283	641.502	0.219	5	1	6	1	3	3										870.9	1711.9	1003.6	1713.2	1025.4	1736.7	1038.2	1725.6	1014.6	1755.3	5	1021	1743	2607	5.1613	1	socks	641.3874
												AO	1		HALL		957.7	1333.9	3102.2	116.7	158.5	273.8	642.93	642.913	642.963	0.05	53	5	4	2	0	0										965.6	1328.5	957.7	1333.9	952.2	1320.8	955	1297	960.2	1280.1	5	969	1260	3160	53.542	1	hall	642.9574
												AA	1		MONITOR		912.7	1411.2	1813.1	173	192	742.9	643.13	643.103	643.183	0.08	5	4	4	2	2	2										913.9	1366.3	910.4	1415.1	885.9	1452.1	878.6	1471.7	884.5	1529.3	6	1015	1519	3189	5.44222	1	monitor	643.1309
												AO	1		STALKS		892.4	1455.8	2743	70.6	208.3	523.9	643.623	643.583	643.703	0.12	53	1	6	1	3	3										841.2	1512.7	895.6	1451.7	930	1430.6	931	1419	893.8	1435.2	5	936	1425	2574	53.1613	1	stalks	643.6446
												IY	1		SEE		504.8	2641	3382.5	177.1	138.7	257.9	644.775	644.748	644.828	0.08	12	0	0	0	3	0										502.2	2554.2	505	2648	513.6	2705.9	514.1	2689.3	507.4	2649.5	4	502	2512	3253	12.0003	1	see	644.7629
												AW	1		OUT		1000.4	1568.4	2513.3	67.3	184.6	389.4	645.387	645.368	645.468	0.1	42	1	4	1	0	0										1004.9	1563.2	1020.2	1542.4	1000.9	1525.1	954.7	1510.6	877.9	1529.5	6	1033	1584	2684	42.141	1	out	645.4085
												AO	2		UNIFORM		690.6	1060.9	2230.9	163.3	93.3	156.1	646.454	646.437	646.488	0.051	64	6	4	2	1	3										655.4	1035.7	698.8	1067.4	753.8	1120.2	784.6	1168	803.1	1216.1	6	804	1180	2248	54.6001	1	(uni)form	646.4707
												AE	1		LAST		810.2	2087.7	3205.7	85.1	163.6	266.4	647.16	647.113	647.254	0.141	3	3	4	1	7	0										781.5	2092.2	813.3	2086.7	834.4	2045.2	823.1	1946.4	730.8	1783.8	4	780	2099	3238	3.34173	1	last	647.1399
												AA	1		JOHN		958.9	1716.4	2567.1	147.4	183.9	800.7	647.693	647.653	647.773	0.12	5	4	4	2	5	0										888.7	1828	967.7	1704.8	1032	1658.8	1063.9	1699.5	1017.2	1788.6	5	1102	1708	3397	5.4425	1	John	647.7166
												AA	1		GOT		828.8	1893.7	2725	70.1	216.8	220.4	647.901	647.874	647.954	0.08	5	1	4	1	6	0										772.4	1973.6	832.7	1888	858.1	1840.4	856.5	1806.2	839.7	1800.4	5	914	2063	2999	5.1416	1	got	647.9105
												EH	1		SUSPENDED		892.9	1736.3	2713.7	96.1	244.3	620.7	648.227	648.204	648.274	0.07	2	4	4	2	1	4										858.9	1674	894.9	1745	908.4	1844.3	898.9	1949.8	862.1	2021.7	5	947	1935	3382	2.44213	1	(su)spended	648.2379
												EH	1		SAID		781.3	1894.4	3000.2	111.4	214.9	405.6	648.917	648.884	648.983	0.099	2	1	4	2	3	0										690.2	1894.9	793.2	1892.3	842.1	1867.4	838.2	1855.7	793	1835.4	5	859	1901	3135	2.1423	1	said	648.9345
												EH	1		DRESS		663	1753.4	2537.5	81.4	207	244.5	649.832	649.802	649.892	0.09	2	3	4	1	8	0										618.3	1811.3	667.1	1748.7	716.2	1699.9	767.7	1665	791.5	1663.6	5	835	1847	2978	2.3418	1	dress	649.8665
												OW	1		CODE		725.4	1330	2584.7	324.2	364.8	766.4	650.031	650.022	650.132	0.11	62	1	4	2	6	0										678.9	1270.9	648.8	1236.6	620.8	1263	603.5	1371.1	580.7	1512.3	5	771	1239	3078	62.142	1	code	650.063
												AH	1		SUCKS		916.3	1478.5	2661.1	80.3	215.3	454.7	650.311	650.261	650.411	0.15	6	1	6	1	3	3										871.2	1535.7	917.9	1477	893.1	1504	865.3	1537.9	778.8	1544.8	5	978	1633	2994	6.1613	1	sucks	650.308
												OW	1		DON'T		738.3	1708.6	2674.5	97.8	186.7	297.6	651.229	651.212	651.282	0.07	62	4	4	2	3	0										729.6	1742.4	756.2	1626.3	768.8	1493.3	769.3	1419	759	1388	6	853	1442	3301	62.44233	1	don't	651.2732
												IY	1		SEE		490.6	2717.2	3412	156.3	147.6	542	651.522	651.482	651.602	0.12	12	0	0	0	3	0										495.7	2654.3	490.2	2722.2	488.8	2692.2	481.4	2369.6	478.1	1845	4	495	2688	3383	12.0003	1	see	651.5105
												AO	1		WRONG		920.7	1399.1	2178.4	144.2	111.1	793.6	651.908	651.872	651.981	0.109	53	4	6	2	7	0										889.1	1371.5	924	1401	941.8	1407.2	950.5	1412.6	955.8	1415.8	6	972	1422	2440	53.46273	1	wrong	651.9413
												AE	1		THAT		914.6	2033.4	3079.8	101.2	232.5	417.1	652.472	652.382	652.652	0.27	3	1	4	1	3	0										846.6	2052.1	918	2026.5	916.9	1969.2	893.1	1914.9	870.6	1892.2	4	895	2045	3077	3.1413	1	that	652.4554
												IY	1		EVEN		480.5	2783.1	3477.6	130	168.6	227	653.473	653.446	653.526	0.08	11	3	2	2	0	1										466.2	2852.2	481.5	2776.3	495.5	2687.1	506.4	2570.2	514.8	2367.7	4	486	2746	3456	11.32201	1	even	653.4767
												AA	1		FATHER		874.8	1491.6	2317.4	94.3	178.4	269.7	653.813	653.756	653.926	0.17	43	3	3	2	1	1										920	1662.3	885.1	1500.7	978.9	1583.4	982.3	1617.6	919.9	1592.2	5	1074	1867	2656	43.33111	1	father	653.8416
												EH	1		SAYS		645.8	1694.8	2802.5	99.9	194.8	330.1	654.136	654.106	654.196	0.09	2	3	4	2	3	0										651.3	1693.2	643.3	1694.4	586.4	1694.6	540.8	1702.8	517.3	1724	5	690	1792	2916	2.0023	1	says	654.1281
												OW	1		KNOW		800.9	1614.5	2612.1	139.3	230.8	129.3	654.657	654.646	654.736	0.09	63	0	0	0	4	0										803.4	1552.9	788.7	1396.7	761	1267.6	717.9	1145.3	677.3	1051.7	6	777	1382	2596	62.0004	1	know	654.6767
												IY	1		MEAN		768.6	2684.7	3469.6	197.4	239.9	560.5	655.049	655.016	655.115	0.099	11	4	4	2	2	0										771.5	2676.2	767.7	2685	777	2681	775.5	2651.6	763.2	2572.5	4	779	2686	3479	11.4422	1	mean	655.0518
												UW	1		SCHOOL		551.1	1025.3	2571	193.7	347.7	622.7	656.813	656.796	656.847	0.051	72	5	4	2	6	0										593	1067.7	550.2	1016.2	567.8	996.2	580.8	1006.5	584.6	1019.2	5	596	1049	2632	72.5426	1	school	656.8522
												AO	1		CAUGHT		862.8	1353.7	2692	97.7	136.8	215.8	672.621	672.568	672.728	0.16	53	1	4	1	6	0										863.9	1353.7	864.4	1356.3	882.5	1368.2	883.8	1370.1	893.4	1389.3	5	887	1365	2746	53.141	1	caught	672.6589
												AA	1		DON		874.5	1436.3	1849.7	119.7	193.1	375.3	676.667	676.6	676.8	0.2	5	4	4	2	3	0										870.5	1658.6	874.9	1437.4	858.7	1459.9	828.9	1488.1	820.5	1544.8	6	957	1557	2385	5.4423	1	don	676.6671
												AO	1		DAWN		894.3	1302	1653.9	118.7	138.4	1567.6	677.01	676.95	677.13	0.18	53	4	4	2	3	0										837.8	1312.6	896.7	1301.3	910.2	1273.1	909.3	1265.1	882.7	1322.5	6	915	1309	3017	53.4423	1	dawn	677.0302
												AA	1		FATHER		922.1	1612.9	2777.9	55.1	159.4	606.1	679.57	679.507	679.697	0.19	43	3	3	2	1	1										866.8	1554.2	925.5	1613.9	963.5	1618.4	968	1629.7	909.1	1685.9	5	970	1617	2833	43.33111	1	father	679.6139
												AA	1		BOTHER		965.7	1601.4	3155.1	97	228.7	709.4	680.244	680.167	680.397	0.23	5	3	3	2	1	1										898	1615.8	968.1	1601.1	962	1601.2	957.8	1631.9	908	1677.3	4	964	1575	3010	5.33111	1	bother	680.2595
												AY	1		RHYME		929.3	1711.2	2009.3	151.1	317.8	572.1	682.158	682.122	682.262	0.14	41	4	1	2	7	0		s								922.6	1709.9	926.2	1781.1	885.4	1844.6	823.6	1851.9	772.3	1753.2	6	1021	1847	3024	41.4127	1	rhyme	682.1645
												IH	1		NEARER		612.1	2623.2	3168.4	243.2	133.9	302.4	685.142	685.099	685.229	0.13	14	6	4	2	4	1										589.8	2770.7	616.4	2604.9	668.7	2475.7	672.4	2333.7	698.4	2139.3	5	591	2832	3371	14.60041	1	nearer	685.1131
												IH	1		MIRROR		624.1	2617.2	2845.8	222.9	206.3	366	685.559	685.519	685.639	0.12	14	6	4	2	2	1										629.7	2674.3	622.4	2601.8	630.8	2427.3	646	2239.8	650.6	2064	5	616	2683	3074	1.60021	1	mirror	685.5374
												UW	1		FOOL		502.4	883.5	2209	52.8	239.4	1038.5	688.784	688.737	688.877	0.14	72	5	4	2	1	0										500	895.7	500.8	887.4	490.1	913.9	488.8	931	486.9	935.3	6	503	1024	2704	72.5421	1	fool	688.8133
												AA	1		FARM		873.3	1479.1	2300.7	96.2	186.6	895.3	708.025	707.975	708.125	0.15	44	6	4	2	1	3										800.6	1403.5	882.4	1489.5	919.5	1579.2	901	1615.2	886.2	1673.4	6	942	1600	2599	44.6001	1	farm	708.0414
												AH	1		DUSK		829.9	1763.9	2973.6	64.1	153.5	374.7	708.458	708.415	708.545	0.13	6	3	4	1	3	3										796.4	1812.2	831.1	1757.2	840.3	1714	844.5	1703	843.2	1691.5	4	823	1711	2865	6.34133	1	dusk	708.4624
												AY	1		SIGHT		820.2	1659.4	2781.9	84.1	142.1	192.1	708.958	708.925	709.054	0.129	47	1	4	1	3	0										808.5	1599.3	804.8	1782.4	725.4	2027.9	602	2368	499.3	2218.2	5	828	1628	2735	47.1413	1	sight	708.9549
												AA	1		SOCKS		1036.1	1732.4	2824.3	101.1	197.5	290.3	709.435	709.375	709.554	0.179	5	1	6	1	3	3										962.6	1769.6	1041.2	1723.6	1079.9	1669.8	1065.2	1684.2	1032.5	1745.3	4	1052	1616	2646	5.1613	1	socks	709.4659
												EH	1		ELEMENTARY		838.7	2086.8	2436.4	53.1	127.3	2557	710.045	710.025	710.085	0.06	2	4	4	2	2	5										839.5	2068.6	838.3	2089.5	833.4	2116.4	826.5	2147.5	817.5	2014.2	5	846	2089	3285	2.44225	1	(ele)mentary	710.0477
												AY	1		HIGHSCHOOL		960.4	1790.2	2739.7	153.1	363.1	506.2	710.59	710.585	710.685	0.1	47	3	4	1	0	4										930.2	1901.7	847.7	2068.9	746	2260.2	647.7	2467.7	597.4	2534.7	4	919	1947	2768	47.34201	1	highschool	710.6098
												OW	1		BOAT		645.2	1041.7	2827.9	130.1	75.9	515.9	711.285	711.245	711.405	0.16	62	1	4	1	1	0										646.5	1047.2	644.1	1030.2	779.1	1391	793.1	1478.8	548.4	1375.1	5	646	1045	2897	62.1411	1	boat	711.2783
												AY	1		SLIDER		955.5	1652.7	2787.9	87.7	173.2	220.2	712.125	712.092	712.232	0.14	41	1	4	2	8	1										951.6	1593.4	914.2	1839.4	816.5	2055	731.8	2222.3	639.9	2210	5	964	1661	2792	41.14281	1	slider	712.1262
												IH	1		SIX		660.3	2108.1	3042.4	132.9	160.9	581.7	713.243	713.216	713.296	0.08	1	1	6	1	3	3										620.7	2057.8	662.6	2112.5	675.5	2162.4	653.9	2200.8	601.2	2216.4	5	678	2156	2999	1.16133	1	six	713.2548
												AY	1		TIGER		1013.6	1809.2	2675.3	210.2	463.8	763.4	713.674	713.665	713.836	0.171	41	1	6	2	3	1										972.7	1746.9	890.9	1984.1	767.2	2199	642	2540.3	549.3	2559.3	5	969	1753	2651	41.25231	1	tiger	713.7038
												ER	1		BURN		811.5	1693.8	1874.7	115.3	277.1	265	714.653	714.556	714.846	0.29	94	4	4	2	1	0										768.3	1668.2	815.6	1702.5	826.6	1725.1	814.8	1763.5	793.1	1814.8	5	789	1719	1831	94.6001	1	burn	714.7278
												AY	1		WRITING		766.3	1846.7	2141.6	94.3	338.1	589.5	715.35	715.336	715.456	0.12	47	1	4	1	7	1										757.5	1963.3	677.7	2120.2	620.9	2262.9	575.9	2518.4	515	2624.3	5	772	1813	2094	47.1417	1	writing	715.3511
												OW	1		GO		692.4	1376.4	2749.6	55.2	80.2	294	715.855	715.826	716.196	0.37	63	0	0	0	6	0										758.4	1275.6	706.3	1141.3	617.3	1027	596.3	940.1	613.2	858.7	5	760	1284	2749	62.0006	1	go	715.8997
												AO	1		STALKS		919.5	1300.9	2416.5	99	157.4	320.9	716.516	716.446	716.656	0.21	53	1	6	1	3	3										883.5	1374.3	921	1295.7	924.3	1276.1	918	1290.3	865.4	1319.7	5	925	1288	2421	53.1613	1	stalks	716.5281
												IH	2		INVENTORY		723.9	2469.2	3559.9	122.9	210.6	226.5	718.462	718.445	718.495	0.05	1	4	4	2	0	5										728.3	2483	723.9	2469.2	720.1	2438.2	721.7	2404.4	736.9	2374.5	5	721	2481	3559	1.44205	1	inventory	718.4605
												AO	1		INVENTORY		701.5	1477.5	2446.8	205.3	414.5	726.2	718.842	718.825	718.875	0.05	64	6	4	2	3	1										697.3	1533.1	701.5	1477.5	699.2	1402.5	702	1359.6	705.1	1345.9	5	709	1340	2313	54.60031	1	(inven)tory	718.8695
												ER	1		FIRM		784.1	1717.3	1962	135.5	302.3	181.2	719.943	719.853	720.123	0.27	94	4	1	2	1	0										793.7	1696.4	781.6	1714.6	769.1	1709.2	749.6	1684.3	740.5	1695.9	5	777	1728	1959	94.6001	1	firm	719.9699
												AY	1		SPIDER		893.8	1642.4	2730.3	309.6	311.2	689.2	720.81	720.813	720.973	0.16	41	1	4	2	1	1										876	1635	862.6	1880.7	777.5	2059.6	672.8	2182.8	647.7	2278.1	5	884	1726	2660	41.14211	1	spider	720.8528
												EH	1		DESK		944.4	1885.3	2789.6	58.6	170.5	263	721.536	721.473	721.663	0.19	2	3	4	1	3	3										811.4	1979	956.4	1880.2	984.4	1835.6	953.3	1826.5	881.7	1842.5	5	985	1841	2767	2.34133	1	desk	721.5603
												UW	2		RUDIMENTARY		508.6	1574.9	2176.8	205.5	515.2	325.3	722.14	722.133	722.193	0.06	73	1	4	2	7	2										508.6	1574.9	497.8	1640.2	498.3	1676.1	489.7	1748.5	480.9	1826.3	5	483	1557	2060	82.14272	1	rudimentary	722.16
												EH	1		RUDIMENTARY		897.2	2010.1	3324.5	138.1	141.9	308.4	722.35	722.333	722.383	0.05	2	4	4	2	2	5										896.3	1998	897.2	2010.1	891.8	2035.9	878.7	2054.3	860	2063	4	894	2015	3225	2.44225	1	(rudi)mentary	722.3546
												OW	1		HOME		733	1132.6	2965.5	196.5	168.1	442.2	724.756	724.735	724.905	0.17	62	4	1	2	0	0										771	1260.6	734.1	1198.7	755.8	1460.1	761.6	1649.6	716.4	1389.2	5	698	1105	2172	62.412	1	home	724.7929
												EH	1		SEX		882.8	1927.5	2879.6	55.8	124.9	153.9	725.282	725.235	725.375	0.14	2	1	6	1	3	3										762.3	1954.2	891.1	1922.6	962.8	1873	986.5	1880.4	941.1	1934.4	4	987	1871	2443	2.16133	1	sex	725.316
												AY	1		TIED		1054.1	1706.4	2649.7	82.5	201.5	265	725.902	725.864	726.165	0.301	41	1	4	2	3	0										1048.6	1727	1023.6	1896	826.8	2136.4	666.2	2210.6	634.8	2137	5	1044	1765	2715	41.0023	1	tied	725.9393
												AE	1		BAG		846.3	2286.8	3188.8	89.7	158.3	388.2	726.458	726.344	726.685	0.341	3	1	6	2	1	0										817	2288.9	852.4	2279.3	970.5	2136.4	1019.3	2024.2	943.6	1946.1	4	812	2273	3030	3.1621	1	bag	726.4318
												OW	1		NO		863.9	1800.2	2955.6	100.7	204.2	580.1	727.023	726.995	727.335	0.34	63	0	0	0	4	0										884.3	1468.9	792.5	1230.1	619.8	1037.5	738.4	2161.1	591.3	895.2	5	892	1543	2964	62.0004	1	no	727.0518
												AY	1		RIDING		984.8	1581.7	2447.5	54.5	300	360	727.915	727.859	728.019	0.16	41	1	4	2	7	1										950.9	1464.3	984.8	1581.7	941.4	1882.9	801.9	2212.2	647.7	2409.5	5	988	1508	2478	41.1427	1	riding	727.9074
												AE	1		SACKS		829.9	2216.1	3129.7	91	150.1	324.4	728.499	728.429	728.638	0.209	3	1	6	1	3	3										752.2	2165.1	834	2213.9	898.9	2160.3	981.1	2065.8	970.8	2019	4	815	2204	2808	3.1613	1	sacks	728.495
												EH	2		SEDIMENTARY		797.4	1754.2	2817.1	103.2	217.4	303.3	729.026	728.999	729.079	0.08	2	1	4	2	3	2										733.8	1717.3	802	1758.1	837.8	1797.9	837.7	1835	802.3	1849.7	5	843	1817	2871	2.14232	1	sedimentary	729.0461
												AY	1		MINOR		1097.7	1807.9	3020.1	151.5	172	335.4	729.905	729.879	730.009	0.13	41	4	4	2	2	1										1097.7	1807.9	1054.1	1931.3	960.6	2103.2	872.9	2279.2	823.9	2468.7	5	1097	1859	3060	41.44221	1	minor	729.9144
												AA	1		MA		992.4	1435.3	1894.5	193.9	270.1	611.8	730.737	730.714	730.784	0.07	43	0	0	0	2	0										951.3	1440.9	996.6	1434.6	1023.1	1415.3	1035.1	1425.7	1033.7	1436.4	6	1175	1596	3098	43.0002	1	ma	730.8031
												AA	1		PA		1026.5	1576.3	2616.4	58.1	220.2	387.2	731.13	731.074	731.243	0.169	43	0	0	0	1	0										1031.6	1583.3	1025.3	1573.6	1025.8	1586.1	1033.5	1622.8	1029.9	1627.2	5	1032	1608	2689	43.0001	1	pa	731.1757
												AY	1		TIED		1057.6	1717.3	2582.2	80.3	164.3	380.9	733.204	733.127	733.398	0.271	41	1	4	2	3	0										1054.3	1695	1051.5	1745.3	1009.1	1887.6	846	2134.1	662.7	2419.1	5	1112	1825	3441	41.0023	1	tied	733.1827
												AO	1		HORSE		650.9	1032.7	2090	150.5	109.8	141.8	735.88	735.853	735.934	0.081	64	6	4	2	0	3										633.8	974	652.4	1038.8	661.1	1110	661.9	1153.4	671.1	1223.1	6	644	947	2277	54.6	1	horse	735.8634
												AY	1		SIDE		1022	1743.5	3044.8	135.1	216.2	1371	736.61	736.523	736.844	0.321	41	1	4	2	3	0										1005.7	1727.9	1004.8	1769.6	954.9	1893.2	751.9	2221.7	601	2598.8	4	976	1624	2315	41.1423	1	side	736.6008
												AH	1		SUCKS		902.7	1553.8	2579.5	67.5	196.5	511	737.227	737.184	737.314	0.13	6	1	6	1	3	3										871.8	1634.1	905.8	1547.7	918.5	1519.7	887.3	1538.3	855.8	1564.1	5	920	1515	2488	6.1613	1	sucks	737.2471
												EY	1		VAGUE		617.6	2465	3077	135.6	257.3	229.5	739.486	739.439	739.759	0.32	21	1	6	2	1	0										608	2574	538.1	2723.4	502.9	2792.1	496.8	2751.1	474.8	2804.4	5	600	2566	3130	21.16211	1	vague	739.5017
												AY	1		MINER		948.2	1570	1795.3	226.8	209.2	1001.1	740.277	740.249	740.399	0.15	41	4	4	2	2	1		s								947.6	1581.2	898.3	1710.5	856.2	1757.6	768.5	1354.6	550.3	971.9	6	1030	1597	3094	41.44221	1	miner	740.2748
												EH	1		MARY		713.5	2438.7	3277	146.8	197.9	680	740.942	740.899	741.029	0.13	2	6	4	2	2	1										713.3	2500.9	714.1	2428.9	734.8	2336.2	760.7	2235.9	798.9	2109.7	4	711	2513	3288	24.60021	1	Mary	740.9185
