age	city	ethnicity	first_name	last_name	location	name	sex	state	tiernum	year	years_of_schooling	vowel	stress	pre_word	word	fol_word	F1	F2	F3	B1	B2	B3	t	beg	end	dur	plt_vclass	plt_manner	plt_place	plt_voice	plt_preseg	plt_folseq	style	glide	pre_seg	fol_seg	context	vowel_index	pre_word_trans	word_trans	fol_word_trans	F1@20%	F2@20%	F1@35%	F2@35%	F1@50%	F2@50%	F1@65%	F2@65%	F1@80%	F2@80%	nFormants	F1_man	F2_man	F3_man	plt_code	plt_stress	plt_word	t_man
												AY	1		NINETEEN		724	2068.2	2535.7	124.9	108.3	2301.5	25.824	25.818	25.878	0.06								s								715	2088.4	693.4	2132.7	670.4	2201.6	647	2171	622	2174.8	5	740	2063	3260	41.44241	1	nineteen	25.8175
												AO	1		BORN		676.5	937.5	2893.8	225.7	271.1	484.9	31.748	31.705	31.834	0.129																615.9	944.7	678.7	939.6	693.8	1022.4	685.1	1158.7	694.5	1321.3	6	663	934	2927	54.6001	1	born	31.7403
												AO	1		NORTH		701.5	1540.2	2284.3	55.5	180.9	243	32.328	32.304	32.375	0.071																698.7	1522.2	701.6	1544.3	702.2	1598.3	698.7	1651.3	685.9	1676.3	6	700	1517	2352	54.6004	1	north	32.3193
												AY	1		CAROLINA		710.5	1682.7	1817.2	155.6	302.2	358.5	32.766	32.734	32.845	0.111								m								701.5	1614.8	709.9	1692.9	690.3	1652.3	668.3	1623	641.2	1513.3	6	818	1710	3325	41.44271	1	(Caro)lina	32.7612
												AO	1		NORTH		635.1	1425.8	2568	68.1	83.1	580.4	33.734	33.707	33.787	0.08																633.3	1392.9	635.7	1427.8	643.4	1453.2	645.5	1490.5	635.6	1540	5	634	1420	2584	54.6004	1	north	33.7319
												AY	1		CAROLINA		724.1	1864.5	2121.4	236.8	116.4	2134.3	34.133	34.106	34.257	0.151								s								676.4	1553	704.2	1764.5	716.6	1909	681.8	2013.2	633.9	2085.2	5	761	1825	3203	41.44271	1	(Caro)lina	34.166
												EY	1		CAME		605.4	2813	3263.8	152.3	161.5	207.7	34.937	34.905	34.975	0.07																584.9	2808.6	600.8	2811.8	604.8	2812.1	592.1	2796.2	579.2	2717.1	4	632	2797	3348	21.412	1	came	34.8995
												IH	1		HERE		607.7	2519.8	3056.9	139.5	172.9	1085.4	35.232	35.145	35.405	0.26																593.7	2617.6	615	2492.3	647.3	2161.5	656.6	2040.3	660	1910.8	5	600	2645	3217	14.6	1	here	35.1869
												UW	1		TWO		529	1724	2622.9	118.5	159.1	963.2	41.258	41.251	41.341	0.09																531.7	1666.7	546.1	1538.7	563	1360.6	583	1173.8	588.1	964.1	6	545	1528	2532	73.0003	1	two	41.2834
												IY	1		THREE		642.8	2255.1	2711.2	216.5	151	286.7	41.671	41.651	41.711	0.06																629.1	2191.3	645	2262.5	663.2	2313.5	673.6	2340.9	670.9	2343	5	654	2365	3035	12.0008	1	three	41.711
												IH	1		LIVE		619.6	1601.9	2458.5	94.6	85.7	1099.9	45.366	45.346	45.406	0.06																625.2	1596	618	1601.5	597.9	1585.5	581.2	1560.6	564.1	1548.4	6	641	1611	3340	1.3227	1	live	45.348
												IY	1		EAST		530.6	2731.8	3229.5	143.4	151.4	278.2	45.582	45.556	45.635	0.079																556.5	2695	523.4	2735.4	486.8	2669.7	461.9	2426.4	451.4	2202.7	5	509	2732	3240	11.34103	1	east	45.5861
												EY	1		SAME		610.6	2154.3	2430.6	47.3	143.2	1657.9	46.71	46.666	46.785	0.119																582.3	2034.2	610.4	2144	605.7	2255.2	598.8	2221.2	596.1	2100.2	6	613	2219	2805	21.4123	1	same	46.7193
												AA	1		PART		846.9	1575.1	2298.8	85.2	288.1	410.9	46.936	46.916	46.976	0.06																837.7	1588.6	847.5	1573.5	838.6	1579.8	820.8	1633.4	803.4	1668.8	6	860	1657	2300	44.6001	1	part	46.9488
												IY	1		EAST		571.2	2591.5	3295.5	285.6	193.8	500.6	47.226	47.196	47.286	0.09																562.2	2484.9	570.4	2595.3	539.8	2599.3	486.6	2563.8	425.6	2496.9	4	579	2523	2947	11.34103	1	east	47.2298
												AY	1		I		804.7	1648.3	2729.3	98.7	543.7	397.1	48.076	48.086	48.226	0.14																786.5	1711.7	788.4	1788.3	739.4	1947.8	641.6	2099.2	588.3	2292.8	5	798	1744	2995	41.0006	1	I	48.125
												EY	1		CAME		625.5	2783.1	3357.5	155.8	259	839.7	48.369	48.326	48.416	0.09																596	2766.4	625	2779.5	621.6	2650.7	618.8	2631.9	613.6	2689.7	5	628	2793	3407	21.412	1	came	48.3588
												OW	1		OVER		676.8	1024	2666.6	52.2	100.4	526.1	50.036	49.997	50.137	0.14																718.7	1051.3	672.4	1017.8	608.6	1049	589.4	1052.5	583.3	1018.1	6	595	1071	2909	62.32201	1	over	50.0818
												AH	1		CULVER		791	1266.1	2394.2	159.9	96.7	1070.8	51.786	51.753	51.853	0.1																798	1296.2	793.6	1262.2	798.7	1250.5	782.9	1248.1	750.2	1238.6	6	827	1302	2848	6.54204	1	Culver	51.7791
												AE	1		AVE		748.6	2029.8	3056.7	312.5	150.3	588.1	52.053	52.003	52.153	0.15																755.6	1998.9	746.4	2031.8	755.2	2054.7	777.7	2078	794.9	2027.4	4	759	2006	2828	3.322	1	Ave	52.0995
												AA	1		PROCTOR		870.5	1669.4	2564.4	59.2	198.4	383.4	60.124	60.101	60.171	0.07																852	1676.3	872.3	1668.5	872.7	1683.1	870.2	1707.8	865.8	1720	5	874	1687	2596	5.16184	1	Proctor	60.14
												IH	1		STILL		749.3	1637.2	3311.1	66.9	206.6	819.5	60.624	60.591	60.691	0.1																739.2	1677.1	750.7	1628.4	752.5	1536.6	749.7	1433.8	701	1332.3	5	737	1673	3407	1.5423	1	still	60.614
												AE	1		GRADUATE		681.5	1991	2828.7	121	210.4	289.1	61.111	61.078	61.178	0.1																666.4	2006.5	683	1989.6	677.1	1980.8	640.2	1991.2	609.7	2013.3	5	689	1982	2892	3.25281	1	graduate	61.1231
												ER	1		NURSING		643.5	1736.8	2234.3	73.8	214.7	284.1	69.942	69.909	70.009	0.1																648.7	1756.4	642.3	1735.2	632.3	1687.5	591.3	1303.3	516.6	1552.8	6	656	1815	2278	94.6004	1	nursing	69.955
												IY	1		EITHER		599.5	2739	3205.2	466.4	305.4	313.8	72.689	72.659	72.749	0.09																667.7	2846.5	592.7	2726.1	552.7	2599.9	505.2	2374	440.9	2077.6	4	573	2702	3223	11.33101	1	either	72.6912
												IY	0		BE		487.4	2631.3	3042.1	275.5	505.5	612.6	73.102	73.078	73.149	0.071																498.3	2486.5	484.6	2633.7	464.1	2664.2	458.1	2671.8	487.8	2632.5	5	448	2683	3126	12.0001	1	be	73.1231
												IY	2		NEONATAL		504.1	2789.9	3190.8	108.7	97.6	1148.3	73.339	73.299	73.419	0.12																492.9	2516.4	504	2791.3	500.3	2384.7	513	2078	560.2	2079	6	474	2758	3225	11.44242	1	neonatal	73.314
												EY	1		NEONATAL		658.2	2205.3	3064.9	128.1	233.1	585.4	73.599	73.579	73.689	0.11																657.7	2223.7	623.8	2360.6	588.9	2469.5	564.8	2527.9	538.6	2437.4	5	653	2164	3166	21.14141	1	(neo)natal	73.5907
												ER	1		NURSE		718.1	1804	2451.4	105.7	131.9	299.2	73.996	73.949	74.089	0.14																710.7	1815.8	717.9	1804.2	706.4	1793.4	675.8	1787.6	594.6	1874.4	5	705	1821	2514	94.6004	1	nurse	73.9724
												IY	2		PEDIATRIC		483.7	2790.5	3206	359.8	324	473.7	74.552	74.529	74.599	0.07																505.6	2697.4	479.2	2781.7	452.1	2715.9	422.8	2575.8	418.8	2331.3	4	464	2732	3240	11.14212	1	pediatric	74.563
												AE	1		PEDIATRIC		706.7	2212.1	3083.5	157.9	338	313.6	74.742	74.709	74.809	0.1																654.3	2301.5	713.7	2200.6	735.1	2103.7	738.9	2036.5	717.6	2017.7	4	726	2038	2694	3.14104	1	(pedi)atric	74.7647
												AA	1		SORRY		719.6	1635	2882.5	101	214.7	1164.5	79.912	79.875	79.985	0.11																690.8	1601.6	724.7	1639.4	749.4	1672	748.7	1684.9	738.2	1685.7	6	710	1639	3044	5.60031	1	sorry	79.9102
												AE	1		THAT		682.6	1933.8	2997.2	57.4	149.3	248.1	81.626	81.609	81.659	0.05																680.5	1907.5	683.4	1940.4	689	1983.6	688.8	2041.8	692.1	2081.3	5	672	1816	3124	3.1413	1	that	81.6032
												AO	1		BORN		668.2	967.1	2642.9	119.6	175.4	544.2	88.368	88.315	88.474	0.159																604.2	937.6	672.3	972.9	675	1020.3	668.9	1132.9	662.1	1297	6	681	984	2647	54.6001	1	born	88.3805
												AA	1		HARTFORD		789.4	1637.2	2037.4	90.4	198.5	2037.8	88.972	88.945	89.025	0.08																832	1601.2	786.4	1641.1	758.4	1688.2	733.5	1592.1	700.5	1518.8	6	914	1556	2253	44.60004	1	Hartford	88.9424
												AE	1		DAD		600.8	2304.7	3364.2	47.1	120.2	398.7	90.318	90.278	90.398	0.12																563.4	2348.7	605	2298.5	671.3	2242.6	733.4	2134.4	757.5	1997.5	4	592	2325	3245	3.1423	1	dad	90.3094
												AO	1		BORN		593.4	1014.4	2459.8	76.6	148.7	211.5	90.658	90.628	90.717	0.089																585.8	1020.3	596	1019.9	634.6	1108.9	657.8	1172.7	676.2	1251.5	5	685	1232	2358	54.6001	1	born	90.6976
												AE	1		DAD		655.1	2266	3352.7	83.5	168.5	276	94.882	94.829	94.989	0.16																628.2	2331	659.3	2249.6	719.1	2057.3	732.4	1864.7	677	1669.6	4	617	2311	3087	3.1423	1	dad	94.8587
												IY	1		MARINES		555.2	2269	2463.1	57.4	120.1	1050.2	95.569	95.529	95.649	0.12																561.7	2127.8	555.5	2287.7	573.7	2139.4	569.7	2408.7	558	2711.4	5	548	2755	3374	11.4427	1	(ma)rines	95.6167
												AY	1		MY		1095.1	1739.5	3186	223.6	137.8	420.3	101.957	101.916	102.356	0.44																1056.5	1793	793.8	2079.6	684.4	2415.6	563.7	2591.1	475.9	2696.2	4	1091	1748	3057	41.0002	1	my	101.9641
												AO	1		BORN		690.9	952.3	2586.7	61.4	75.9	226.7	104.953	104.913	105.033	0.12																658.1	926.1	693.4	956.8	716.4	1000.1	724.3	1100.7	719.4	1220.6	6	717	990	2576	54.6001	1	born	104.9705
												IY	1		BELIEVE		461.4	2241.8	3406.8	118.1	179.5	297.4	108.193	108.16	108.26	0.1																490.3	2078.2	457.7	2260	436.6	2372.4	428.2	2499.2	452.6	2495.7	4	427	2321	3102	11.3227	1	(be)lieve	108.2172
												EY	1		CAPE		560.7	2657.9	3502.2	209.5	280.8	732.9	108.418	108.39	108.509	0.119																559.3	2652.9	537.7	2668.5	495.1	2687.2	487.4	2527.4	592.8	2403.4	4	530	2570	3149	21.111	1	cape	108.4338
												AA	1		COD		943.4	1822.7	2696	110.4	151.2	1217.4	108.699	108.619	108.859	0.24																942.3	1864.4	944.5	1819.6	967.3	1807.7	929.4	1790.9	831.4	1758.2	5	966	1805	2780	5.142	1	cod	108.7341
												AE	1		GRANDMOTHER		692.3	2030.4	2684.7	225.5	339.9	603.1	110.477	110.444	110.544	0.1																679.3	1962.1	692.4	2039.3	695.8	2095.8	709.4	2034.8	709.7	1851.2	4	660	1945	2472	3.44285	1	grandmother	110.4957
												AH	2		GRANDMOTHER		679.9	1281.5	2612.3	127.3	110.8	859.6	110.664	110.644	110.704	0.06																673.5	1269.8	680.4	1283.3	675.2	1295.3	645.6	1300.5	608.3	1345.3	5	667	1262	2559	6.33121	1	(grand)mother	110.651
												AO	1		BORN		615.5	1030	2686.5	91.3	180.8	203.1	111.167	111.114	111.274	0.16																614.5	1008.5	615.3	1035.3	635.4	1115.7	659.4	1172.1	697.1	1219.6	5	615	1041	2670	54.6001	1	born	111.1743
												AW	1		SOUTH		918.5	1668.6	3045.7	88.5	173.8	311.4	113.174	113.143	113.292	0.149																917.5	1674.1	946.2	1566.3	940.9	1520.5	883.4	1505.9	784.3	1386.6	5	962	1529	2860	42.3313	1	south	113.2083
												AE	1		AND		634.6	2703.4	3399.7	162.5	171.7	564.2	115.853	115.716	116.126	0.41																712.9	2883.7	634.7	2669.5	670.1	1720.6	871.6	1889.8	719.4	1918.8	5	775	2958	3485	3.44203	1	and	115.7536
												AY	1		MY		1034.5	1749.3	2674.8	302.8	149.5	3082.4	117.498	117.428	117.788	0.36																1034.2	1757.3	947.4	2000.4	720.1	2266.6	579.3	2587.6	524.8	2702.9	5	1033	1670	2932	41.0002	1	my	117.4638
												AH	1		OTHER		907.2	1450.5	2861.1	80.8	113.7	350.2	118.761	118.721	118.841	0.12																899.8	1506.8	908.9	1455.6	868.1	1492.9	768.2	1503.4	702.3	1511.8	5	888	1511	2880	6.33101	1	other	118.7772
												OW	1		BOTH		652.6	1105.7	2630	106.3	116.6	268.3	120.513	120.494	120.594	0.1																655.5	1106.1	682.3	1100.5	672.9	1086.2	645.3	1071.6	614.5	1075.8	5	683	1104	2801	62.3311	1	both	120.526
												AO	1		MALL		959.4	1285	2640.9	213.8	235.2	1288.2	143.327	143.254	143.474	0.22																994.8	1185.8	960	1287.9	991.8	1284.9	980.1	1237.2	901.6	1164.4	6	1019	1329	3346	53.5422	1	mall	143.3713
												OW	1		GO		596.9	992.1	2704.1	147.6	132.5	658.3	144.608	144.583	144.733	0.15																600.8	979.4	608.3	975.7	589.4	993	535.1	1001.8	509.9	1092.1	6	601	992	3081	62.0006	1	go	144.6483
												EH	1		THERE		699.6	1890.9	2455.9	77	197.6	393.8	144.933	144.803	145.193	0.39																693.6	2072	696.3	1884.4	673.5	1840.5	632.2	1800.1	608	1834.2	5	692	2105	3172	24.6003	1	there	144.8584
												AH	1		COUPLE		818.2	1282.7	1664.1	206.2	128.1	1200.3	146.095	146.078	146.128	0.05																828.8	1266.7	818.2	1282.7	798.7	1262.3	773.7	1243.5	735.4	1221.9	6	899	1326	2815	6.11101	1	couple	146.1011
												EY	1		MAYBE		599.2	2407.7	3080.5	118.9	213.8	402.2	147.859	147.83	147.93	0.1																589.4	2359.9	592.1	2409.6	552.7	2397.9	518.8	2302.7	528.4	2077.5	5	603	2416	3092	21.1122	1	maybe	147.8584
												AH	1		MONTH		984.4	1336.3	2438.2	292.7	175	898.7	148.497	148.46	148.57	0.11																959.2	1256.1	986.1	1348.7	952.2	1423.9	827.9	1447	689	1469.3	6	984	1358	2474	6.44223	1	month	148.5027
												AE	1		HAVE		813.1	2125.1	3157.9	38.2	164.9	359.8	149.203	149.169	149.27	0.101																805.5	2171.4	813.4	2119.4	815.7	1986.3	813.8	1848	806.9	1736.8	4	802	2108	3005	3.322	1	have	149.1912
												AH	1		CLUB		794.2	1329	1893.5	39.6	115.1	2560.6	149.577	149.55	149.63	0.08																799.5	1316.7	793.4	1328.8	777.4	1319.5	722.8	1282.2	604.9	1195.3	6	808	1333	3133	6.1128	1	club	149.5622
												IY	1		ME		620.2	2503.3	3175.4	134.2	312.7	318.1	150.073	150.05	150.12	0.07																628.9	2400.7	618.6	2516.2	616.6	2536.6	615.2	2496	616.1	2447.8	5	618	2576	3218	12.0002	1	me	150.0778
												EH	1		FRIENDS		809	1605.5	2429.3	251.8	167.4	697.3	150.457	150.43	150.51	0.08																772.6	1605.6	811.1	1606	830.1	1619.7	829.9	1637.3	794.4	1639.8	5	848	1637	2731	2.44283	1	friends	150.4788
												OW	1		GO		593.9	1213.2	2190.8	83.7	117.6	474.9	150.755	150.74	150.86	0.12																595.7	1155.6	591.6	1064.7	576	1036.2	564	1080.4	559.5	1158.3	6	657	1082	2539	62.0006	1	go	150.7898
												OW	1		SO		796.8	1454.7	3337.3	153.4	162	177.1	151.312	151.28	151.45	0.17																786	1487.5	839.7	1387.1	891.1	1233.4	866.1	1248.1	830	2914.7	4	756	1489	3056	62.0003	1	so	151.3075
												EH	1		NEVER		860.1	1678.8	2750.2	222.7	190.4	989.1	156.002	155.975	156.055	0.08																794.1	1704.5	863.4	1676.6	860.5	1651.2	829.7	1633.9	782.8	1610.8	5	881	1664	2801	2.32241	1	never	156.0091
												AA	1		ROCHESTER		876	1629.3	3142.3	114.4	159.5	1230	156.491	156.445	156.584	0.139																835.7	1639.6	878.5	1633	860.2	1679.6	822.6	1735.3	758.7	1817.4	4	865	1596	2547	5.16175	1	Rochester	156.5003
												AA	1		SHOPPING		939.9	1727.3	3173.2	108.1	160.4	280.2	164.549	164.502	164.642	0.14																848.4	1782.1	946.8	1723.2	987.8	1666.6	997.7	1621.8	933.6	1574	4	951	1654	3061	5.1115	1	shopping	164.56
												EH	1		FRIEND		815	1818.9	3281.7	205.2	336.2	477.2	168.806	168.786	168.846	0.06																837.1	1847.4	812.7	1814.1	791	1766.2	771	1755.1	751.7	1765.4	4	741	1658	2737	2.44283	1	friend	168.822
												AO	1		LAUREN		658.4	1012.8	2762	103.8	199.1	343.9	169.078	169.035	169.165	0.13																659.7	981.1	659.2	1020.3	670	1077.7	677.2	1175.8	682.1	1260.6	5	659	1001	2795	54.60071	1	Lauren	169.0737
												AH	1		BROTHER		824.5	1619.8	3248	98.4	272.9	279	169.812	169.786	169.865	0.079																834.6	1670.9	822.6	1613.2	808.7	1589.6	787.1	1580.5	734.7	1559.9	4	802	1543	2827	6.33181	1	brother	169.803
												AE	1		HAD		761.4	2084.3	3385.7	79.7	142.7	298.3	170.105	170.085	170.146	0.061																761.9	2095.8	760.7	2081	748	2036.4	716.9	1967.1	674.8	1913.5	4	767	2107	3419	3.142	1	had	170.0968
												AA	1		HOCKEY		1086.6	1715.3	3188.2	198.2	198.9	781.2	170.352	170.325	170.406	0.081																1078.2	1683.6	1088.3	1718.3	1091.5	1750.6	1057.9	1769	1009.9	1786.3	4	1096	1733	3272	5.16101	1	hockey	170.3584
												EH	1		THERE		736.5	1919.5	3199.7	96	91.6	250.2	171.026	170.986	171.106	0.12																734.3	1915.6	736.8	1919.4	738.8	1918.9	738	1923.9	743.4	1936.4	4	728	1898	3355	24.6003	1	there	170.9941
												AO	0		ALREADY		804.6	1655.9	2831.7	68.8	131.3	823.6	171.946	171.929	171.979	0.05																791.1	1648.7	804.6	1655.9	810.8	1658.7	810.1	1662.9	807.1	1670.1	5	815	1661	2688	53.54205	1	already	171.9528
												EH	1		THERE		734.6	2082.4	3130	82.1	175.4	879.4	172.295	172.218	172.449	0.231																726.6	2017.7	735.3	2083	721.7	2034.7	698.1	1932.6	650.7	1830.9	5	728	2078	3221	24.6003	1	there	172.2775
												OW	1		SO		731.5	1480.3	1875.6	89.6	175.1	1677.4	173.077	173.058	173.228	0.17																788	1422.8	782.6	1337.9	766.5	1290	738.2	1190.6	659.4	1058	6	807	1486	3344	62.0003	1	so	173.0882
												AA	1		SHOPPING		983.4	1672.2	3531.4	131.5	155.8	475.8	173.886	173.846	173.966	0.12																942.2	1711.5	987.9	1667.9	1018.5	1634.1	1024.3	1611.8	953.4	1548.9	4	991	1593	2926	5.1115	1	shopping	173.9083
												AA	1		HOCKEY		1035.8	1609.4	2901.6	121.9	230.1	750.7	174.906	174.876	174.966	0.09																1024.8	1555.7	1036	1614.2	1021.7	1670.3	994.1	1710.5	950.4	1746.3	5	1035	1586	2892	5.16101	1	hockey	174.8992
												EH	1		NEVER		792.6	1716	2879.3	202.1	215	641.2	178.491	178.448	178.578	0.13																853.9	1752.5	782.3	1706.1	724.4	1634	663.8	1602	632.7	1626	5	873	1754	3052	2.32241	1	never	178.4684
												AO	1		ALBANY		966.4	1345.9	2098.1	112.3	98.3	2277.2	182.627	182.58	182.72	0.14																978.7	1394.1	962.9	1341.3	936.6	1321.5	931.9	1314.4	902	1308	6	951	1325	2766	53.54205	1	Albany	182.6467
												EH	1		SCHENECTADY		918.2	1837.9	2203.8	341.8	277.1	1267.3	184.051	184.028	184.098	0.07																832.1	1814.6	932.1	1841.4	971.9	1862.3	956.4	1850.9	786.3	1506.2	6	970	1883	2648	2.16145	1	(Sche)nectady	184.0609
												EH	1		NEVER		702	1653.4	2614.3	145.8	262.6	458.9	184.524	184.507	184.558	0.051																689.4	1651.3	705	1654.3	723.6	1662.9	730.5	1666.6	730.7	1667.9	5	729	1662	2557	2.32241	1	never	184.5349
												AO	1		ALBANY		963.3	1408.9	3019	135.7	190.4	337.9	185.431	185.408	185.477	0.069																963.2	1407.8	963.7	1408.6	972.8	1403.3	974.3	1399.9	969.1	1393.9	4	954	1384	2923	53.54205	1	Albany	185.4657
												AE	1		BASKETBALL		716.8	2187.3	3118	113.7	241.2	307.4	187.729	187.679	187.829	0.15																645.7	2171.1	725	2179.3	764.1	2082.1	782.2	2038.9	775.3	1889.6	4	611	2101	2976	3.34212	1	basketball	187.6984
												EY	1		GAME		618.7	2745.3	3237.3	62.3	197.2	305.3	188.323	188.228	188.419	0.191																605.4	2619.4	616.7	2227.6	618.7	2745.3	615.9	2744.9	623.5	2707.7	5	599	2594	3068	21.4126	1	game	188.2576
												AA	1		PROCTOR		875.4	1614.4	2344.9	159.9	216.7	759.4	189.266	189.223	189.353	0.13																864.2	1648.5	879.9	1614.6	907.5	1630.9	899.8	1679.5	812.5	1759.4	5	912	1645	2463	5.16184	1	Proctor	189.3008
												EY	1		PLAYOFFS		728	1750.1	3408.7	54.5	135	175.9	190.389	190.377	190.557	0.18																711	1998.2	665.9	2213.3	662.1	2301.6	715.4	2153.1	783.1	1956.8	4	718	1927	3369	21.3218	1	playoffs	190.3847
												AH	1		SOMETHING		789.2	1424.9	2979.2	286.1	300.7	835.8	194.203	194.183	194.243	0.06																749.4	1480.9	794.6	1419.6	827.1	1378.8	802.5	1332.7	737	1287.6	5	852	1368	3009	6.41232	1	something	194.2169
												EH	1		THERE		653.3	2092.7	2744.1	57.7	217.2	412.8	200.376	200.272	200.583	0.311																655.8	2181.5	652.2	2078.8	654.8	1973.2	643.6	1870.4	630	1845.2	5	661	2182	3216	24.6003	1	there	200.3048
												AO	1		FOUR		626.2	913.6	2662.3	115.5	86.2	620.6	205.48	205.447	205.546	0.099																596.7	906.7	630.4	916.8	654.9	980.7	659.9	1087.3	657.1	1192.1	6	597	910	2785	64.6001	1	four	205.4619
												EY	1		DAYS		617.4	2183.4	3285.4	98.6	162.8	303.7	205.652	205.636	205.777	0.141																613.3	2260.4	581.9	2398.4	518.4	2475	475.7	2352	467.9	2156.6	4	614	2214	3199	22.0023	1	days	205.6614
												AO	1		OFF		856.7	1479.5	1819	76.1	186.2	1274.7	205.866	205.826	205.947	0.121																790.2	1452.8	862.7	1478.3	880	1459.5	870.9	1442.3	857.9	1427	6	899	1490	2842	53.321	1	off	205.8802
												EY	1		DAYS		674.3	2282.7	3312.5	124	203.3	369.9	208.339	208.287	208.507	0.22																673.2	2277.2	633.9	2435.1	576	2559.5	556.5	2644.8	501.4	2546.1	4	682	2243	3167	22.0023	1	days	208.3311
												AE	1		AND		673.8	2697.3	3200.8	147.4	324.4	318.4	209.713	209.563	210.013	0.45																668.4	2780.2	670.7	2637.6	660.1	2298.6	778.8	1981.1	749.8	1847.5	5	709	2841	3290	3.44203	1	and	209.666
												EH	1		SECOND		861.2	1849.2	3255.4	128	221.6	376.9	214.196	214.172	214.243	0.071																832.9	1822	864.1	1851.7	888.5	1878.9	892.5	1911.4	872.9	1972.6	4	864	1823	2982	2.16131	1	second	214.211
												AY	1		TIME		882.4	1933.4	3235.6	116.1	250.3	843	214.519	214.492	214.613	0.121								m								882	1933.4	879.2	1952.2	871.5	2000	835.1	2009.9	779.7	1926.6	4	884	1934	2721	41.4123	1	time	214.5263
												AE	1		GRANDPARENTS		674.7	2193.1	3331.2	129.6	101.5	796.1	217.945	217.912	218.012	0.1																664.7	2191.5	676.8	2192.4	682.8	2192.8	676.1	2213.4	681.8	2208.8	4	650	2183	2385	3.44284	1	grandparents	217.981
												AY	1		LIKE		776.7	1638.4	3435.1	161.2	155.6	292.5	222.093	222.024	222.175	0.151																724.6	1209.8	738.3	1360.7	766.1	1758.9	670.8	2035.2	602.6	2296.8	5	787	1627	3416	47.1617	1	like	222.0906
												AY	1		SCIENCE		1042	1849.5	3256.3	248.8	160.3	853.4	223.735	223.748	223.848	0.1																782.6	2079.5	708.6	2212.9	684	2319.6	679.1	2420.8	664.9	2491.1	4	1078	1821	3160	41.44203	1	science	223.73
												AO	1		CALLED		965.8	1265.4	3267.7	326.5	370.2	196.6	225.725	225.698	225.778	0.08																984.1	1270.8	962.4	1265.9	921.8	1276.4	884.6	1283.2	850.9	1282.8	4	846	1272	3273	53.542	1	called	225.749
												AE	1		AUNT		635.5	2736.2	3375.8	126.9	291.9	802.4	237.424	237.381	237.511	0.13																626.7	2425.9	640.7	2740.1	671.9	2715.4	658.5	2613.7	649.8	2325.4	5	670	2706	3379	3.44203	1	aunt	237.4509
												AH	1		UNCLE		691	1448.5	1560.8	261.9	287.8	614.2	237.684	237.651	237.751	0.1																690.3	1500.6	686.7	1437.7	643.3	1372.4	616.6	1221.5	642.4	1236	6	805	1466	2837	6.44204	1	uncle	237.6911
												AA	1		LOT		815.1	1432	3346.7	96.5	194.8	217.9	238.714	238.661	238.821	0.16																797.1	1445.6	819.9	1431.8	909.1	1529.7	956.8	1625.9	929.2	1749.8	4	941	1567	2997	5.1417	1	lot	238.7622
												AY	1		TIMES		767.5	1820.7	3182.6	230.8	247.9	387.3	239.013	238.991	239.09	0.099								s								766.7	1802.9	722	1915.6	673.4	2005.1	677.3	2062.3	650.5	2106.9	4	744	1776	2497	41.4123	1	times	238.9852
												ER	1		MYRTLE		680.5	1669.6	2077.5	113.3	136.6	233.4	247.75	247.723	247.803	0.08																668.8	1640.5	682	1672.3	693.6	1704.1	692.5	1739.9	658.7	1752.2	6	694	1690	2117	94.60021	1	myrtle	247.7557
												IY	1		BEACH		563.6	2719.7	3644.6	370.1	101	1286.4	248.01	247.973	248.083	0.11																574.8	2684.5	561.3	2722.5	517.2	2749.3	488.9	2759.9	560.4	2509.2	4	544	1967	2738	11.16113	1	beach	247.9809
												IH	1		BIG		679.7	1951.8	3231.5	184.3	151.2	229.9	248.419	248.393	248.472	0.079																665.2	1885.8	680	1966.2	658.9	2050.5	623.6	2124.6	597.6	2212.5	4	683	1966	3158	1.1621	1	big	248.4249
												EY	1		BREAK		698.6	1915.1	2547.8	90.8	215.2	405.7	249.546	249.492	249.703	0.211																692.1	1895.5	687.4	2024.6	646.2	2232.6	577.9	2262.7	565.7	2482.2	5	670	2187	2733	21.1618	1	break	249.586
												AO	1		FLORIDA		668.9	1186.3	2490.6	88.3	155.3	264.1	250.895	250.875	250.935	0.06																682.8	1218.6	669.1	1189.9	675.6	1229.5	679	1257.1	678.2	1288.4	5	672	1211	2398	54.60082	1	Florida	250.8994
												AA	1		LOT		859.7	1520.3	3276.4	116.2	170.6	194.5	257.059	257.032	257.112	0.08																798.6	1449.8	864.8	1526.9	909.8	1577.4	931.6	1585.3	921.2	1580.5	4	898	1550	2925	5.1417	1	lot	257.0882
												IY	1		PEOPLE		528.5	2430.2	3859.7	442.9	337.3	777.5	257.262	257.232	257.322	0.09																606	2354.1	531.3	2437.2	555.7	2507.2	574.5	2450.4	530.8	2377.7	3	552	2199	2766	11.11111	1	people	257.2791
												EY	1		MAIN		651.7	2277.1	3187.6	121.1	196.6	355	259.056	259.044	259.224	0.18																622.3	2637.7	585.5	2768.5	560.4	2827.9	550.2	2382.8	657.2	2600.7	5	650	2305	3205	21.4422	1	main	259.0587
												UW	1		CRUISE		474.9	1315.9	2257.2	59.8	101.8	186.2	259.441	259.434	259.544	0.11																464.9	1273	452.7	1191.5	445.8	1173.8	442	1229.7	442.3	1286.5	6	472	1285	2563	82.3428	1	cruise	259.4683
												EY	1		PLACE		682.2	1808.1	3404.5	141.3	91.4	222.6	259.777	259.764	259.853	0.089																668.9	1882.6	625.4	2083.7	567.7	2250.5	500.3	2386.4	482	2509.9	4	625	2075	3322	21.3428	1	place	259.7943
												UW	1		ARUBA		473.3	1116.2	2460.7	150.4	146.8	373	260.454	260.424	260.513	0.089																492.8	1191.2	471.8	1110.7	464.3	1009.6	464.9	919.1	439.4	1141.7	5	471	1102	2521	72.11271	1	(A)ruba	260.4571
												AO	1		ALL		817.5	1483.6	3472	99.3	375.4	618.3	262.977	262.954	263.023	0.069																765.6	1500.1	821.8	1483.9	833.9	1469.7	828.3	1448.1	825.1	1438.5	4	804	1407	3160	53.542	1	all	263.0088
												AA	1		NOT		1076.9	1702	3299.9	281.2	143.6	176.4	268.71	268.683	268.764	0.081																1035.3	1695.4	1078.6	1702.8	1092.7	1717	1077.7	1718.7	1020.9	1701.2	4	1096	1720	3356	5.1414	1	not	268.7236
												OW	1		KNOW		684.6	1641.9	2143.4	174.3	152.6	2316.6	269.109	269.084	269.184	0.1																667.3	1678.1	695.2	1544.8	711.8	1418.1	771.9	1307.6	733.1	1169.8	6	887	1373	3154	62.0004	1	know	269.1525
												AH	1		MUCH		746.9	1506.9	3193.5	176.4	119.1	290.4	277.233	277.216	277.266	0.05																751.9	1488.6	746.9	1506.9	731.5	1552.3	711.3	1626.1	683.5	1703.8	5	756	1495	3242	6.16123	1	much	277.2281
												UW	1		DO		565.6	1907.3	3194.9	128.6	162.8	501.4	277.603	277.596	277.836	0.24																614.3	1838.3	617.2	1599.2	613.1	1313.7	619.2	1140.9	597.7	936	5	609	1856	2963	73.0003	1	do	277.6335
												UW	1		MOVIES		544.5	859.6	2633.9	96.1	254.6	982.8	278.109	278.066	278.196	0.13																531.5	812.7	549.4	872	585	924.3	591.8	1082.3	574.2	1070.8	6	529	824	2714	72.32221	1	movies	278.101
												AA	1		LOT		995	1589.1	3122.1	250.5	226.9	245.7	279.809	279.776	279.876	0.1																960.2	1586.8	999	1589	994.9	1604.2	943.3	1643.7	886.9	1671.6	4	953	1557	2978	5.1417	1	lot	279.8134
												EH	1		RESTAURANTS		883.7	1692.2	3156.3	135.6	252.5	448	280.032	280.006	280.085	0.079																880	1757.1	886.6	1682.2	914.1	1651.9	933	1631.3	912	1621.1	4	885	1599	2964	2.34272	1	restaurants	280.0501
												AW	1		ABOUT		874.2	1491.2	2981.2	89.5	184.9	301.1	281.641	281.606	281.785	0.179																877.1	1492.4	905.5	1495.5	894.9	1458.2	833.3	1357.9	788.1	1275.7	5	905	1496	2959	42.1411	1	(a)bout	281.6659
												AE	1		ITALIAN		671.2	2038.6	3434.8	157	254.2	920.9	282.556	282.513	282.643	0.13																685.2	2158.4	668.6	2016.1	673.7	1907	683.4	1782.1	658.5	1746.3	4	668	1930	3368	3.54231	1	(I)talian	282.571
												AA	1		LOT		958.1	1571.9	3128.6	115.5	190.4	499.6	283.783	283.753	283.842	0.089																942.5	1520.4	958.3	1575	949.7	1607.3	913.2	1649.8	839.1	1683.8	4	963	1588	3149	5.1417	1	lot	283.7858
												OW	1		KNOW		788.8	1425	2370	228.9	137.7	812.3	288.819	288.798	288.948	0.15																818	1402.7	823.6	1314.9	773.5	1238	711.1	1217	659.5	1164.9	5	825	1402	2453	62.0004	1	know	288.8284
												AH	1		STUFF		770.8	1420.2	3225.5	152.9	202.8	1103.4	290.295	290.278	290.328	0.05																755.4	1439.2	770.8	1420.2	794.8	1374.5	800.3	1335.9	796.8	1306.1	5	808	1430	3341	6.3213	1	stuff	290.2984
												AE	1		THAT		785.4	2137.2	3245.7	48.9	196.1	269.7	290.821	290.698	291.068	0.37																756.9	2215.7	789	2122.6	831.4	2022.8	855	1921.6	823.2	1873.9	4	749	2214	3323	3.1413	1	that	290.7603
												AH	1		MUCH		819	1363.8	2397.8	262.7	160	1492	293.351	293.324	293.404	0.08																813	1323	819.3	1366.2	832	1412.5	833.9	1483.3	826.5	1550.7	5	894	1393	3198	6.16123	1	much	293.3455
												UW	1		DO		576.4	1983.5	3280	75.9	119.9	177.2	294.18	294.173	294.394	0.221																635.3	1843.6	676.6	1608	652.3	1328	672.7	1912	710.7	2744.3	4	594	1904	3224	73.0003	1	do	294.2
												IH	1		HERE		617.1	2256.1	3091.4	196.1	165.3	644.5	294.651	294.614	294.724	0.11																573.6	2302.6	619.7	2252	663.5	2163.8	662.3	2079.4	647.6	2032.1	4	609	2279	3211	14.6	1	here	294.6461
												EH	1		DEPENDS		1056.8	1736.3	3172.4	296.2	180	783.8	304.621	304.571	304.721	0.15																994.6	1772.7	1060	1733.8	1082.9	1761.2	997.1	1779.4	907.4	1784.3	4	1091	1748	3199	2.44213	1	(de)pends	304.6399
												EH	1		DEPENDS		777.6	1631.6	2101.5	120.9	122.8	1288	305.974	305.934	306.054	0.12																810.9	1351.4	775	1629.4	756.8	1600.7	731.9	1594.9	701.5	1598.4	6	896	1653	2957	2.44213	1	(de)pends	305.9512
												IH	0		FINISH		639.8	1962	3249	70.5	95	1656.9	308.261	308.241	308.3	0.059																637	1962.3	639.8	1961.5	637.8	1954.6	633.1	1946.1	611.8	1917.2	5	682	1938	3390	1.44211	1	finish	308.1804
												IH	1		HERE		590.1	2245.2	2663.5	147.8	245.3	428.2	308.531	308.491	308.611	0.12																551.9	2294.7	593.6	2238.6	616.9	2148.8	626.6	2028.1	636.9	1929.7	5	579	2402	3174	14.6	1	here	308.5201
												EH	1		DEPENDS		809.3	1655.5	2645.2	229.9	286.6	928.1	309.044	309.02	309.091	0.071																848.4	1712.3	804.5	1651.5	759.6	1628	730.2	1645.5	681.9	1637.2	5	859	1739	3117	2.44213	1	(de)pends	309.0434
												OW	1		GOING		573.2	1059.7	2271	119.6	65.3	3307.1	310.742	310.722	310.801	0.079																568.9	1045.2	588.1	1049.7	600	1046.7	608	1050.8	628.3	1075.1	6	608	1050	2663	62.4426	1	going	310.775
												OW	1		GOING		562	1065.1	2714.9	114	63.9	211.4	311.914	311.894	311.974	0.08																556	1067.9	582.5	1063.9	606.2	1075.2	625.8	1107.7	640.9	1186.4	5	614	1081	2745	62.4426	1	going	311.934
												EY	1		SAINT		583.9	2335.3	3386.1	120.3	289.6	544.8	313.317	313.293	313.343	0.05																553.4	2157.6	562.6	2212.2	587.4	2353.4	611.1	2437.3	626.7	2476.7	5	650	2494	3168	21.44233	1	saint	313.3439
												IH	1		ELIZABETH		601.7	1486.9	3335.9	119.4	142.4	440.7	313.52	313.503	313.553	0.05																614.2	1480.1	601.7	1486.9	576.1	1500.7	553.1	1506	533.4	1497.9	5	626	1473	3344	1.34272	1	(E)lizabeth	313.5112
												AY	1		RIGHT		761.8	1804.3	2908	183	110	1104.9	314.086	314.042	314.163	0.121																731.9	1719.6	761.5	1793.3	753.7	1899.4	693.4	1961.6	619.6	2063	4	765	1866	2534	47.1417	1	right	314.0989
												AA	1		ON		1079	1622.3	3111.3	261.9	162.1	484.9	315.11	315.06	315.21	0.15																906.2	1646.1	1087.6	1620.9	1131.8	1615.4	1110.4	1622.9	1027	1646.4	4	1168	1628	3052	5.442	1	on	315.1313
												AA	1		PARKWAY		847.6	1588.2	2345.3	94.2	154	389	315.526	315.5	315.579	0.079																864.1	1599.5	843.6	1590.9	814.5	1614.1	781.1	1649.4	756.1	1688.4	5	855	1587	2367	44.60014	1	parkway	315.526
												AH	1		PLUS		789.1	1434.1	2601.9	547.4	682.2	758.5	318.707	318.64	318.841	0.201																487	1518.5	758.4	1370	686.2	1076.6	786.8	1225.2	774.4	1117.1	6	794	1283	2910	6.3418	1	plus	318.7855
												OW	1		SO		690.8	1388.6	3161.8	78.6	141	320.6	320.36	320.338	320.538	0.2																729.5	1272.6	694.9	1147.9	625.3	1028.8	625.9	1027.1	659.1	1183	5	729	1224	2995	62.0003	1	so	320.3863
												AY	1		I		940.4	1777.6	3224.7	108.9	97.9	1034.3	320.753	320.678	320.988	0.31																930.5	1741.6	933.4	1875.3	823.5	2055.6	639.2	2259.7	540.4	2320.1	4	942	1772	3077	41.0006	1	I	320.7539
												AA	1		JOB		949.1	1664.4	2068.8	158.6	120.9	849.3	321.716	321.669	321.809	0.14																912	1699.5	951.6	1664.4	936.6	1671.9	892.5	1658.4	780.8	1599	5	954	1664	2057	5.1125	1	job	321.7168
												EH	1		THERE		663.8	2092.1	3144.6	81.4	102.5	733.9	321.965	321.908	322.079	0.171																645.7	2097	667	2090.3	698.6	2025.8	715	1963.3	705.6	1897.6	4	636	2052	3283	24.6003	1	there	321.9249
												EY	1		STAY		611	2103.8	3356	68.4	133.2	228.4	322.518	322.499	322.639	0.14																604.8	2211.5	583.5	2403.5	562.1	2595.8	565.1	2731.5	660.3	2847.2	4	573	2357	3004	22.0003	1	stay	322.5498
												OW	1		DON'T		759.6	1349.8	2744	187.2	175.1	672.9	323.29	323.249	323.469	0.22																760.8	1331.1	844.7	992.8	746.1	914.3	769.4	838.9	664.9	1067	5	801	1190	2656	62.44233	1	don't	323.3155
												AA	1		PROBABLY		847	1479.2	3383.6	136.9	190.2	491.3	323.912	323.889	323.959	0.07																880.3	1514.3	842.6	1475	806.3	1434.1	774.1	1379	727.3	1294.9	4	887	1488	3016	5.11282	1	probably	323.9018
												OW	1		GO		548.7	1153.8	2242.4	109.1	144.3	717.4	324.13	324.109	324.209	0.1																546.8	1159.4	586.7	1092.6	593.8	1072	568.2	1039.3	558.9	1078.6	6	660	1211	2781	62.0006	1	go	324.1528
												AA	1		NOT		955.5	1757.1	2992.2	271.9	448.3	1458.6	325.394	325.371	325.441	0.07																907	1751.2	957.4	1757.3	966.5	1771.5	946.4	1769.9	885.1	1758.9	5	966	1771	3433	5.1414	1	not	325.4061
												IY	0		REALLY		570.5	1936	3477.2	82.5	136.6	147.1	325.621	325.601	325.661	0.06																582.6	1856.1	568.8	1944.5	555.6	2016	541.8	2091.8	527.3	2118.5	4	603	1610	3432	11.54271	1	really	325.5541
												AY	1		MY		1038	1704.3	2930	187.9	194.4	580.8	330.801	330.756	330.906	0.15								s								989	1637	1029.2	1735.6	876.7	1819.6	762.5	1949.2	713.8	1950.3	5	1048	1710	2943	41.0002	1	my	330.8026
												AE	1		BAG		831	2135.8	4053.4	268.5	115.4	552.3	330.983	330.926	331.096	0.17																810.1	2132.1	830.8	2134.8	830.8	2146.6	854.7	2153	885.3	2196	3	788	2066	2913	3.1621	1	bag	330.9785
												AO	1		YOURS		687.8	1268.9	2476.8	43.1	103.5	128.2	332.528	332.481	332.621	0.14																689.3	1312.2	687.5	1269.5	690.6	1328.6	694.9	1413.8	698.6	1571.9	5	687	1258	2478	64.6009	1	yours	332.5265
												OW	1		NO		1021.6	1681.8	3796.3	278.7	135.8	893.5	339.975	339.933	340.123	0.19																1031.5	1592.9	986.6	1502.6	942.3	1407.4	1047	1663.8	1063.7	2176.2	4	982	1547	2532	62.0004	1	no	339.9806
												AE	1		HAVE		788.7	2052.7	3168.7	75.1	219.1	191.9	347.535	347.505	347.594	0.089																785	2169.7	788.9	2044.2	789.2	1959.5	780.1	1879.8	771.9	1815.5	4	774	2256	3317	3.322	1	have	347.5064
												EH	1		MANY		828.9	1804.3	3437.3	308.5	200.4	472.5	348.201	348.178	348.248	0.07																767.9	1733.1	833	1812	829.8	1895.1	768.9	1965.8	685.7	2035	4	863	1844	3358	2.44221	1	many	348.2064
												AY	1		TIMES		870.6	2022.5	3037	192.7	184.6	864	348.466	348.448	348.548	0.1								s								870	2032.2	843.2	2000.7	788.6	2065.7	717.9	2034.3	669.2	1887	5	835	2020	3144	41.4123	1	times	348.4659
												OW	1		NO		774.2	1594.3	2139.9	192.4	251.1	1222.1	350.356	350.339	350.559	0.22																894.6	1437.1	857.5	1351.4	804.1	1283.7	801	1217.8	664.4	1006.8	6	998	1534	3211	62.0004	1	no	350.3798
												EH	1		NEVER		945.9	1666.9	2952.1	180.9	138.2	973.1	350.819	350.739	350.978	0.239																920.8	1737.2	945.1	1659.2	764.3	1507.6	637.6	1480.1	645.6	1529	5	981	1705	3358	2.32241	1	never	350.816
												AA	1		PROCTOR		1031.1	1753.9	3223.3	251.7	205.4	626.7	357.617	357.564	357.724	0.16																980.2	1818.3	1040	1754	1072.1	1806.9	1048.4	1877.5	1016.4	1981.6	4	1074	1822	3062	5.16184	1	Proctor	357.6482
												EY	1		MAYBE		584.5	2408.1	3226.3	100.4	368.4	403	360.665	360.653	360.783	0.13																556.5	2402.4	500.6	2336.5	472.4	2264.1	461.8	2211.3	471.5	2271.5	4	594	2379	3293	21.1122	1	maybe	360.6461
												AA	1		PROBABLY		880.7	1518.9	2797.2	77.5	127.8	418.1	362.106	362.046	362.226	0.18																892.4	1561.5	879.3	1512.5	884.3	1493.4	762.2	1388.7	634.8	1321.5	5	924	1529	3595	5.11282	1	probably	362.1289
												AY	1		FIGHT		781.2	1449	2955.9	80.2	109.9	397.3	362.614	362.566	362.746	0.18																766.2	1372.4	773.6	1568.5	733.6	1835.2	635.5	2137.9	576	2302.3	5	828	1510	3359	47.1411	1	fight	362.6144
												ER	1		GIRL		603.4	1572.4	2001.2	82.4	146.5	137.6	365.963	365.943	366.002	0.059																584.5	1590.6	606.2	1569.4	627.1	1541.9	647.4	1501.6	673.8	1458.1	5	616	1563	1995	94.6005	1	girl	365.9662
												AY	1		FIGHTS		821	1435.5	2708.2	86.1	124.4	243.8	366.287	366.212	366.433	0.221																763.6	1218.9	820.6	1451.9	756.3	1796.7	614	2190.3	551.7	2437.5	5	820	1397	2709	47.1411	1	fights	366.2814
												OY	1		BOYS		576.9	955.7	3101	59	112.4	243.4	367.196	367.093	367.402	0.309																643.7	939.2	577.1	964.5	638.4	1193.3	673.6	1732.7	574	2205.5	5	573	952	3080	61.0021	1	boys	367.1959
												AY	1		FIGHTS		750.3	1467.7	2860.4	78.9	123.1	271.8	368.502	368.433	368.633	0.2																723	1270.7	750.1	1476.7	702.1	1802.7	619.8	2110.1	508.3	1795.1	5	744	1392	2875	47.1411	1	fights	368.4922
												AH	1		STUFF		807.6	1494.4	3018.1	86.7	143.4	531.4	368.86	368.843	368.893	0.05																792.7	1505	807.6	1494.4	824.3	1458.5	816.4	1417.4	798.8	1391.4	5	831	1485	2980	6.3213	1	stuff	368.8632
												AE	1		THAT		774.7	1878.8	3199.2	240.2	166.4	291.8	369.293	369.243	369.393	0.15																738.7	1160.5	787.4	1923.1	793.1	1922.3	807.7	1876.7	919.3	1820.7	5	761	1890	3305	3.1413	1	that	369.2943
												ER	1		GIRLS		648.5	1627.8	2042.8	100.7	79.8	153.4	374.792	374.772	374.832	0.06																612.9	1619.5	652.5	1628.7	679.5	1630.2	691.9	1620.8	695.3	1607.2	5	681	1635	2042	94.60053	1	girls	374.801
												AY	1		FIGHT		795.6	1330.4	2935	72.2	125.9	594	375.614	375.552	375.822	0.27																788.6	1281.4	775.7	1523	663.6	1868.5	554.7	2283.8	531.1	2546.4	5	798	1281	2893	47.1411	1	fight	375.6074
												OW	1		OVER		659.3	1143	2516.4	62.8	103.3	1063.4	375.896	375.852	375.992	0.14																660.8	1290	656.6	1109.3	632.9	1032.3	597.4	990.5	579.3	981.1	6	583	975	2769	62.32201	1	over	375.957
												AH	1		SOME		762.7	1427.7	3013.7	139.6	191.2	569.3	376.411	376.391	376.452	0.061																751.5	1459.2	762.5	1425.8	752.3	1402.1	730.2	1361.3	698.6	1325.6	5	747	1376	2911	6.4123	1	some	376.4297
												OY	1		BOY		677.6	1095.8	3066.9	101.2	94.3	811	377.203	377.12	377.37	0.25																565.2	926.5	687.8	1131.3	719.4	1576.8	659.9	2114.7	562.9	2161.7	5	626	988	3096	61.0001	1	boy	377.1889
												ER	1		GIRL		647.8	1549.5	1922.3	91	186.6	159.2	378.739	378.689	378.839	0.15																632.2	1615	649.6	1542	679.5	1485.9	701.2	1453.1	722.6	1428.6	5	632	1618	1898	94.6005	1	girl	378.7168
												IH	1		RIPPED		673.9	1816.3	3258.8	135.3	170	240	379.882	379.852	379.942	0.09																667.2	1815	675.2	1816.5	679.2	1820	664.7	1800.7	613.9	1784.7	4	659	1760	3098	1.1117	1	ripped	379.8865
												AW	1		OUT		827.2	1530.1	3007.4	102.7	152.9	315.6	381.161	381.125	381.326	0.201																847.2	1525.3	903.5	1476.3	865.4	1374.3	754.3	1310	683	1189	5	904	1486	2899	42.141	1	out	381.1914
												EY	1		FAKE		693.2	2051.9	3078.3	237.6	301.3	1019.2	381.558	381.546	381.656	0.11																590.6	2073.6	590.4	2192.3	574.5	2333.5	511	2464.9	445	2253.9	5	591	2129	2782	21.1611	1	fake	381.5774
												EH	1		HAIR		661.9	2113.2	2811.5	77.3	136.3	684	381.866	381.816	381.965	0.149																664.9	2185.7	662.7	2104.4	670.4	2042.8	682.7	2028.6	695.3	1953.4	4	651	2138	2422	24.6	1	hair	381.8434
												AW	1		OUT		943.5	1695.7	2989.1	141	224.7	704.3	382.03	381.996	382.256	0.26																955.7	1648.6	946.6	1579.4	858.2	1347.4	772.1	1271.4	876.8	1068.1	4	957	1610	2820	42.141	1	out	382.078
												AH	1		OTHER		828.8	1319	2087.3	75.1	100.3	2631.7	384.635	384.595	384.715	0.12																802.3	1357.6	828.6	1317.5	815.6	1345.7	792.2	1345.3	621.5	1336.5	6	819	1382	2830	6.33101	1	other	384.6611
												IH	1		RIPPED		608.2	1658.2	2420.5	43.8	84.3	156.2	385.638	385.615	385.685	0.07																601.4	1652.3	608.6	1658.5	609.5	1657.6	603.7	1648.2	583	1617.1	5	609	1657	2436	1.1117	1	ripped	385.6399
												AO	1		OFF		898.8	1409.4	2858.8	161.6	162.5	268.9	385.912	385.835	386.065	0.23																894.8	1404.8	899.7	1410.3	903.3	1406.7	897	1420.7	887.1	1401.8	4	874	1377	2783	53.321	1	off	385.9359
												AW	1		DOWN		779.1	1817.1	2565.9	161.9	128.5	2759.2	387.018	386.985	387.115	0.13																717.1	1856	902.3	1728.3	967.6	1625.3	914	1532.2	794.3	1443.7	5	968	1657	2840	42.4423	1	down	387.0434
												IY	1		STREET		452.5	2065.3	2679.1	146.9	364.2	495.3	387.472	387.425	387.565	0.14																459.6	1917.3	451.3	2087.2	435.6	2243	430	2335.7	450.5	1983.4	5	438	2216	2770	11.1418	1	street	387.4873
												AY	1		TIME		841.2	1820.6	3147.1	85.2	132.2	320.9	398.191	398.176	398.336	0.16								m								821.8	1688.5	809.8	1639.5	790.1	1573.9	684	1613.3	631.6	1673.4	5	827	1780	1809	41.4123	1	time	398.2104
												AH	1		SOME		825	1449.8	2942.4	68.7	134.8	573.2	405.73	405.71	405.77	0.06																819.1	1491.2	825.8	1443.7	827.6	1390.8	820.6	1344.8	801.2	1306.3	5	819	1430	2800	6.4123	1	some	405.7318
												AY	1		I		973	1736.3	3119.3	243.8	139.5	272.4	406.414	406.37	406.699	0.329								s								932	1842.9	786.7	2140.7	649.8	2389.9	482	2540.4	453.1	2643.6	4	923	1706	2928	41.0006	1	I	406.4168
												AH	1		LUCKILY		844	1410.7	3238	103.1	212.3	538.1	406.86	406.83	406.92	0.09																842.7	1387.1	845	1409.7	853.6	1385.8	824.1	1364.5	939	1788.3	4	832	1374	3183	6.16172	1	luckily	406.8501
												AE	1		HAD		787	2007.6	3262.7	66.6	273.8	750.9	407.35	407.32	407.41	0.09																789.7	2125.9	786.5	1987.4	781.1	1912.8	767.5	1856.8	710.6	1778.9	4	785	1966	3071	3.142	1	had	407.3476
												AE	1		BAD		751.7	2100.5	3529.1	134.3	157.7	357.7	422.553	422.506	422.646	0.14																668.1	2137.6	759.7	2095.6	785.6	2009.4	794.1	1951.1	820.5	1929.7	4	651	2135	3612	3.1421	1	bad	422.5346
												AE	1		MATH		842.8	2073.2	3321.4	189.5	212.9	1029.1	422.833	422.786	422.926	0.14																765	2134.2	847.7	2059.7	869.2	1936.7	905	1610.5	874	1679.5	5	755	2169	3316	3.3312	1	math	422.8032
												AE	1		MATH		875.9	1978.6	3196	249.3	261.4	323.6	423.249	423.206	423.336	0.13																817.5	2040.2	880.5	1971.1	887.5	1889.5	855.6	1840.6	836.1	1765.4	4	682	2024	2535	3.3312	1	math	423.2085
												EY	1		FAVORITE		649	2014.5	2754.8	355.3	455.2	480	423.787	423.775	423.846	0.071																600.8	2015.1	562.1	2034.6	565.9	2042.7	572.9	2045	579.8	2014.2	5	572	2047	2688	21.32212	1	favorite	423.8219
												AH	0		SUBJECT		771.2	1474.7	3303.2	131.1	169.7	689.9	424.442	424.412	424.502	0.09																713.9	1506.2	779.8	1475	814.5	1478.3	792.3	1481.7	692.5	1470.3	4	820	1477	3007	6.11234	1	subject	424.4597
												EH	1		VERY		672.4	1869.2	2544.5	100.7	141.7	448.6	428.652	428.579	428.798	0.219																649.6	1882.5	674.3	1866.6	664.4	1866	638.2	1888.7	630.6	1907.4	5	666	1876	2614	2.60011	1	very	428.638
												EY	1		FAVORITE		603.9	2111.5	2774.4	192.9	270.8	291.3	429.422	429.39	429.47	0.08																569.5	2014.8	601.1	2101.5	597.8	2130.4	585.7	2166.5	575.2	2189.2	5	607	2134	2782	21.32212	1	favorite	429.4294
												IY	1		TEACHER		446.6	2653.9	3830.4	155.3	255.6	991.6	429.696	429.67	429.749	0.079																453.3	2645.4	445.6	2655.9	435	2676.6	692.2	2922.3	1416	3465.9	3	444	2582	2953	11.16134	1	teacher	429.6889
												AA	1		COT		1133.1	1633.2	2972.4	119.1	183.2	451.4	452.568	452.498	452.708	0.21																1136	1595	1132.1	1637.3	1100.1	1664.8	1059.4	1689.5	1027	1751.6	4	1144	1623	2915	5.141	1	cot	452.5522
												AY	1		LIKE		841.9	1482.4	3325.2	154.8	158.8	263	453.189	453.168	453.297	0.129																830	1511	746.4	1787.1	644.7	2068.1	574.3	2332.3	472.8	2567.2	5	812	1265	3359	47.1617	1	like	453.1613
												AO	1		SMALLER		1023.6	1254.5	2900	329.7	149.4	973	455.218	455.191	455.271	0.08																989	1225.7	1024.9	1257.2	1037	1289.6	1038	1310	1022.4	1314.4	6	1079	1303	2980	53.54201	1	smaller	455.2383
												EH	1		BED		907.3	1667.2	3432	78.8	159.2	502	456.462	456.412	456.562	0.15																866.8	1609.3	908.3	1673.4	889	1678.4	839.6	1649.5	746.3	1532	4	889	1650	2986	2.1421	1	bed	456.4723
												AE	1		HAS		752.6	1980.3	3263.5	93.9	101.4	178.9	456.985	456.962	457.031	0.069																768.2	2003.6	751	1976.7	730.7	1923.1	673.1	1855.4	595.2	1790.7	4	792	2299	3209	3.3416	1	has	456.9034
												EH	1		LEGS		846.4	1787	3410.5	114.9	143.5	395.3	457.743	457.716	457.796	0.08																862.4	1687.2	844.3	1796	809.4	1907.1	737.8	2018.5	627.9	2203.4	4	843	1646	2943	2.1627	1	legs	457.7342
												OW	1		OPEN		638.8	1064.6	2241.9	120.6	78	1502	458.52	458.505	458.616	0.111																641.9	1036.9	631.6	958.4	596.4	865.4	529.2	824	552.2	954.4	6	625	892	3148	62.11101	1	open	458.5544
												AH	1		UP		1019.2	1562.8	3336.2	200.9	180.6	454.5	458.832	458.776	458.945	0.169																983	1579.2	1020.7	1559.5	1018	1502	977	1451.2	850.3	1407.5	4	1031	1554	3393	6.111	1	up	458.8439
												EH	1		BED		985	1776.1	3224.1	65.9	95.1	768.8	459.941	459.871	460.08	0.209																944.7	1754.3	986.5	1777.8	986.6	1805.7	939.3	1822.7	835.5	1839.6	4	998	1789	3178	2.1421	1	bed	459.9506
												EH	1		HEADBOARD		904.1	1820.4	2859.6	68	142.3	1428.9	461.674	461.651	461.721	0.07																960.4	1802.1	897	1822.7	817.8	1757.1	716.7	1572.9	562.2	1532.2	5	1032	1718	2493	2.14204	1	headboard	461.6466
												AO	2		HEADBOARD		504.9	845.2	2893.8	302.3	84.5	141.8	461.898	461.841	462.011	0.17																485.7	839.4	511.1	846.5	599.3	934.5	612	1044	631.6	1177.6	5	607	959	2858	64.6001	1	(head)board	461.9297
												AE	1		MATTRESS		918.3	2161.5	3216.4	163.3	306.1	307.9	462.748	462.691	462.861	0.17																837.6	2259.9	925.8	2149.3	971.1	2029.4	935.1	1934	895.6	1836.2	4	785	2269	3264	3.14124	1	mattress	462.7061
												EY	1		FRAME		620.2	2465.2	2867.2	302.6	1102.6	1685.4	463.543	463.531	463.751	0.22																583.8	2222.3	568.7	2300.3	625.7	2483.5	543.9	2501.8	552.5	2108.5	5	610	2436	3360	21.4128	1	frame	463.5905
												AO	1		ALL		930.7	1391.9	2692.1	248.8	141.4	1635.6	463.924	463.901	463.971	0.07																792.6	1395.2	941.3	1392.5	997.8	1394.6	1011.7	1392.6	970.8	1362.1	5	1010	1392	3373	53.542	1	all	463.9466
												AE	1		THAT		902.1	2076.3	3812.6	232.5	276.6	259.1	464.188	464.141	464.281	0.14																941.1	2076.8	901.3	2077.3	891.6	2066.7	913.4	2048.7	944.6	2009.8	3	845	1939	3184	3.1413	1	that	464.1782
												AO	1		CAUGHT		942.7	1326.6	1785.8	162.8	192.5	1487.6	472.196	472.129	472.329	0.2																902.9	1302.8	946.3	1328.9	952.3	1358.2	923.8	1382.5	941.8	1343.6	6	993	1408	2701	53.141	1	caught	472.2216
												AO	1		CAUGHT		948.8	1322.7	2763.4	86	59.6	162.8	473.948	473.888	474.067	0.179																921	1334.8	951.6	1322.8	966.2	1337.8	948.1	1387.8	917.6	1463.8	5	963	1345	2792	53.141	1	caught	473.9833
												AH	1		TROUBLE		872.9	1376.4	1687.4	145.7	124.9	1596.2	474.918	474.888	474.978	0.09																869.5	1362	872	1375.4	848.4	1356.1	799.3	1304.8	691.7	1189.5	6	900	1391	2836	6.11281	1	trouble	474.9205
												AW	1		FOUND		1047.9	1618.3	2817.4	220.4	312.1	227.4	477.052	477.007	477.197	0.19																1025.6	1612.7	1061.4	1600.6	1075.8	1544.9	916.6	1400	767.5	1191.8	5	1064	1610	2811	42.44213	1	found	477.0734
												AW	1		OUT		990.9	1611.1	2830.4	93	202.3	199.4	477.422	477.406	477.587	0.181																997.4	1593.2	970.7	1487.1	925.6	1365.6	812.9	1283.8	813	1100.9	5	998	1578	2774	42.141	1	out	477.4444
												AY	1		FIND		961.8	1663.9	2220.9	300.7	321	843.2	481.255	481.199	481.339	0.14								s								790.7	1472.9	935.8	1587.6	931.2	1798.6	727.2	1688.8	582.2	1520	6	957	1731	2188	41.44213	1	find	481.2602
												AW	1		OUT		879.9	1831.6	2881.8	159.7	189.2	476.5	481.442	481.419	481.569	0.15																903.2	1786.5	922.3	1618.2	847.8	1472.8	743.7	1337.3	619.6	1232.6	5	924	1693	2886	42.141	1	out	481.4597
												AH	1		SOMETHING		797.7	1278.7	2614.7	348.3	126.1	393.4	481.718	481.688	481.779	0.091																794.1	1302.4	795.2	1274.8	713.9	1262.5	572.9	1246.2	537.7	1186.9	6	772	1284	2692	6.41232	1	something	481.7064
												EH	1		NECESSARILY		615.9	2029.2	3527.3	92.9	121.3	1054	482.726	482.689	482.799	0.11																606.3	2039.5	616.6	2027.8	633	2016.9	636.7	2006.3	631.9	1966.1	4	602	2012	3355	2.60032	1	(neces)sarily	482.7109
												IY	1		MEAN		548	2834.2	3732.7	199	317.5	719.1	483.289	483.259	483.349	0.09																539.3	2782.1	548.4	2836.6	558.5	2871.1	575.7	2890.5	584.8	2917.3	3	588	2846	3684	11.4422	1	mean	483.2986
												AH	1		TROUBLE		840.6	1414.2	2591	122.3	107.1	845.2	483.886	483.859	483.939	0.08																829.8	1414	840.3	1414	823.4	1403.6	783.4	1351.6	690.8	1256.7	5	841	1415	2679	6.11281	1	trouble	483.8905
												AE	1		HAPPEN		866.9	2201.8	3712.6	107.9	152.2	484.2	486.029	485.986	486.116	0.13																808.1	2278.7	870.7	2192.1	898.3	2096.6	881.6	1987.3	756.6	1821	4	779	2313	3462	3.11101	1	happen	485.9959
												EH	1		BET		918	1779.8	3268.1	157.8	78.6	756.2	493.55	493.5	493.65	0.15																820.6	1729	925.4	1782.8	1001.5	1815.3	1029.6	1838.7	1036.1	1864.5	4	957	1790	3205	2.1411	1	bet	493.5519
												AH	1		MONEY		802.6	1223.9	2624.7	351.8	89.2	994.6	494.549	494.509	494.629	0.12																748.7	1190.6	810.5	1232.1	878.3	1326	886.3	1419.1	772.7	1598.8	5	883	1352	2643	6.44221	1	money	494.5728
												AH	1		SOMETHING		645.1	1201.1	1723	506	238.2	538.7	497.055	497.028	497.108	0.08																585.6	1148.9	646.6	1205.2	649.4	1236.9	640	1235	614.9	1245.9	6	773	1264	2051	6.41232	1	something	497.0752
												EY	1		SAY		549.5	2027.4	3225.8	53.3	118.5	82.2	500.714	500.702	500.802	0.1																539.9	2086.2	528.1	2159.5	540.3	2159	572.9	2119.1	601.6	2028.3	4	555	2011	3219	22.0003	1	say	500.7109
												AO	1		MORE		691.2	1128.7	2416.8	337.1	77.5	362.4	502.142	502.122	502.182	0.06																655.4	1091	694.2	1134.5	713.9	1190	711.8	1242.6	703.3	1271.1	6	665	1094	2541	64.6002	1	more	502.1337
												EH	1		BET		827.7	1545.7	3227.8	199.7	157	318.3	502.599	502.572	502.652	0.08																729.5	1540.1	835	1546.6	892.4	1554.7	913.4	1557.9	923.6	1555.5	4	964	1575	3203	2.1411	1	bet	502.6527
												EH	1		BET		900.9	1684.3	3159.6	84.4	104.4	139.3	503.404	503.374	503.464	0.09																879.9	1625.6	901.6	1687.9	903.8	1722.3	887.1	1743.5	835.4	1741.7	4	924	1734	3145	2.1411	1	bet	503.4141
												AY	1		LIKE		620.7	1411.4	1615.1	119.3	94.9	1354.9	503.944	503.933	504.033	0.1								m								615	1461.7	595.4	1500.4	576	1496.7	552.2	1486.1	472.1	1454.6	6	667	1533	3082	47.1617	1	like	503.9576
												EH	1		BET		737.1	1677.2	3133.2	239.5	156.1	207	504.98	504.95	505.04	0.09																652.2	1647.6	750.7	1685.7	811.1	1735.6	823.8	1778.6	858.6	1868.2	4	866	1750	3101	2.1411	1	bet	504.9956
												EH	1		BET		777.5	1808.3	3004.9	189.3	152.2	147.2	506.492	506.472	506.532	0.06																745.8	1772.3	780.5	1813	794.9	1844.1	807.9	1873.6	808.6	1903.2	4	815	1842	2979	2.1411	1	bet	506.4999
												AE	1		HAPPEN		943.1	2005.7	3068.1	164.7	224.2	203.5	507.549	507.512	507.622	0.11																916.9	2059.9	944.3	2001.9	950.2	1926.6	932.5	1861.9	838.5	1768.7	5	810	2052	3039	3.11101	1	happen	507.5023
												EH	1		BET		792.7	1766.1	3034.9	236.7	163	115.6	508.387	508.36	508.44	0.08																755.7	1718.1	796.3	1769.6	829.4	1793	831.1	1813.8	814.4	1867.8	4	840	1785	3062	2.1411	1	bet	508.4061
												EH	1		NECESSARILY		617.1	1895.2	2769.1	130.8	420.6	288	510.383	510.33	510.49	0.16																593.9	1885.3	619.5	1896.9	624.1	1856.1	617.7	1786.3	641.3	1716.6	5	597	1902	2936	2.60032	1	(neces)sarily	510.3629
												EH	1		SET		928.4	1660.1	3005.9	90	202	429	510.903	510.86	510.99	0.13																858.2	1714.7	933.7	1658.8	909.8	1701.1	829.2	1783.4	695.8	1834.9	5	941	1642	2994	2.1413	1	set	510.9034
												IY	1		DEAL		441.2	2818.2	3247.2	118.2	222.9	2566.3	511.15	511.1	511.25	0.15																441.4	2741.5	439.6	2815	413	2852	446.1	2582.2	555.7	2130.5	4	503	2101	3054	11.5423	1	deal	511.2088
												AE	1		MAT		934.8	2138.5	3220.8	470	399.3	207	516.83	516.73	517.029	0.299																736.9	2086.9	956.5	2125.9	978.6	2061.9	997.5	1901.7	1056	1841.7	5	729	2096	3250	3.1412	1	mat	516.7468
												IY	1		FEET		433.9	2588.8	3143	126.2	302.6	1422.9	519.01	518.977	519.077	0.1																431.6	2311.6	433.3	2624.8	419.9	2760.5	417.8	2766.1	421.3	2629.9	4	413	2777	3414	11.1411	1	feet	519.0348
												AA	1		ON		1035	1748.4	3103.6	151.5	127.9	168.5	519.168	519.108	519.287	0.179																920.2	1807.5	1042.6	1745.2	1082.8	1717.6	1054.5	1699	944	1692.2	4	1145	1756	3081	5.442	1	on	519.1978
												AH	1		RUG		847.6	1413.9	1558.6	108.9	171.4	735	520.63	520.583	520.723	0.14																834.9	1397.2	846.8	1416.8	819	1474.1	786.7	1545	666	1361.9	6	888	1439	2826	6.1627	1	rug	520.6334
												AE	1		HAVE		808.4	1995.7	3111.6	160.8	153.6	240.3	521.456	521.423	521.523	0.1																760.7	1968.1	813.8	2000.1	839.3	1988.5	831.4	1922.1	767.9	1835.9	4	853	2007	3028	3.322	1	have	521.4613
												AW	1		HOUSE		970.9	1430.4	3088.4	215.3	176.3	105.5	521.89	521.883	522.003	0.12																949.9	1385.7	907.6	1264.6	822	1147.9	797.8	1223.8	978.5	1956.2	4	1038	1574	2970	42.342	1	house	521.8482
												OW	1		GO		593.3	1409.1	2607.8	149	107.3	376.4	548.231	548.207	548.358	0.151																625.4	1358.3	667.2	1274.9	617.2	1255.6	535.7	1264.4	463.2	1386.3	5	671	1280	2579	62.0006	1	go	548.2554
												EH	1		VERY		544.3	2139.3	2626.9	79.9	435.9	366.4	549.261	549.198	549.388	0.19																545.4	2111.4	544.8	2140.1	569.8	2098.2	591.3	2002.7	583.2	1946.1	5	540	2120	2636	2.60011	1	very	549.2557
												IH	1		STRICT		565.5	1843	2418.9	147.4	158.2	560.2	549.825	549.808	549.858	0.05																554.2	1834.3	565.5	1843	576.3	1869.1	570.9	1892.9	562	1908.3	5	574	1871	2387	1.16183	1	strict	549.8326
												EH	1		DRESS		845.9	1697.1	2818.6	196.7	201.7	2111.9	550.121	550.088	550.188	0.1																783.4	1740.3	852.5	1690.4	877.7	1646.1	891.5	1631.7	922.9	1642.1	5	908	1636	3193	2.3418	1	dress	550.1616
												OW	1		CODE		654	1247.2	2308.7	240.7	120.3	653.9	550.465	550.458	550.588	0.13																637.7	1224.5	575.7	1204.2	597.1	1192.7	552.6	1190.8	497.2	1203.8	6	702	1257	2763	62.142	1	code	550.4468
												AH	1		BUTTON		695.7	1258.1	2813.6	138.9	57.9	281.7	552.539	552.496	552.626	0.13																596.8	1235.3	708.7	1262	795.8	1333.1	834.2	1414	903.9	1505	5	741	1264	2857	6.14111	1	button	552.5452
												AW	1		DOWN		827.7	1848.3	3124.2	278.9	198.6	1538.8	552.796	552.776	552.916	0.14																895.5	1842.1	910.4	1812.8	843.1	1732.7	700	1573.4	592.6	1426.7	5	928	1830	2872	42.4423	1	down	552.8154
												ER	1		SHIRTS		552.4	1755.5	2078.4	149.9	336.7	304.4	553.153	553.106	553.246	0.14																555	1819.5	558.1	1754	595	1705.8	585	1681.1	553.4	1732.4	5	594	1665	2086	94.60053	1	shirts	553.1852
												OY	1		BOYS		588.5	1464.8	2498.7	80.5	122.3	534.3	554.838	554.801	554.911	0.11																581.9	1284.7	588.5	1476.3	569.9	1676.4	513.1	1826.2	460	1934.5	5	587	1294	2480	61.0021	1	boys	554.8224
												ER	1		GIRLS		604.3	1726	2155.2	90.2	262.5	184	555.228	555.181	555.321	0.14																590.3	1778	606.8	1721.2	640.6	1665.3	665.1	1616.1	689.2	1562.2	5	587	1792	2057	94.60053	1	girls	555.2042
												AE	1		MATTER		642.3	1958.5	2542	174.8	172.4	1603.2	555.734	555.701	555.801	0.1																624.9	1946.5	645	1960.1	686.4	1965.8	687.8	1935.8	648.2	1868.2	5	617	1932	3263	3.14121	1	matter	555.7082
												EY	1		HATE		496.7	2482.8	2966.8	229.5	874.5	347	556.854	556.841	556.931	0.09																489.3	2511.8	472	2556.6	459.9	2540.4	461.7	2507.5	481.9	2365.1	4	492	2485	2989	21.141	1	hate	556.8543
												ER	1		SHIRTS		601.2	1796.9	2323.2	97.2	178.8	259.9	557.354	557.321	557.421	0.1																605.5	1800.1	600.2	1797.6	598.4	1809.8	588.6	1830.4	579	1842.9	5	600	1791	2295	94.60053	1	shirts	557.3605
												AE	1		SACKS		752.4	2174.8	2580.6	89.8	205.9	1150.3	558.504	558.431	558.651	0.22																720.4	1972.9	760.7	2169.6	791.7	2126.5	822.9	2073.6	761	1899.9	5	719	2169	3297	3.1613	1	sacks	558.4744
												AE	1		THAT		717.6	1942.8	3293.1	155.1	128.6	249.2	562.83	562.813	562.863	0.05																706.9	1940.7	717.6	1942.8	733	1935.1	741	1913.5	742.9	1886.3	4	683	1926	3284	3.1413	1	that	562.82
												EY	1		SAY		549.4	2197.9	3036.3	135.5	112.1	704	564.224	564.194	564.314	0.12																545.2	2159.5	531.8	2287.6	482.2	2393.1	474.4	2288.6	453.3	1889.3	4	523	2146	2971	22.0003	1	say	564.2149
												UW	1		TOO		595.9	1950.8	3142.3	147.2	183.7	406.1	564.45	564.443	564.583	0.14																608.8	1887.6	625.8	1750.4	617.9	1455.7	720.8	1387.3	658.8	1654.3	4	593	1964	3229	73.0003	1	too	564.4465
												AE	1		CAN'T		549	2520.1	3356.8	100.9	113.6	761	565.443	565.413	565.503	0.09																548.6	2543.4	549.4	2517.3	556.2	2478.4	567.3	2439.1	608.8	2387.9	4	558	2483	3321	3.44203	1	can't	565.4554
												AY	1		TIE		1028.1	1751.9	2890.7	256	215.4	1031.5	565.987	565.982	566.153	0.171																967.5	1824.6	874.9	2031.4	759.7	2154	627.8	2159.7	526.2	1905.1	5	1040	1886	2828	41.0003	1	tie	566.0152
												AA	1		BOTTOM		953.9	1595.6	2152.8	245	182.9	1153.6	566.63	566.563	566.763	0.2																890.3	1575.8	962.7	1600.5	973.4	1610.3	950.7	1625.7	884.8	1632.9	6	981	1628	2979	5.14111	1	bottom	566.6487
												EH	2		GIRLFRIEND		663.4	1706.4	2562	139.7	145.2	329	569.371	569.334	569.444	0.11																630.2	1704.7	665.3	1707.1	665.8	1720.7	645.7	1740.4	618.5	1784.5	5	669	1718	2509	2.44283	1	(girl)friend	569.3862
												AE	1		JAN		558.6	2628.4	3418.2	136.9	353.4	356.1	570.296	570.233	570.423	0.19																487.1	2641.5	566.5	2623.7	623.3	2582	624.5	2388	653.2	2210.4	4	537	2620	2933	3.4425	1	Jan	570.2921
												AA	1		GOT		882.7	1879.1	2706.2	219.4	245.7	1598.8	570.65	570.583	570.783	0.2																807.8	1918.5	888	1862.7	918.2	1786.7	867.9	1623.4	687.4	1486.1	6	916	1808	2967	5.1416	1	got	570.6803
												EH	1		DETENTION		684	1824.7	2109	393	219.9	2126.8	571.022	571.002	571.063	0.061																724.8	1795.4	679.8	1825	653.1	1825.3	630	1833	608.6	1852.7	5	811	1774	3211	2.44234	1	(de)tention	571.0029
												AE	1		HAD		753.9	2202.2	3211.6	162.2	101.4	545.9	572.137	572.1	572.21	0.11																693.5	2229	756.3	2200.8	771.5	2162.4	700.6	2107.2	599.6	2064	4	648	2215	3134	3.142	1	had	572.116
												IH	1		SIX		747.6	1778.3	3139.6	422	177.2	996.4	573.093	573.05	573.18	0.13																723.3	1728.7	744.9	1784.2	794.1	1826.5	736.3	1858.9	829.1	1872.3	5	707	1791	3322	1.16133	1	six	573.1055
												AA	1		GOT		819.6	1955.2	2676.7	198.9	117.8	1654.1	574.204	574.181	574.251	0.07																742.7	1974.4	826.6	1953.4	867	1922.8	880.4	1880.5	882.8	1821	5	885	1862	2689	5.1416	1	got	574.2302
												AA	1		SOCKS		1017.4	1711.5	3455.4	169.9	141.1	407	574.717	574.66	574.831	0.171																892.6	1730.5	1026.1	1713.3	1060.3	1722.2	1061.5	1729.1	1053.7	1778.9	4	1024	1685	3084	5.1613	1	socks	574.7342
												OW	1		NO		556.3	1291.5	2229.2	111.2	242.8	583.5	575.057	575.041	575.151	0.11																557.6	1234.9	559	1201.3	550.2	1110.6	563.7	1031.4	542.1	1313.7	6	588	1295	2504	62.0004	1	no	575.0817
												AO	1		HALL		947.5	1418.1	3339.1	178.2	182.9	55.9	578.784	578.764	578.824	0.06																949.5	1431.9	948.1	1416.4	955.5	1395.7	969.6	1372.1	981.7	1341.9	5	964	1393	3336	53.542	1	hall	578.7988
												AA	1		MONITOR		1102.3	1701.3	3310.9	264.8	176.8	153.9	579.024	578.984	579.104	0.12																1075.2	1666.3	1103.2	1706.1	1103.9	1752.4	1068.1	1772	957.4	1763.8	4	1180	1798	3293	5.44222	1	monitor	579.039
												AO	1		STALKS		844.1	1416.8	1938.1	108.8	147.2	1085.4	580.042	579.992	580.142	0.15																805.4	1493.5	845.7	1413.9	863.5	1408.9	840.7	1414.8	835	1284.5	6	888	1425	2571	53.1613	1	stalks	580.0642
												AW	1		OUT		911.4	1729.9	2984.1	87.2	380.4	504.3	581.458	581.451	581.601	0.15																893.8	1574.4	869.7	1549.6	853.8	1459.6	784.4	1389.6	582.3	1272.8	5	935	1786	3082	42.141	1	out	581.4514
												AE	1		LAST		805.2	2035.3	3269.2	78.9	90.4	278.5	582.751	582.708	582.838	0.13																786	2026.5	807.6	2032.5	805.6	1992.2	762.7	1995.9	721.2	1933.1	4	806	2044	3272	3.34173	1	last	582.7361
												AA	1		JOHN		1055.5	1818	3338.4	666.9	212.2	317.6	583.374	583.337	583.447	0.11																906.4	1876	1062.8	1814.6	1130.4	1766.9	1076.4	1775.8	944.6	1829.5	4	1138	1767	3265	5.4425	1	John	583.391
												AA	1		GOT		806.9	1915.5	2174.4	165.8	473.2	1151.7	583.575	583.548	583.628	0.08																734.9	1962.3	811	1910.3	844.9	1867.9	858.3	1840.5	854.7	1710.8	5	891	1910	3339	5.1416	1	got	583.5884
												EH	1		SUSPENDED		934.2	1635.4	3285.4	245.4	153.6	499.3	583.948	583.918	584.007	0.089																875.6	1608.5	936.9	1637.8	939.3	1672.4	888.9	1705.3	772.8	1720.6	4	944	1661	3296	2.44213	1	(su)spended	583.9573
												EH	1		SAID		662.7	1827	3382.7	186.6	88.6	225.2	585.068	585.041	585.121	0.08																617.9	1824.5	666.4	1825.5	679.9	1785.5	647.1	1729.5	587.4	1674.7	4	687	1817	3363	2.1423	1	said	585.0733
												EH	1		DRESS		790.8	1690.6	3186.3	149.8	151.1	537.2	585.411	585.371	585.491	0.12																708.8	1732.2	795.4	1685.1	826.2	1636.4	835.3	1606.1	817.8	1546.6	4	837	1627	3107	2.3418	1	dress	585.438
												OW	1		CODE		655.3	1183.6	2398.5	349	305.8	1096.9	585.715	585.701	585.83	0.129																574.2	1136.3	577.3	1088.7	529.9	1061.2	490.4	1103.9	444.6	1204.1	6	560	1073	2795	62.142	1	code	585.7404
												AH	1		SUCKS		889.1	1464	3125.5	190.8	178.4	461.3	586.084	586.041	586.171	0.13																850.6	1442.5	892.4	1464.4	900.2	1446.8	879.9	1465.7	939.3	1324.5	4	862	1437	3019	6.1613	1	sucks	586.0685
												IY	1		SEE		452.9	2164	3031.1	84.1	116.1	454	587.474	587.448	587.527	0.079																458.2	2166.2	451.9	2151.5	449.2	2021.3	451.5	1825.2	457	1662.8	4	451	2147	2872	12.0003	1	see	587.4698
												AA	1		FATHER		919.4	1617.3	3107.9	145.1	156.6	477.2	589.771	589.727	589.858	0.131																902.7	1597.2	921.1	1619.2	894.1	1619.8	821	1609	740.8	1597	4	928	1641	3133	43.33111	1	father	589.7878
												IY	1		MEAN		598.5	2974.8	3929.4	291.1	224.5	978.3	590.891	590.847	590.978	0.131																563.6	2945.6	596.3	2976.2	560.3	2935.6	560.8	2979.8	557.7	3042.7	4	600	2982	3941	11.4422	1	mean	590.8953
												OW	1		SO		552.1	1385.9	3252.9	155.7	141.6	672.8	591.531	591.508	591.617	0.109																552.1	1385.9	555.2	1235.1	549	1139.3	509.1	1152.1	498.1	1195.7	5	581	1412	3264	62.0003	1	so	591.528
												AA	1		PROBABLY		983.5	1797.2	2892.6	54.7	596.3	145.9	596.865	596.848	596.898	0.05																981.5	1808.2	983.5	1797.2	986.3	1799.7	989	1798.9	993.3	1802.9	4	974	1655	2880	5.11282	1	probably	596.8846
												AH	1		TOUGH		795.5	1651.8	2849	210.3	177.7	174.2	598.788	598.731	598.901	0.17																663	1869.2	810.3	1635.7	915.7	1498.6	933.2	1460.9	892.6	1419.3	5	933	1461	2775	6.3213	1	tough	598.8414
												AE	1		HAVE		759.7	2076.8	2833.1	151.2	124.1	2063.9	600.096	600.066	600.156	0.09																752.6	2091.6	760.1	2074	780.2	2008.4	813.6	1935	833	1884.2	5	760	2089	2670	3.322	1	have	600.0905
												UW	1		SHOES		397.1	1356.1	2537.2	36.6	276.9	598	601.749	601.689	601.869	0.18																414.6	1537.9	395.8	1344.8	388.5	1399.1	392.6	1493.2	374.3	1597.2	5	429	1806	2326	72.0025	1	shoes	601.702
												AA	1		SOCKS		988.2	1624.2	2946.1	174.2	157.2	530.8	602.196	602.149	602.289	0.14																905.8	1650.9	999	1624.1	1071.9	1637.5	1086.1	1638.1	1133.5	1640.2	4	1010	1575	2601	5.1613	1	socks	602.2211
												EH	1		EVERY		922.6	1730.4	3315.8	237.2	224	712.6	602.622	602.589	602.689	0.1																912.7	1709.1	923.4	1730.7	919.4	1730.4	894.5	1715.9	840.3	1707.6	4	876	1663	2788	2.32202	1	every	602.6272
												EY	1		DAY		772.9	2034.4	3516.5	193.5	120	410.5	602.973	602.899	603.099	0.2																714.4	1973.1	771	2027.6	735.9	2053.9	652.4	2295.7	554.2	2413.4	4	738	1993	2495	22.0003	1	day	602.9575
												AY	1		I		924.4	1604.9	2716.8	177.3	163.6	537.9	604.722	604.735	604.825	0.09								s								846.4	1774.2	787.7	1877.4	731.8	1980.9	640.9	1906.1	529.6	1603.7	5	927	1616	2686	41.0006	1	I	604.7321
												EH	1		EVERY		661.8	1551	3153.9	215.1	195.8	420.7	605.532	605.495	605.605	0.11																512	1550.9	670.3	1552.2	790.8	1565.8	830.8	1584.3	773.6	1588.2	5	844	1587	2988	2.32202	1	every	605.5672
												EY	1		DAY		643.6	2087.8	3553.9	239.5	143.9	218.9	605.844	605.775	605.935	0.16																561.9	2050.3	625.4	2065.4	630.8	2105.6	622.5	2116.8	603.7	2139.9	4	671	2122	3488	21.0003	1	day	605.8546
												EH	1		EXCEPT		761.3	1739.2	3181.4	263.9	221	529.4	606.108	606.075	606.175	0.1																692.8	1801.4	770.8	1733.8	826.3	1693.6	850.1	1704.6	771.3	1781.8	4	817	1670	2928	2.11133	1	(ex)cept	606.127
												AE	1		HAVE		893.4	1917.3	3015.2	159.5	286.1	195.5	615.615	615.585	615.675	0.09																915.6	1977.8	890.6	1910.4	850.9	1820.5	808.8	1750.3	776.4	1681.2	5	943	2026	3021	3.322	1	have	615.5881
												UW	1		STUPID		414.1	1713.2	2639.9	93.7	496.8	369.7	615.961	615.954	616.005	0.051																414.1	1713.2	422.5	1730.6	429.4	1726.7	441.8	1684.5	470.3	1644.6	5	397	1740	2604	82.11131	1	stupid	615.9535
												EH	1		DRESS		712.7	1655.5	2579.5	135.8	286.4	674.5	616.231	616.194	616.305	0.111																609.8	1695.3	724.9	1653.7	782.9	1662.4	822.4	1664.3	892.3	1771.4	5	785	1659	2659	2.3418	1	dress	616.2495
												OW	1		CODE		555.7	1296.6	2656.2	208.6	275.2	182.3	616.527	616.505	616.595	0.09																556.4	1290.1	572.7	1272.9	565.1	1311.6	540	1398.5	515.3	1521.3	5	568	1272	2672	62.142	1	code	616.5347
												AY	0		DIVERSE		742.6	1951.3	3080.2	187.9	167.9	280.6	618.856	618.814	618.924	0.11								m								683.8	1905	739.5	1939.4	723.1	1982.7	653.6	1988.9	565.2	1862.8	5	740	1933	3095	41.32231	1	diverse	618.8497
												ER	1		DIVERSE		568.9	1518.8	2120.8	214.3	306.1	358	619.041	619.004	619.114	0.11																529	1441.4	574	1523.5	580.4	1581.3	527.3	1612.6	525.9	1557.7	6	538	1458	2012	94.6001	1	(di)verse	619.0307
												AA	1		ARE		1111.1	1568.1	2332.5	298.5	192.4	908.1	624.689	624.652	624.762	0.11																1055	1577.7	1112	1568.9	1062.8	1606.3	919.7	1634.3	771.9	1628.7	5	1121	1571	2348	44.6	1	are	624.6932
												OW	1		NO		642.6	1414.2	1579.8	285.2	151.3	1006.3	626.82	626.791	627.011	0.22																649.5	1395.6	678	1215.1	612.8	1088.3	557.1	932.7	480.8	834.6	6	767	1338	3274	62.0004	1	no	626.846
												IY	1		REVEALING		453.4	2932.1	3785.6	193	194.5	240.4	627.278	627.231	627.371	0.14																419.1	2729.4	459.3	2949.3	526.9	3093.5	588.5	3237.5	1097.9	3175.3	3	480	2700	3170	11.5421	1	(re)vealing	627.2835
												AH	1		STUFF		952.1	1440.7	3349.7	369.5	167	570.2	627.861	627.771	628.041	0.27																961	1450.9	946.3	1434	906.6	1390.8	934	1396.2	899.8	1317	4	918	1417	2933	6.3213	1	stuff	627.8733
												OW	1		KNOW		608	1440.3	2353.7	181.7	124.3	1437	629.06	629.04	629.12	0.08																604.8	1458.5	620.2	1402.3	641.3	1382.9	635.4	1381.9	610	1380.1	6	634	1405	2955	62.0004	1	know	629.0688
												AE	1		CAN'T		543.8	2624.3	3232.3	188.4	163.3	541.6	629.629	629.599	629.689	0.09																496.9	2580.2	548.8	2618.4	606.2	2477.5	632.6	2267.4	647.9	2026.2	5	590	2585	3163	3.44203	1	can't	629.6358
												AH	1		BUTT		781.9	1263.6	2722.4	118	99.6	279.6	630.599	630.559	630.678	0.119																714.3	1060.7	783.7	1276.6	780.3	1385.7	748.8	1494	665.5	1637.7	6	777	1356	2740	6.1411	1	butt	630.6117
												AO	1		SHORTS		552.5	1024.7	2284.7	84.2	163.6	288.6	630.909	630.869	630.989	0.12																540.1	1084.5	553.2	1024.3	566.2	1054.4	578.7	1104.4	616.8	1179.7	6	561	1051	2314	54.60053	1	shorts	630.8999
												AH	1		BUTT		765.2	1162.8	2792.9	211.5	73.4	108	632.127	632.094	632.194	0.1																679	1158.7	783.7	1168.4	874.4	1213.1	858.4	1248.9	873.4	1304.7	6	839	1209	2845	6.1411	1	butt	632.1503
												AW	1		OUT		1008.3	1840.8	3036.5	373.1	318.6	249.4	632.538	632.513	632.653	0.14																1032.8	1803.4	1081.9	1629	1053.1	1460.2	1004.3	1309.1	799.1	1128.6	4	1150	1720	2958	42.141	1	out	632.5586
												IY	1		REASONABLE		433.1	2481.5	3067.2	243.4	620.7	744	636.06	636.03	636.12	0.09																446.2	2382.4	432.4	2474	429	2240.4	421.3	2071.8	404.1	2070.5	4	432	2519	3156	11.34272	1	reasonable	636.054
												OW	1		DON'T		714.4	1471.6	1733.6	197.5	258.3	370.6	649.536	649.501	649.641	0.14																667.2	1463.5	799.3	1396.2	832.1	1254.2	798.2	1188.4	614	1160.4	6	924	1389	2901	62.44233	1	don't	649.554
												OW	1		KNOW		891.2	1193.2	3232	460.1	110.9	487.4	649.808	649.801	649.891	0.09																830.6	1163.9	673.5	1104.4	571.1	1088.2	516.2	1062.2	526.7	1041.9	5	1079	1519	3219	62.0004	1	know	649.7599
												AA	1		LOT		779.6	1222.6	2772.5	205.9	343.2	1214.2	650.883	650.813	651.023	0.21																705.8	1134.9	800.4	1230.1	964.9	1365.2	993.3	1541.2	963.5	1542.4	5	1001	1513	2178	5.1417	1	lot	650.9382
												AO	1		TALKED		992	1366.8	3267.4	169.4	153.4	448.1	652.33	652.297	652.397	0.1																998.8	1499.4	994.6	1370.9	1028.1	1374	1024.4	1374.3	994.2	1383.9	4	999	1356	3050	53.1613	1	talked	652.3481
												IH	1		SYRACUSE		548.9	1904.4	2961.2	270.1	433.9	686.8	653.17	653.127	653.256	0.129																582	1841	547	1926.1	597.4	2012.3	645.2	1861.8	623.6	1901.4	5	587	2049	2978	14.60032	1	Syracuse	653.1889
												OW	1		SO		815.9	1376	3647.8	237.2	117.7	678.9	654.819	654.785	655.045	0.26																875	1350.8	886.1	1265.8	776.2	1138.5	782.3	2015.8	812.9	3015.4	4	921	1315	3256	62.0003	1	so	654.8583
												AH	1		ENOUGH		990.4	1477.3	3009.5	226.7	134.1	1121.5	661.016	660.993	661.062	0.069																971.3	1518.1	990.2	1472.5	964.3	1425.8	927.2	1395.7	930.3	1394.9	5	990	1449	3158	6.3214	1	(e)nough	661.0213
												IY	1		PEOPLE		454.7	2607.2	3182.5	193.2	209.2	748	661.259	661.232	661.312	0.08																450.9	2643.5	455.4	2602.9	455.6	2500.6	450.5	2295.2	431.1	2105.5	4	459	2622	3144	11.11111	1	people	661.2602
												EH	1		THERE		765.3	2064.8	3183.9	172.3	520.2	228.3	661.559	661.522	661.633	0.111																746.5	1946.6	766.6	2076.1	785.2	2145.1	802.5	2132.1	818.7	2087	4	747	1914	3101	24.6003	1	there	661.5497
												OW	1		ONLY		572.6	1061.6	2530.4	214	224.6	606.9	661.848	661.823	661.923	0.1																562.7	1074.2	595	1034.4	624.8	989	603.1	927	553.1	913.9	6	640	993	3244	62.44204	1	only	661.8736
												AA	1		SHOPPING		1050.4	1668.4	2759.2	60.2	161.7	548.2	665.874	665.827	665.967	0.14																983.4	1697	1051.5	1667	1041.9	1624.6	1002.4	1606.6	861.4	1514.6	4	1034	1604	2643	5.1115	1	shopping	665.8953
												AH	1		STUFF		746.4	1370.3	2599.5	162.9	152.2	1115	666.767	666.747	666.807	0.06																746.3	1434.9	814.1	1426.4	822	1401.8	811	1364.4	794.1	1324.7	5	783	1371	2690	6.3213	1	stuff	666.7768
												AO	1		TALK		856.1	1521.9	2625.7	120.2	283.3	250.6	671.508	671.478	671.568	0.09																809.2	1510.4	859	1516.3	889.4	1456.2	890.3	1425	872.1	1416.5	5	890	1422	2630	53.1613	1	talk	671.5342
												IH	1		DIFFERENT		501.9	2136.2	3481.7	382	422.6	443	671.708	671.678	671.768	0.09																547.9	2262.9	503.3	2130.3	544	2064.5	620.3	2034.1	682.2	2087.8	4	669	1801	2996	1.32132	1	different	671.7495
												AO	1		MORE		610.5	1049.5	2594.4	154	70.1	137	678.79	678.753	678.863	0.11																563.5	938.8	615.5	1057.3	707.8	1200.2	769.5	1365.6	794.4	1516.3	5	568	968	2680	64.6002	1	more	678.7789
												AE	1		ACCENT		808.9	2469	3460.3	195.4	140.9	386.4	679.176	679.103	679.323	0.22																722.6	2425.3	805.7	2466.8	857.5	2435.3	900.5	2295.8	900.7	2232.7	4	868	2398	3412	3.16104	1	accent	679.2152
												EY	1		THEY		602.6	2316.2	3281.6	129.1	96.1	114.8	681.484	681.449	681.709	0.26																584.3	2357.7	513.4	2504.7	457.1	2616.1	411.4	2659.6	403.9	2476.4	5	598	2298	3259	22.0003	1	they	681.468
												AO	1		MORE		595.3	987.1	2548.1	213.7	72.8	528.8	683.281	683.248	683.347	0.099																561.3	940.4	601.7	996	678	1079.7	742.1	1211.7	738	1287.2	6	695	1055	2760	64.6002	1	more	683.2961
												AO	1		CAUGHT		965.5	1362.4	3362.7	102.2	219.7	862.3	699.506	699.416	699.686	0.27																924.4	1299	965.5	1363.2	948.8	1383.2	935.7	1405.5	886.4	1472.3	5	966	1367	3430	53.141	1	caught	699.5108
												AA	1		DON		1063	1704.2	3640.8	265.6	65.4	380.3	703.374	703.287	703.547	0.26																1034.2	1768.7	1068.8	1704.4	1117	1709.3	1125.2	1725.3	1085.5	1747.2	4	1171	1724	3590	5.4423	1	Don	703.4318
												AA	1		FATHER		1029.2	1667.3	3484.5	98.7	103.8	577.4	706.529	706.469	706.649	0.18																980.5	1654	1030.9	1667.2	1043.7	1676.9	1042.1	1695.9	935.6	1679.3	4	1036	1667	3068	43.33111	1	father	706.569
												AH	1		BROTHER		707.6	1346.2	2368.9	142.1	180.7	740.6	707.172	707.119	707.279	0.16																589.1	1507.7	724.9	1336.9	806.5	1358.7	840.6	1461.5	730.1	1495.1	5	837	1372	3439	6.33181	1	brother	707.2103
												AA	1		BOTHER		1119.8	1649.5	3325.5	84.5	190.6	259.2	708.145	708.085	708.265	0.18																1093.6	1639.6	1122.7	1652.3	1127.5	1681.4	1098.5	1698.3	995	1640.7	4	1118	1668	3250	5.33111	1	bother	708.1805
												AA	1		BOTHER		993.5	1656.6	3284.5	106.3	154.9	813.7	708.615	708.545	708.754	0.209																906.7	1648.1	999.5	1658.2	1027.6	1653.3	1016.7	1666.1	936.8	1631	5	1024	1665	3264	5.33111	1	bother	708.676
												AA	1		FATHER		959.1	1676.3	3645.4	132.4	183.1	329	710.36	710.31	710.46	0.15																880.4	1622.8	965.7	1676.1	982.6	1657.6	950.5	1652	829.7	1616	4	996	1658	3296	43.33111	1	father	710.3806
												IH	1		NEARER		450.1	2946	3923	83.7	147.1	219.8	714.451	714.391	714.571	0.18																435.1	2861.4	452	2947.2	461.2	2833.4	477.3	2738.1	493	2503.4	3	453	2815	3699	14.60041	1	nearer	714.4594
												IH	1		MIRROR		472.4	2833.5	3950.9	129.2	96	493	715.081	715.021	715.2	0.179																457	2858.4	477.3	2829.8	539.4	2820.5	584	2740.5	616.7	2355.5	3	476	2809	3619	1.60021	1	mirror	715.0757
												AY	1		RHYME		992.2	1683.2	3411.3	283.3	169.7	1688.7	715.857	715.802	715.992	0.19								s								963.4	1657.5	965.7	1705.4	834.4	1777.7	676.5	1779.5	582.1	1814.5	5	988	1673	3583	41.4127	1	rhyme	715.8393
												IY	1		READ		510.6	2057.6	3714.8	170.2	170.8	639.8	729.922	729.899	729.969	0.07																511.7	1906.8	510.5	2074.7	508	2229.4	504.7	2322.2	499.1	2350.7	4	491	2007	2738	11.1427	1	read	729.9462
												AW	1		OUT		895.4	1494.6	3383.6	1160	175.8	369.8	730.071	730.049	730.169	0.12																948.3	1502.3	1104.7	1511.6	1083.5	1490.9	1037.8	1457.4	960.9	1387.7	4	1140	1554	3359	42.141	1	out	730.0865
												AW	1		LOUD		1047.2	1638.9	3430.1	160.8	221.1	319.6	730.287	730.259	730.459	0.2																1052.7	1642.6	1083.8	1630.5	1008	1582	1086.7	1269.4	1072.2	1593.4	4	1032	1601	3127	42.1427	1	loud	730.3116
												AA	1		FARM		959.1	1540.3	1819.2	109.2	139.1	2386.6	732.479	732.419	732.599	0.18																848.5	1475.9	963.6	1551.4	1011.4	1557.9	928	1472.6	813.3	1571.8	6	1008	1591	2605	44.6001	1	farm	732.5087
												AH	1		DUSK		848.7	1506.4	2892.7	69.9	90	256	732.962	732.899	733.089	0.19																820.3	1592	849.6	1499.7	852	1474.9	864.9	1495.4	885.2	1558.9	5	850	1480	2891	6.34133	1	dusk	732.9784
												AY	1		SIGHT		849	1548.7	3100	261.9	109.1	902.2	734.315	734.24	734.51	0.27																824.8	1484.7	817.1	1652.8	584.3	1932.6	433.9	1950.9	436.5	2267.7	5	847	1557	3091	47.1413	1	sight	734.3175
												AA	1		SOCKS		1033.6	1630	3055.4	143.1	170.5	188.6	734.846	734.78	734.979	0.199																1018.7	1664.4	1038.7	1627.5	1076.2	1629.4	1066.2	1641.3	988.8	1669.9	4	1030	1599	2979	5.1613	1	socks	734.861
												EH	1		ELEMENTARY		946.7	1650.7	3749.1	424.2	149.1	233.2	735.463	735.44	735.509	0.069																903.2	1595.4	948.4	1655.6	949.3	1692.4	918.5	1735.9	841.5	1775.9	4	971	1689	1702	2.44225	1	(ele)mentary	735.4722
												AY	1		HIGHSCHOOL		1069.6	1821.5	3093.5	249.8	435	589.9	736.505	736.505	736.615	0.11																1022.3	1859.2	936.8	1996.1	825.2	2220.7	626.1	2467.4	472.8	2598.3	4	920	1858	2767	47.34201	1	highschool	736.539
												OW	1		BOAT		687	1139.5	2990.3	226.9	108.3	60.4	737.653	737.627	737.847	0.22																761.2	1133.1	735.6	1067.3	552.2	997.5	466.5	958.7	443.1	900.8	6	722	1106	3058	62.1411	1	boat	737.683
												AY	1		SLIDER		1035.5	1609.9	3471.5	201.1	282.9	234	739.039	739.017	739.147	0.13																1035	1645.8	1020.8	1818.1	928.5	2060.6	779.8	2462.1	574.1	2593.1	4	995	1654	3233	41.14281	1	slider	739.0564
												AY	1		SLIDER		920.5	1669.3	3366.5	116.4	241.2	424.4	740.201	740.172	740.302	0.13																918.3	1630.8	891.4	1794.2	805.2	2020.9	714.1	2193.8	593.1	2160.8	4	904	1559	3352	41.14281	1	slider	740.191
												IH	1		SIX		707.4	1969.2	3167.8	98.4	196.1	201.8	741.572	741.539	741.639	0.1																673.2	1952.7	708.4	1973.9	704.5	1842.5	687.9	1586.5	622.3	1607	6	700	1982	3110	1.16133	1	six	741.5859
												AY	1		TIGER		926.1	1582.7	3331	179.7	429.6	888.4	742.093	742.089	742.249	0.16																845.2	1543.3	787.3	1759.3	689.9	2015.7	612.1	2334.4	497.8	2437.4	5	830	1533	2773	41.25231	1	tiger	742.1208
												ER	1		BURN		656.9	1683.9	2096.9	235.2	313.6	360.1	742.889	742.819	743.029	0.21																628.3	1583.7	654.1	1691.4	624.5	1713.2	624.9	1736.9	604.1	1771	5	625	1706	2168	94.6001	1	burn	742.9186
												AY	1		WRITING		798.1	1713.6	2463.5	173.4	206	301	743.396	743.379	743.519	0.14																779.6	1787.2	697.2	1866.6	589.7	2017.3	521	1973	471.6	2098	5	794	1779	2512	47.1417	1	writing	743.4033
												OW	1		GO		734.2	1253.7	2704.8	172.3	114.1	256.8	744.239	744.191	744.561	0.37																785.4	1255.6	777.4	1212.8	723.6	1113.8	592.5	1007.9	506.4	959	5	777	1238	2705	62.0006	1	go	744.262
												AO	1		STALKS		903.3	1331.7	2794.8	140.8	114	481.6	745.51	745.42	745.689	0.269																864	1373.1	905.6	1328.2	928.2	1305.9	913.5	1332.3	893.9	1352.5	5	904	1324	2771	53.1613	1	stalks	745.5154
												AY	1		WIDE		1024	1554.4	2548.2	95.7	225.4	549.3	746.621	746.541	746.881	0.34																1019.2	1543.2	1016.6	1623.5	961.5	1963.8	774.3	2217.1	542.2	2502.7	5	1026	1557	2583	41.1429	1	wide	746.6143
												IH	2		INVENTORY		605.7	2405.8	3429.6	137.2	171.2	225.2	747.982	747.959	748.029	0.07																589	2346.3	606.4	2407.5	605.6	2399.8	584.7	2370.7	563.7	2311.6	4	610	2386	3388	1.44205	1	inventory	747.9921
												AO	1		INVENTORY		667.6	1243.7	2698.4	223.2	80.8	764.1	748.426	748.379	748.519	0.14																637.3	1352.9	662	1238.7	616.2	1177.3	649	1178.1	690.5	1232.9	6	599	1152	2678	54.60031	1	(inven)tory	748.4553
												ER	1		FIRM		770.8	1570	2072.8	288	188.7	215.7	749.036	748.959	749.189	0.23																699.7	1456.3	770	1577.8	738.1	1648.3	706	1683.4	672.8	1675.5	6	691	1638	2086	94.6001	1	firm	749.073
												AY	1		SPIDER		805.3	1506.6	2689.7	125.5	168	297.6	749.813	749.759	750.129	0.37																725.5	1487.9	509.7	2410.9	451.7	1971.2	662.5	1926.5	662.9	1656.9	6	761	1462	2650	41.14211	1	spider	749.8159
												EH	1		DESK		914.9	1847.9	3154.3	118.5	293.1	934.5	750.549	750.489	750.669	0.18																819.2	1885.7	924	1843.8	970.6	1801.6	966.1	1775.2	923.4	1690	4	936	1738	2490	2.34133	1	desk	750.5752
												EH	1		RUDIMENTARY		938.6	1718.8	3600.7	416.6	256.7	342.3	755.383	755.356	755.436	0.08																965.6	1705.2	933.4	1718.5	863	1721.3	768.9	1738.4	642.7	1754.2	4	975	1698	3601	2.44225	1	(rudi)mentary	755.3669
												AY	1		WHITE		699.3	1534.3	1944.1	101.8	134.1	3112.4	757.564	757.549	757.779	0.23																679.1	2022.8	588.4	1867.5	517.9	1661	516.2	1484.3	453.1	1566.6	6	685	1328	2755	47.1419	1	white	757.5476
												EY	1		CRAYON		581.6	2165.4	2543	181	227.6	259.1	758.27	758.258	758.479	0.221																575	2420	502.3	2494.8	484.4	2498	514.5	2355.2	637.2	2115.5	5	514	2509	3072	21.4428	1	crayon	758.3304
												OW	1		HOME		806.1	1141.9	2494	406.5	230.5	389.7	759.561	759.554	759.794	0.24																557.3	1067.1	567.9	1011.5	528.9	963.4	469	1000.3	449.3	1034.6	6	931	1118	3132	62.412	1	home	759.5773
												EH	1		SEX		920.1	1728.9	2130.1	97	161.1	2555.4	760.123	760.073	760.223	0.15																817	1669.1	929.2	1725.6	965.4	1724.1	983	1638.6	1008.7	1784.9	5	964	1717	2349	2.16133	1	sex	760.1401
												AY	1		TIED		1007.7	1840.4	2912.6	90	124.9	505	760.736	760.654	760.914	0.26																987.1	1810.6	1006.2	1859.9	968.2	1918.6	890.9	2052	726.4	2503.4	4	1008	1858	2931	41.0023	1	tied	760.7427
												AE	1		BAG		774.3	2266.2	3075.6	260	706.8	486	761.404	761.314	761.584	0.27																759.1	2215.5	767.1	2232.8	825.8	2065.7	893.6	2017	855.1	2002.9	5	703	2212	3095	3.1621	1	bag	761.3733
												OW	1		NO		952.5	1502.9	2666.9	273.2	244	1358.1	762.06	762.014	762.294	0.28																996.7	1483.2	1038.5	1391.6	1010.2	1265.9	1004.5	1107	625	1018.8	5	1079	1517	3189	62.0004	1	no	762.0776
												AY	1		RIDING		979.5	1741.8	3021	86.3	140.2	480.8	763.136	763.122	763.292	0.17																976.2	1776.1	957.3	1932.1	862.7	2144.8	706.5	2398.5	562.3	2493.4	4	978	1743	3015	41.1427	1	riding	763.1422
												AE	1		SACKS		843.8	2114.2	3324.8	201.2	103.4	391.9	764.088	763.995	764.275	0.28																720.7	2032.1	843.9	2119.9	897.8	2126.8	944.7	2030.8	950.9	1953.2	4	847	2120	3316	3.1613	1	sacks	764.0945
												EH	2		SEDIMENTARY		899	1706.2	3159	154.5	142.2	180.1	764.758	764.724	764.825	0.101																836.6	1674.7	901.4	1707	917.1	1721.5	919.2	1734.5	878.7	1751	4	914	1721	3110	2.14232	1	sedimentary	764.773
												EH	1		SEDIMENTARY		1059.4	1793.8	1981.1	523.2	158.9	1189.6	765.005	764.985	765.044	0.059																1062.6	1772.9	1058.8	1795.7	1048.1	1802.5	997.9	1799.1	870.6	1757.3	6	1152	1812	3403	2.44225	1	(sedi)mentary	765.0047
												AY	1		MINOR		1178.5	1799.5	3105.2	246.8	119	423.9	765.719	765.675	765.835	0.16																1165.5	1747.1	1171.7	1841.3	1114.9	1960.5	1018	2175.1	805.8	2350	4	1165	1738	3068	41.44221	1	minor	765.706
