vowel	stress	word	F1	F2	F3	B1	B2	B3	t	beg	end	dur	cd	fm	fp	fv	ps	fs	style	glide	F1@20%	F2@20%	F1@35%	F2@35%	F1@50%	F2@50%	F1@65%	F2@65%	F1@80%	F2@80%	nFormants	F1_man	F2_man	F3_man	plt_code	plt_stress	plt_word	t_man
AY	1	NINETEEN	724.7	1668.0	2124.6	118.9	124.3	873.3	11.4	11.395	11.464	0.069	41	4	4	2	4	4		m	714.1	1693.4	677.5	1661.5	635.4	1554.4	584.7	1334.2	515.4	1084.5	6		723	1734	2618	41.44242	1	nineteen	11.41
AY	1	NINE	781.2	1633.5	2249.3	125.9	132.5	553.1	12.035	12.004	12.114	0.11	41	4	4	2	4	0		s	774.6	1668.6	776.1	1619.7	767.6	1632.5	742.8	1695.7	653.6	1784.0	6		806	1697	2867	41.4424	1	nine	12.0396
OW	1	DON'T	582.4	1320.1	2710.2	79.3	255.3	464.8	21.622	21.604	21.733	0.129	62	4	4	2	3	0			631.2	1188.1	611.9	882.3	512.5	780.5	654.0	1328.4	679.4	2238.0	4		634	991	2295	62.44233	1	don't	21.6393
AW	1	NOW	803.6	1552.1	2456.6	92.1	78.0	639.2	22.353	22.303	22.533	0.23	42	0	0	0	4	0			800.3	1562.5	821.4	1451.9	826.8	1293.1	781.1	1189.2	704.4	1044.6	5		799	1563	2465	42.0004	1	now	22.3516
IH	1	LIVE	420.6	1507.0	2675.0	133.9	234.3	431.6	22.978	22.928	23.077	0.149	1	3	2	2	7	0			495.0	1586.0	410.1	1494.9	337.7	1410.4	359.2	1437.5	438.5	1633.3	5		515	1584	2773	1.3227	1	live	22.9456
IH	1	ILION	511.7	1804.0	2879.1	339.7	230.7	290.5	23.798	23.768	23.857	0.089	1	5	4	2	0	2			492.2	1791.5	513.2	1803.8	583.8	1809.4	613.9	1792.9	622.3	1727.4	4		614	1808	2875	1.54201	1	Ilion	23.8202
IH	1	LIVED	482.8	1553.6	2868.5	54.3	116.7	492.4	31.62	31.603	31.654	0.051	1	3	2	2	7	3			487.1	1535.3	482.0	1556.3	475.0	1568.9	466.2	1568.4	459.0	1549.6	4		478	1574	2902	1.3227	1	lived	31.625
IH	1	IN	515.4	1753.1	2626.7	52.5	159.2	207.9	31.857	31.744	32.084	0.34	1	4	4	2	0	0			451.6	1760.2	524.3	1757.9	573.7	1767.1	576.4	1761.2	551.7	1700.9	5		548	1697	2665	1.442	1	in	31.9199
IY	1	EAST	361.4	2460.4	3663.7	266.1	389.2	469.2	33.283	33.236	33.376	0.14	11	3	4	1	0	3			350.0	2558.8	362.3	2463.2	372.5	2557.1	763.7	2661.8	2500.2	3478.2	3		375	2379	2714	11.34103	1	east	33.3231
EH	1	AREA	595.3	1779.0	2622.2	115.3	300.6	477.6	34.626	34.606	34.667	0.061	2	6	4	2	0	2			590.2	1826.3	596.0	1774.7	601.8	1762.5	600.7	1757.6	591.7	1751.0	4		451	1890	2660	24.60001	1	area	34.5795
AY	1	RIGHT	650.8	1660.2	2218.7	144.5	104.0	214.7	35.188	35.176	35.286	0.11	47	1	4	1	7	0		s	634.2	1728.3	599.0	1809.8	560.2	1777.1	539.4	1552.8	508.9	1456.6	6		631	1656	2240	47.1417	1	right	35.1877
AW	1	NOW	803.8	1604.9	2852.9	71.2	108.5	163.2	35.419	35.366	35.617	0.251	42	0	0	0	4	0			802.0	1613.8	818.0	1513.1	814.0	1339.9	789.3	1252.7	780.9	1305.3	4		796	1551	2888	42.0004	1	now	35.4328
ER	1	FIRST	409.7	1448.9	1596.1	114.4	86.6	649.5	36.659	36.632	36.712	0.08	94	3	4	1	1	3			417.6	1422.6	410.4	1452.3	429.8	1492.3	461.8	1408.6	476.4	1319.5	6		414	1421	1634	94.60013	1	first	36.6507
AO	1	BORN	561.7	803.4	1974.7	163.8	475.9	810.0	36.91	36.863	37.003	0.14	64	6	4	2	1	3			519.8	835.2	566.9	798.9	597.2	817.2	624.3	903.2	644.0	1044.2	6		607	828	2073	54.6001	1	born	36.9385
AE	1	AFTER	720.8	1788.3	2696.7	87.2	124.7	378.6	38.035	38.009	38.088	0.079	33	3	2	1	0	4			724.3	1777.6	718.8	1788.5	697.1	1778.8	655.0	1768.0	581.1	1732.9	4		724	1778	2594	3.32104	1	after	38.0339
AE	1	THAT	716.7	1695.5	2525.4	77.5	101.7	276.6	38.349	38.269	38.508	0.239	3	1	4	1	3	0			673.2	1698.9	720.6	1694.9	734.6	1659.9	729.3	1611.4	704.8	1576.9	4		737	1642	2486	3.1413	1	that	38.3929
AH	1	MOTHER	681.1	1244.5	3036.7	146.1	85.7	706.7	38.928	38.911	38.961	0.05	6	3	3	2	2	1			701.9	1236.5	681.1	1244.5	628.1	1253.3	572.9	1265.0	528.0	1278.4	4		728	1194	2929	6.33121	1	mother	38.9085
AA	1	FATHER	771.1	1255.9	2857.6	81.4	81.8	231.1	39.247	39.18	39.38	0.2	43	3	3	2	1	1			733.9	1257.7	773.1	1254.5	785.6	1264.1	795.3	1295.4	746.5	1322.4	4		800	1294	2734	43.33111	1	father	39.3102
UW	1	TO	395.9	1886.8	2782.7	318.1	224.5	272.6	40.266	40.259	40.56	0.301	73	0	0	0	3	0			441.1	1792.8	475.8	1705.3	479.9	1410.7	480.1	1244.6	517.4	1157.8	4		398	1786	2686	73.0003	1	to	40.2775
EH	1	CONNECTICUT	727.6	1768.8	2515.4	61.1	178.3	243.5	41.344	41.317	41.398	0.081	2	1	4	1	4	2			708.7	1793.6	728.6	1766.7	721.2	1743.8	677.7	1727.5	621.1	1699.6	5		729	1741	2537	2.16145	1	(Con)necticut	41.3587
AW	1	ABOUT	669.2	1283.6	2725.7	102.2	97.8	201.2	42.061	42.037	42.197	0.16	42	1	4	1	1	0			691.0	1276.1	700.1	1255.8	677.3	1187.7	670.6	1273.7	589.5	1332.7	4		700	1263	2763	42.1411	1	(a)bout	42.0795
UW	1	TWO	512.3	1455.3	2452.4	465.4	336.1	1136.6	42.466	42.457	42.558	0.101	73	0	0	0	3	0			444.9	1321.6	400.7	1072.2	399.5	1218.1	384.5	1403.2	362.2	1354.7	5		407	1041	2278	73.0003	1	two	42.4997
EH	1	PARENTS	640.7	1678.4	2008.8	87.5	171.0	802.1	44.214	44.197	44.247	0.05	2	6	4	2	1	1			640.2	1682.6	640.7	1678.4	645.2	1669.2	647.6	1659.4	645.6	1653.6	6		643	1676	2037	24.60011	1	parents	44.2134
AO	1	DIVORCED	571.3	941.6	2011.0	144.0	400.3	329.0	44.786	44.756	44.846	0.09	64	6	4	2	1	3			562.5	898.0	569.1	948.4	551.5	1050.8	536.6	1109.6	524.7	1167.8	6		566	893	1995	64.6001	1	(di)vorced	44.7832
AA	1	GOT	731.9	1692.7	2443.1	74.3	412.3	473.8	45.576	45.549	45.629	0.08	5	1	4	1	6	0			701.1	1739.0	734.5	1687.5	748.6	1681.9	749.1	1715.7	695.1	1740.7	5		746	1701	2489	5.1416	1	got	45.5852
AO	1	DIVORCED	530.8	788.5	1927.5	259.9	245.4	541.7	45.845	45.808	45.918	0.11	64	6	4	2	1	3			528.9	788.4	530.3	796.5	536.4	899.8	529.0	976.9	529.6	1113.5	6		603	917	2265	64.6001	1	(di)vorced	45.853
AE	1	THAT	635.0	1815.6	2595.0	127.0	230.4	472.8	46.228	46.188	46.308	0.12	3	1	4	1	3	0			641.9	1797.0	633.2	1815.5	643.8	1826.7	655.7	1750.5	655.6	1579.7	5		637	1809	2527	3.1413	1	that	46.2347
OY	1	POINT	722.6	1418.0	2299.9	204.5	124.4	556.2	46.508	46.478	46.569	0.091	61	4	4	2	1	3			675.6	1291.1	726.7	1438.5	715.3	1588.6	689.9	1730.5	679.0	1834.1	6		660	1107	2072	61.44213	1	point	46.4741
UW	1	MOVED	445.8	1042.7	1901.3	85.1	147.4	539.7	47.575	47.535	47.655	0.12	72	3	2	2	2	3			432.1	1068.8	445.8	1034.8	446.0	1021.0	444.4	1019.5	436.4	1026.0	6		499	1055	2241	72.3222	1	moved	47.5866
AE	1	BACK	690.8	2184.7	3186.6	195.2	232.0	783.7	48.686	48.653	48.753	0.1	3	1	6	1	1	0			684.1	2170.0	692.3	2183.5	694.6	2167.3	691.6	2197.1	674.2	2232.9	3		657	1927	2519	3.1611	1	back	48.6849
AH	1	MOTHER	691.9	1070.8	1919.7	137.5	162.9	1690.3	49.704	49.674	49.763	0.089	6	3	3	2	2	1			692.4	1041.5	691.4	1075.0	669.0	1134.9	617.5	1181.8	542.6	1182.9	6		721	1073	2762	6.33121	1	mother	49.6991
UW	1	TWO	409.1	1508.4	2461.1	140.2	714.9	493.5	50.171	50.163	50.233	0.07	73	0	0	0	3	0			409.0	1502.7	416.0	1550.1	429.9	1582.8	456.1	1650.1	480.6	1694.7	5		427	1609	2609	73.0003	1	two	50.1963
IH	1	SISTERS	485.7	1692.4	2718.2	97.9	252.7	446.9	50.363	50.343	50.404	0.061	1	3	4	1	3	4			485.9	1681.9	485.6	1695.1	486.3	1716.0	493.3	1706.7	508.5	1684.0	4		478	1631	2553	1.34231	1	sisters	50.3729
AO	1	CORNHILL	563.5	763.4	1887.2	232.6	257.0	882.4	52.241	52.201	52.321	0.12	64	6	4	2	6	4			514.5	830.8	564.2	761.4	545.0	826.2	612.3	944.6	612.2	1069.9	6		611	917	2212	54.60004	1	Cornhill	52.2746
AE	1	MAN	593.7	2024.9	2878.6	265.7	273.5	188.2	54.298	54.221	54.451	0.23	33	4	4	2	2	0			593.0	1815.9	588.9	2013.2	683.8	1928.0	708.9	1728.8	706.7	1667.0	5		611	2061	2884	3.4422	1	man	54.2931
EY	1	EIGHTY	457.4	2400.6	2963.9	412.8	100.1	215.9	57.458	57.446	57.566	0.12	21	1	4	1	0	1			439.7	2404.6	424.6	2436.0	417.8	2459.7	418.5	2456.9	379.3	2393.3	4		427	2448	2961	21.14101	1	eighty	57.4883
UW	1	TWO	467.4	1917.5	2730.9	345.6	276.0	472.7	57.869	57.846	58.086	0.24	73	0	0	0	3	0			400.1	1736.0	394.5	1566.9	404.0	1375.3	417.8	1158.8	412.6	967.7	5		402	1683	2812	73.0003	1	two	57.9299
EY	1	MAYBE	492.2	2088.5	2826.4	201.1	224.3	224.8	58.672	58.658	58.718	0.06	21	1	1	2	2	1			491.6	2013.3	481.3	2116.7	454.6	2147.4	432.6	2110.9	415.2	1889.5	5		463	2046	2851	21.1122	1	maybe	58.6621
AE	1	BACK	598.9	1721.2	2532.2	37.3	220.3	394.5	59.2	59.157	59.287	0.13	3	1	6	1	1	0			584.6	1703.6	600.4	1721.7	611.2	1712.5	624.2	1698.8	673.9	1703.1	5		605	1716	2493	3.1611	1	back	59.2105
EH	1	THEN	746.7	1753.1	2159.9	89.6	111.5	1829.8	60.722	60.659	60.848	0.189	2	4	4	2	3	0			730.6	1373.7	746.9	1748.4	749.1	1738.6	742.7	1749.2	721.3	1743.0	6		749	1748	2710	2.4423	1	then	60.7362
EY	1	EIGHTY	474.4	2163.1	2859.5	239.3	562.7	381.2	61.454	61.442	61.562	0.12	21	1	4	1	0	1			443.9	2155.0	421.5	2322.7	416.0	2400.4	408.4	2400.6	388.5	2244.0	4		420	2377	2959	21.14101	1	eighty	61.4911
EY	1	EIGHTY	468.6	2314.1	2897.6	165.3	385.4	469.6	62.807	62.738	62.879	0.141	21	1	4	1	0	1			473.0	2308.3	431.4	2332.4	433.1	2366.5	434.2	2401.8	422.9	2353.4	4		432	2329	2950	21.14101	1	eighty	62.8031
AY	1	NINE	790.5	1463.0	3120.8	84.0	172.9	195.3	63.145	63.069	63.279	0.21	41	4	4	2	4	0			783.8	1542.9	790.4	1460.4	779.6	1535.8	744.5	1683.1	631.1	1869.0	4		791	1460	3082	41.4424	1	nine	63.1421
AO	1	CORNHILL	613.4	782.9	2126.8	268.7	419.9	895.7	64.099	64.059	64.178	0.119	64	6	4	2	6	4			514.1	909.0	626.1	799.7	690.4	941.1	682.2	1013.2	683.6	1145.7	6		679	976	2296	54.60004	1	Cornhill	64.1151
EH	1	THERE	636.3	1694.9	2228.6	164.4	93.6	169.3	66.109	66.043	66.242	0.199	24	6	4	2	3	0			655.7	1713.6	628.9	1692.4	581.5	1673.9	561.0	1641.2	573.0	1631.4	6		669	1681	2540	24.6003	1	there	66.0624
AE	1	BACK	618.1	2061.4	3784.2	141.3	198.5	500.4	66.945	66.908	67.019	0.111	3	1	6	1	1	0			608.5	2068.6	620.2	2057.7	635.9	2021.3	662.6	2114.0	686.4	2224.5	3		603	1893	2594	3.1611	1	back	66.9498
EH	1	CONNECTICUT	709.7	1714.5	2694.5	74.0	190.5	1004.5	67.662	67.639	67.709	0.07	2	1	4	1	4	2			712.3	1728.7	706.2	1710.4	674.9	1703.8	630.6	1701.9	586.7	1693.8	4		720	1708	2754	2.16145	1	(Con)necticut	67.6621
IY	1	THREE	425.1	2427.8	3574.1	177.9	202.3	1399.6	70.29	70.273	70.323	0.05	12	0	0	0	8	0			421.0	2342.4	425.1	2427.8	426.7	2496.2	429.9	2498.8	432.0	2488.4	3		395	1902	2798	12.0008	1	three	70.2661
AA	1	GOT	645.2	1622.5	2551.0	77.4	278.5	620.9	73.007	72.98	73.061	0.081	5	1	4	1	6	0			580.8	1646.8	650.9	1618.9	707.3	1564.1	743.2	1547.6	726.4	1524.9	5		744	1559	2640	5.1416	1	got	73.0268
AE	1	BACK	671.5	1888.5	2280.9	92.7	174.3	901.3	73.15	73.12	73.21	0.09	3	1	6	1	1	0			658.5	1855.1	671.9	1889.3	662.6	1871.3	661.3	1819.1	638.3	1804.6	5		705	1926	2783	3.1611	1	back	73.1493
EH	1	TOGETHER	652.4	1763.7	2815.0	112.7	272.7	1100.2	73.42	73.39	73.48	0.09	2	3	3	2	6	1			608.1	1839.4	660.6	1756.2	714.6	1697.1	740.1	1620.1	714.1	1538.6	5		735	1683	3150	2.33161	1	(to)gether	73.4399
AE	1	DAD	648.7	1960.9	2656.2	129.0	277.9	368.6	76.053	75.993	76.174	0.181	3	1	4	2	3	0			620.1	1905.9	645.5	1970.9	626.4	1908.3	651.3	1897.8	634.7	1793.8	5		688	2022	2737	3.1423	1	dad	76.0439
ER	1	HERKIMER	519.2	1415.8	2239.2	133.5	144.1	667.2	78.071	78.044	78.124	0.08	94	1	6	1	0	2			540.4	1439.8	517.6	1415.2	504.6	1427.2	502.6	1451.3	496.8	1449.2	5		492	1400	1556	94.60002	1	Herkimer	78.0937
AW	1	OUT	833.3	1617.4	2795.5	84.7	171.9	169.3	79.434	79.409	79.509	0.1	42	1	4	1	0	0			819.8	1632.2	839.6	1565.2	846.0	1490.2	834.0	1411.2	816.1	1347.5	4		840	1486	2783	42.141	1	out	79.4541
EH	1	EVER	621.6	1824.1	2709.2	73.3	209.2	344.7	80.038	80.018	80.078	0.06	2	3	2	2	0	1			610.2	1857.9	622.4	1819.9	631.9	1785.2	640.5	1765.4	635.9	1701.2	4		632	1734	2613	2.32201	1	ever	80.0481
AO	1	FORTH	563.2	1037.3	1853.1	319.2	816.8	768.2	81.558	81.518	81.637	0.119	64	6	4	2	1	3			540.6	1244.5	566.0	1006.3	581.0	907.3	575.3	956.4	580.6	1029.1	6		564	918	2115	64.6001	1	forth	81.5909
IH	1	DID	510.0	1698.8	2417.4	44.1	93.8	236.6	88.758	88.715	88.845	0.13	1	1	4	2	3	0			479.3	1639.5	512.5	1702.0	540.3	1695.2	564.4	1691.6	561.2	1714.1	5		580	1693	2328	1.1423	1	did	88.8074
AE	1	ACTUALLY	595.7	1795.8	2378.0	66.6	169.7	536.2	88.914	88.874	88.994	0.12	3	1	6	1	0	4			587.2	1390.7	597.4	1797.3	613.4	1764.0	610.2	1675.7	568.1	1613.2	6		600	1793	2418	3.16105	1	actually	88.9256
AO	1	FOUR	513.5	892.2	2408.3	88.5	197.9	267.4	90.782	90.755	90.835	0.08	64	6	4	2	1	0			516.0	959.3	513.6	892.6	508.4	909.4	500.5	974.2	488.5	1072.0	5		500	866	2175	64.6001	1	four	90.7761
EH	1	REMEMBER	736.5	1673.2	2330.0	152.4	99.3	285.8	95.922	95.902	95.962	0.06	2	4	1	2	2	4			722.3	1685.7	737.2	1670.1	738.3	1625.9	712.3	1590.0	652.0	1569.7	6		741	1668	2312	2.41224	1	(re)member	95.9256
EY	1	NAME	636.1	1943.1	2518.5	213.3	142.5	234.6	96.199	96.163	96.293	0.13	21	4	1	2	4	0			603.2	1915.6	604.9	1968.6	513.0	2007.9	494.0	1995.4	474.3	1837.0	5		684	1927	2480	21.4124	1	name	96.1963
OW	1	JONES	647.8	1216.4	2430.6	327.7	195.9	847.0	96.925	96.912	97.073	0.161	62	4	4	2	5	3			649.8	1235.7	590.3	1048.3	661.4	1149.4	552.5	1081.8	614.6	1006.3	5		689	1279	2470	62.4425	1	Jones	96.9413
AY	1	HIGHSCHOOL	867.1	1505.1	2764.5	134.9	181.0	664.7	100.878	100.891	100.971	0.08	47	3	4	1	0	4		s	795.6	1651.8	728.9	1691.6	646.5	1768.2	571.1	1803.3	510.6	1791.3	4		838	1588	2509	47.34201	1	highschool	100.8914
AE	1	GRADUATED	591.5	1755.6	2770.9	56.2	155.8	462.4	101.338	101.312	101.391	0.079	3	2	5	2	8	2			578.1	1727.3	592.7	1762.9	589.0	1806.7	564.3	1826.7	512.2	1823.3	4		591	1727	2507	3.25282	1	graduated	101.3444
AH	1	MOTHER	705.3	1154.8	2854.6	127.6	109.2	574.0	109.664	109.641	109.711	0.07	6	3	3	2	2	1			730.1	1149.0	700.6	1154.7	627.1	1151.5	555.6	1159.4	495.0	1177.0	4		708	1125	2437	6.33121	1	mother	109.6535
AO	1	BORN	531.6	797.0	1927.3	130.9	168.4	741.5	110.229	110.192	110.302	0.11	64	6	4	2	1	3			502.6	776.8	537.4	804.0	575.7	883.5	552.6	952.8	534.4	1033.5	6		625	902	2650	54.6001	1	born	110.2447
EH	1	AREA	552.5	1892.8	2771.3	116.9	189.5	619.5	110.848	110.821	110.901	0.08	2	6	4	2	0	2			541.4	1978.8	552.9	1887.5	555.4	1847.9	559.3	1800.4	558.8	1763.0	4		543	1746	2332	24.60001	1	area	110.8572
AA	1	ADOPTED	817.3	1547.8	2492.9	42.2	196.1	2006.0	111.843	111.78	111.969	0.189	5	1	1	1	3	4			679.6	1556.6	824.6	1547.3	829.7	1529.0	846.5	1489.8	808.5	1495.6	5		844	1537	2152	5.11133	1	(a)dopted	111.8957
AA	1	ROCHESTER	798.6	1613.9	2984.6	72.0	192.8	282.6	112.46	112.42	112.539	0.119	5	2	5	1	7	2			785.5	1545.2	796.6	1615.9	750.1	1618.8	715.8	1650.3	634.9	1664.7	4		805	1578	2916	5.16175	1	Rochester	112.457
EH	2	ROCHESTER	659.5	1643.6	2850.9	94.5	148.4	1561.0	112.683	112.65	112.749	0.099	2	3	4	1	5	4			628.8	1657.5	661.7	1643.5	674.6	1643.0	660.5	1635.2	588.9	1431.6	5		688	1647	3093	2.34251	1	(Ro)chester	112.6963
IH	1	HIS	471.8	1846.7	2852.1	56.1	559.4	930.5	113.43	113.4	113.49	0.09	1	3	4	2	0	0			472.1	1832.7	471.2	1846.8	467.0	1809.0	461.1	1793.3	455.3	1823.9	4		469	1858	2915	1.341	1	his	113.4299
AA	1	ADOPTED	801.6	1643.2	2903.3	49.2	209.2	364.9	114.013	113.97	114.099	0.129	5	1	1	1	3	4			727.5	1666.8	806.9	1637.2	813.8	1563.2	799.9	1506.5	732.1	1506.1	4		820	1622	2943	5.11133	1	(a)dopted	114.0225
EH	1	PARENTS	689.7	1711.4	2214.5	168.6	116.6	180.3	114.359	114.329	114.42	0.091	2	6	4	2	1	1			673.1	1717.4	695.5	1711.5	716.1	1713.2	686.6	1705.8	676.3	1684.3	6		726	1842	2592	24.60011	1	parents	114.3615
EY	1	THEY	507.9	1763.3	2810.0	111.7	340.9	630.0	114.666	114.65	114.8	0.15	22	0	0	0	3	0			497.8	1872.4	459.0	1988.1	447.4	2005.9	416.7	1742.4	416.0	1665.9	5		520	1937	2861	22.0003	1	they	114.6735
ER	1	HERKIMER	531.0	1412.4	1901.3	102.4	98.9	923.9	115.999	115.962	116.072	0.11	94	1	6	1	0	2			531.8	1412.2	531.9	1413.0	541.3	1414.8	564.0	1397.5	569.9	1370.0	5		545	1414	1917	94.60002	1	Herkimer	116.0196
AE	1	THAT	662.4	1708.8	2982.4	98.2	112.2	1046.4	117.666	117.623	117.753	0.13	3	1	4	1	3	0			626.4	1704.1	666.2	1706.5	681.7	1667.3	651.8	1576.2	623.6	1471.1	5		659	1711	2887	3.1413	1	that	117.6649
OW	1	KNOW	624.1	1425.0	2473.1	44.4	108.4	671.8	121.654	121.614	121.983	0.369	63	0	0	0	4	0			632.7	1289.1	627.0	1199.8	592.2	1127.8	532.7	1079.0	481.2	944.7	5		631	1261	2746	62.0004	1	know	121.7191
EY	1	GREAT	560.2	1689.7	2167.8	82.3	112.8	226.5	122.489	122.469	122.578	0.109	21	1	4	1	8	0			559.9	1692.3	528.9	1630.1	457.9	1270.6	414.0	983.4	392.1	971.4	6		547	1679	2132	21.1418	1	great	122.4869
AE	1	GRANDPARENTS	581.2	1768.2	2708.0	97.1	196.7	435.2	122.772	122.739	122.839	0.1	33	4	1	2	8	5			569.4	1726.4	582.8	1771.0	591.4	1794.1	586.7	1789.1	578.1	1710.2	4		587	1774	2715	3.44284	1	grandparents	122.7775
EH	2	GRANDPARENTS	593.9	1736.4	2354.6	130.9	264.9	1159.8	123.005	122.938	123.138	0.2	2	6	4	2	1	1			566.7	1726.6	592.0	1732.2	561.1	1709.2	552.5	1690.4	564.1	1677.9	5		611	1767	2389	24.60011	1	(grand)parents	122.9911
EY	1	STRAIGHT	513.2	1866.8	2439.1	77.0	267.0	219.7	123.738	123.698	123.778	0.08	21	1	4	1	8	0			471.0	1732.6	490.9	1824.9	513.2	1866.8	517.5	1867.0	507.8	1870.2	4		519	1850	2437	21.1418	1	straight	123.7419
AO	1	OFF	706.8	1397.6	2600.4	80.9	145.3	273.1	123.845	123.808	123.918	0.11	53	3	2	1	0	0			681.3	1481.7	708.8	1387.7	726.3	1314.3	718.2	1258.4	695.6	1223.3	4		728	1317	2865	53.321	1	off	123.8615
OW	1	BOAT	562.8	1121.4	2562.5	107.6	88.5	158.6	124.161	124.139	124.298	0.159	62	1	4	1	1	0			581.4	1144.0	588.4	1160.6	576.9	1112.3	557.4	1028.4	523.6	942.5	5		605	1169	2583	62.1411	1	boat	124.1892
IH	1	ITALY	540.0	1828.9	2783.1	126.6	144.6	222.1	125.225	125.202	125.272	0.07	1	1	4	1	0	2			549.3	1831.7	539.2	1828.5	534.2	1823.3	530.0	1814.7	524.5	1816.5	4		530	1783	2692	1.14102	1	Italy	125.2248
AE	1	GRANDPARENTS	719.5	1828.9	2372.4	178.5	177.8	520.0	126.614	126.574	126.694	0.12	33	4	4	2	8	5			661.7	1730.4	723.0	1838.5	723.3	1911.4	716.7	1927.4	690.4	1815.9	5		724	1929	2557	3.44284	1	grandparents	126.6365
AA	1	ARE	729.8	1277.7	2070.8	49.6	103.5	2346.1	128.276	128.219	128.389	0.17	44	6	4	2	0	0			720.6	1295.2	731.8	1275.3	743.7	1280.7	767.5	1323.6	771.5	1407.5	6		750	1283	2644	44.6	1	are	128.2874
AY	1	LIFE	653.8	1196.6	1723.2	103.5	894.9	722.4	130.944	130.943	131.033	0.09	47	3	2	1	7	0			636.6	1436.3	597.6	1425.1	543.1	1294.1	503.4	1389.0	480.3	1517.9	6		658	1432	2949	47.3217	1	life	130.9513
EH	1	EVER	583.2	1406.6	2228.2	105.2	68.2	246.6	132.202	132.178	132.249	0.071	2	3	2	2	0	1			568.1	1407.1	583.4	1405.7	577.2	1393.6	565.1	1379.8	541.1	1357.4	5		587	1406	2237	2.32201	1	ever	132.202
AY	1	HIGHSCHOOL	795.6	1497.1	2600.7	107.9	178.0	274.1	139.841	139.826	139.937	0.111	47	3	4	1	0	4		s	784.8	1515.5	712.0	1591.1	617.8	1690.0	541.6	1721.1	452.5	1770.5	5		780	1508	2546	47.34201	1	highschool	139.8516
AE	1	GRADUATED	610.1	1720.6	2414.2	56.2	161.5	123.3	142.557	142.517	142.638	0.121	3	2	5	2	8	2			568.6	1619.6	612.7	1728.3	598.9	1752.8	521.2	1761.1	459.4	1797.8	5		619	1750	2475	3.25282	1	graduated	142.5709
AY	1	HIGHSCHOOL	691.0	1578.1	2506.5	69.3	103.5	257.3	142.843	142.838	142.947	0.109	47	3	4	1	0	4		s	689.9	1607.5	662.9	1616.1	607.7	1620.8	557.4	1613.7	523.1	1675.7	5		692	1595	2495	47.34201	1	highschool	142.853
OW	1	ENROLLED	476.7	1153.0	2501.8	277.5	236.3	381.5	143.959	143.942	144.011	0.069	62	5	4	2	7	3			472.4	1171.1	486.2	1106.9	506.5	1032.5	536.4	996.0	556.2	946.3	5		574	972	2680	62.5427	1	(en)rolled	143.9997
AA	1	COLLEGE	758.2	1501.4	2536.7	75.7	151.0	200.2	144.294	144.271	144.341	0.07	5	5	4	2	6	1			748.1	1529.7	758.4	1490.2	760.5	1444.8	781.4	1411.1	793.7	1405.2	5		797	1392	2885	5.54201	1	college	144.3359
AE	1	GRADUATE	587.3	1784.8	2590.9	49.6	274.6	331.0	150.591	150.551	150.671	0.12	3	2	5	2	8	2			582.8	1698.5	586.7	1792.4	573.2	1804.2	560.1	1820.4	512.9	1790.4	4		575	1710	2469	3.25281	1	graduate	150.6051
AW	1	ACCOUNTING	788.5	1652.5	2566.3	109.3	198.2	580.4	155.582	155.552	155.693	0.141	42	4	4	2	6	1			783.0	1662.5	847.7	1548.2	858.9	1431.8	927.8	1304.4	1030.4	1282.9	4		835	1473	2710	42.44203	1	(ac)counting	155.6065
AH	1	LOVE	683.3	1205.7	2573.6	79.5	51.2	206.1	158.838	158.811	158.891	0.08	6	3	2	2	7	0			688.4	1189.3	681.8	1206.8	643.8	1221.2	583.3	1239.5	536.0	1260.0	5		690	1201	2564	6.3227	1	love	158.8287
UW	1	SCHOOL	432.4	901.4	2567.6	64.1	100.6	494.5	164.256	164.233	164.303	0.07	72	5	4	2	6	0			417.4	922.6	435.1	897.6	447.8	888.6	457.4	884.5	461.0	869.5	5		439	897	2549	72.5426	1	school	164.259
AY	1	TIME	742.7	1461.5	3175.6	76.3	88.6	1246.6	164.688	164.633	164.872	0.239	41	4	1	2	3	0		s	739.0	1465.2	735.1	1471.3	725.4	1518.0	708.3	1571.6	663.6	1564.7	4		742	1456	3255	41.4123	1	time	164.692
AY	1	TIME	754.5	1464.5	2721.8	82.7	128.8	942.5	165.785	165.705	165.865	0.16	41	4	1	2	3	0		s	598.9	706.9	600.8	1177.3	754.5	1464.5	745.2	1510.6	715.0	1578.0	6		747	1473	2834	41.4123	1	time	165.7874
EY	1	PAIN	625.9	1965.2	2497.5	161.3	204.9	285.9	167.987	167.92	168.059	0.139	21	4	4	2	1	0			551.4	1817.1	579.4	1878.6	623.8	1973.7	582.7	2046.6	568.9	2046.8	5		647	1943	2463	21.4421	1	pain	167.9854
AW	1	NOW	795.8	1632.9	3147.2	105.7	142.9	471.8	171.05	171.028	171.197	0.169	42	0	0	0	4	0			804.8	1597.3	802.3	1496.0	749.7	1328.1	721.0	1155.0	696.2	1537.8	4		808	1555	3083	42.0004	1	now	171.0709
IH	1	HERE	469.9	2139.3	2713.6	128.2	228.8	310.2	173.547	173.517	173.607	0.09	14	6	4	2	0	0			541.1	2133.7	469.0	2136.0	465.7	2078.6	482.1	1943.4	516.2	1816.0	4		455	1990	2518	14.6	1	here	173.5524
AO	1	MORNING	619.5	1003.5	2186.5	108.6	286.9	374.3	176.49	176.46	176.549	0.089	64	6	4	2	2	4			562.2	994.8	623.1	1006.4	641.3	1035.6	641.4	1064.7	635.8	1120.5	6		643	1016	2319	54.6002	1	morning	176.5011
IH	1	SHIFTS	508.3	1642.0	2781.8	57.0	162.4	770.5	176.892	176.859	176.959	0.1	1	3	2	1	5	3			496.3	1645.7	509.6	1639.3	522.8	1596.2	532.0	1558.8	507.0	1494.4	5		517	1642	2763	1.32153	1	shifts	176.8971
OW	1	GO	462.5	939.5	1902.3	111.3	279.3	549.6	178.345	178.33	178.41	0.08	63	0	0	0	6	0			463.5	941.0	476.3	991.0	466.6	1048.1	446.3	1112.2	421.1	1191.0	6		509	1034	2382	62.0006	1	go	178.3544
AY	1	NIGHT	751.0	1482.3	2903.0	91.2	170.3	353.6	178.956	178.919	179.099	0.18	47	1	4	1	4	0			751.0	1481.4	740.3	1541.2	689.5	1710.6	579.6	1864.8	527.8	2029.1	4		732	1432	2314	47.1414	1	night	178.9513
AO	1	SORTA	462.9	1128.9	2368.0	80.6	243.7	345.1	179.86	179.836	179.907	0.071	64	6	4	2	3	4			440.8	1238.9	465.3	1123.6	480.7	1120.3	505.4	1147.7	534.2	1202.1	6		513	1157	2295	54.60031	1	sorta	179.8857
UH	1	HOOKEY	618.2	1099.8	2140.6	77.8	93.4	2136.7	180.599	180.576	180.646	0.07	7	1	6	1	0	1			616.3	1087.8	616.7	1101.7	591.2	1105.8	549.3	1111.4	498.7	1172.0	6		626	1096	2901	7.16101	1	hookey	180.5937
AA	1	LOT	730.4	1290.3	3079.9	62.9	110.7	221.4	181.387	181.357	181.446	0.089	5	1	4	1	7	0			712.6	1245.2	731.5	1294.1	737.0	1344.8	737.6	1384.5	715.2	1418.3	4		733	1334	2961	5.1417	1	lot	181.4028
UW	1	DO	493.1	1632.9	2862.0	101.8	359.6	355.1	181.944	181.937	182.037	0.1	73	0	0	0	3	0			492.6	1615.7	487.7	1615.0	484.4	1562.7	486.1	1608.8	490.5	1703.7	4		480	1555	2453	73.0003	1	do	181.9413
AY	1	TIME	796.6	1637.2	2670.4	108.5	113.6	253.9	191.771	191.703	191.843	0.14	41	4	1	2	3	0		s	758.5	1587.3	786.9	1612.3	796.2	1639.8	763.5	1699.5	717.6	1780.6	4		797	1628	2664	41.4123	1	time	191.7661
AO	1	OFF	763.8	1169.6	3128.7	61.3	255.6	235.4	191.986	191.923	192.112	0.189	53	3	2	1	0	0			745.2	1121.8	767.0	1173.0	783.4	1133.0	790.8	1210.4	752.3	1119.4	4		766	1156	1819	53.321	1	off	191.9883
EH	1	ANYTHING	771.4	1799.4	2242.1	123.3	207.3	1233.2	193.561	193.534	193.614	0.08	2	4	4	2	0	2			678.3	1588.4	771.3	1798.6	763.8	1781.0	746.0	1782.8	696.3	1544.8	6		737	1804	2531	2.44202	1	anything	193.5851
AW	1	OUTDOORS	670.4	1484.4	2247.9	191.4	282.0	1024.8	193.89	193.864	193.973	0.109	42	1	4	1	0	4			661.2	1494.7	704.9	1458.4	716.8	1378.5	669.8	1341.3	584.4	1334.3	5		730	1384	2124	42.14104	1	outdoors	193.9171
AO	1	OUTDOORS	514.7	1056.0	2447.9	93.4	146.2	176.9	194.103	194.063	194.183	0.12	64	6	4	2	3	3			480.0	1222.9	517.8	1038.2	528.0	930.4	540.2	936.7	550.7	1064.7	5		528	910	2450	64.6003	1	(out)doors	194.1279
AH	1	HUNTING	718.7	1185.5	1977.0	125.5	74.6	1643.1	195.015	194.988	195.068	0.08	6	4	4	2	0	4			698.3	1152.8	720.2	1189.6	723.0	1255.1	703.7	1347.0	648.6	1435.0	5		732	1225	2542	6.44203	1	hunting	195.0253
EH	1	ANYTHING	744.3	1847.0	2591.3	233.4	435.9	1176.0	196.36	196.343	196.393	0.05	2	4	4	2	0	2			784.7	1884.1	744.3	1847.0	694.8	1818.3	694.2	1806.4	688.5	1811.6	5		673	1849	2701	2.44202	1	anything	196.3914
AA	1	NOT	823.9	1544.8	2787.4	98.7	157.6	782.3	196.869	196.843	196.922	0.079	5	1	4	1	4	0			811.9	1541.0	823.9	1545.6	819.9	1533.6	812.7	1542.0	792.9	1571.5	4		803	1473	2235	5.1414	1	not	196.8743
AH	1	STUCK	618.9	1425.7	2230.7	72.4	277.8	661.6	197.109	197.082	197.162	0.08	6	1	6	1	3	0			541.1	1455.0	626.0	1420.8	685.4	1420.0	713.9	1421.7	706.7	1354.0	6		683	1374	2373	6.1613	1	stuck	197.1336
AY	2	INSIDE	796.4	1695.2	2753.0	69.4	233.7	328.6	197.478	197.422	197.572	0.15	41	1	4	2	3	0		s	728.5	1629.3	795.5	1685.9	774.9	1713.9	751.6	1799.4	717.6	1795.8	4		782	1596	2551	41.1423	1	(in)side	197.4812
AE	1	HAPPY	720.5	1778.9	2520.5	109.1	287.9	530.9	197.829	197.792	197.903	0.111	3	1	1	1	0	1			737.6	1830.7	717.6	1767.4	713.0	1673.8	717.1	1668.2	684.7	1670.5	5		741	1806	2571	3.11101	1	happy	197.8059
AH	1	COMING	675.7	1391.5	2676.2	79.9	186.6	786.4	199.235	199.208	199.288	0.08	6	4	1	2	6	1			603.8	1457.3	681.1	1387.4	732.2	1312.6	724.8	1246.8	656.1	1228.4	5		742	1266	2806	6.412	1	coming	199.2518
IH	1	HERE	487.7	2052.9	2768.6	86.3	68.5	136.0	199.465	199.429	199.538	0.109	14	6	4	2	0	0			484.4	2051.7	488.9	2051.9	508.2	2040.9	515.4	1987.3	536.5	1921.1	4		488	2049	2771	14.6	1	here	199.4598
AO	1	OFFICE	829.1	1190.3	3065.2	82.4	225.0	66.4	200.261	200.198	200.388	0.19	53	3	2	1	0	1			820.7	1259.4	830.4	1184.7	829.7	1173.7	826.1	1190.7	791.7	1202.1	4		812	1139	2584	53.32101	1	office	200.276
AO	1	TORTURE	505.7	1118.8	2320.6	142.1	100.3	194.3	202.149	202.122	202.202	0.08	64	6	4	2	3	4			492.0	1149.7	506.2	1117.8	507.4	1109.1	506.1	1146.5	501.8	1218.9	6		520	1108	2364	54.60031	1	torture	202.155
OW	1	KNOW	709.8	1428.1	2104.0	69.1	143.5	1115.3	206.608	206.555	206.766	0.211	63	0	0	0	4	0			697.5	1486.5	711.1	1322.4	722.1	1284.4	704.5	1147.5	687.4	1147.0	6		711	1314	2387	62.0004	1	know	206.6293
AE	1	EXACTLY	614.5	1730.2	2356.0	66.1	180.8	188.8	208.847	208.79	208.96	0.17	3	1	6	1	3	4			567.9	1718.4	614.5	1734.7	614.3	1789.2	575.6	1807.5	501.3	1853.2	5		614	1788	2330	3.16104	1	(e)xactly	208.8658
AY	1	KIND	702.3	1714.4	2263.6	56.3	330.0	318.3	210.648	210.618	210.678	0.06	41	4	4	2	6	3		m	672.9	1737.7	693.8	1714.4	702.3	1714.4	699.2	1718.5	687.6	1708.7	5		712	1708	2259	41.44263	1	kind	210.6478
EH	1	MESSED	723.4	1585.9	2479.3	90.7	191.8	565.0	210.968	210.948	211.007	0.059	2	3	4	1	2	3			716.0	1562.0	723.8	1590.4	721.7	1624.3	701.4	1590.5	686.7	1547.8	5		716	1540	2371	2.3422	1	messed	210.9641
AW	1	ACCOUNTING	740.1	1572.0	2875.2	89.7	253.7	1061.4	212.955	212.927	213.097	0.17	42	4	4	2	6	1			748.3	1561.3	755.2	1455.6	732.3	1312.1	727.5	1206.7	701.0	1174.1	4		751	1500	3176	42.44203	1	(ac)counting	212.9769
AW	1	ACCOUNTING	756.2	1541.6	2585.3	65.9	291.0	850.9	215.297	215.278	215.368	0.09	42	4	4	2	6	1			752.9	1541.3	783.3	1511.9	783.9	1431.5	765.2	1377.8	733.8	1332.4	5		801	1440	3020	42.44203	1	(ac)counting	215.3273
AO	1	OFFICES	778.6	1334.1	1561.3	67.0	121.8	1190.2	215.551	215.518	215.618	0.1	53	3	2	1	0	2			763.4	1347.3	782.2	1331.6	786.8	1198.2	745.8	953.2	755.3	1116.6	6		827	1336	2963	53.32101	1	offices	215.5666
IH	1	HERE	522.4	2025.8	2685.4	168.8	219.0	201.1	215.985	215.929	216.098	0.169	14	6	4	2	0	0			516.1	2079.4	523.2	2015.8	523.9	1920.7	519.2	1885.3	528.6	1842.5	4		513	2107	2791	14.6	1	here	215.9598
AO	1	SORTA	496.1	1043.1	2107.5	65.6	132.7	484.5	217.901	217.871	217.96	0.089	64	6	4	2	3	4			477.2	1110.7	496.7	1041.9	502.1	1043.9	514.5	1087.2	518.0	1159.4	6		626	1110	2342	54.60031	1	sorta	217.9313
AE	0	TRANSPIRED	608.3	1883.1	2457.1	124.4	317.2	809.0	218.649	218.626	218.696	0.07	3	4	4	2	8	5			597.8	1831.1	607.3	1891.7	597.1	1909.7	595.3	1906.8	600.8	1891.9	5		607	1879	2738	3.44284	1	transpired	218.672
AY	1	TRANSPIRED	589.8	1454.4	2252.2	83.5	81.0	265.3	218.893	218.856	218.955	0.099	41	0	0	0	1	1		s	577.7	1310.0	589.5	1439.2	577.4	1532.9	534.9	1601.8	514.7	1640.5	5		639	1411	2437	41.6001	1	(tran)spired	218.88
AE	1	AFTER	596.4	1689.6	2788.2	88.7	118.9	738.1	219.089	219.055	219.156	0.101	33	3	2	1	0	4			588.3	1708.2	596.9	1687.4	602.8	1664.8	609.9	1632.2	599.8	1587.5	4		607	1662	2686	3.32104	1	after	219.1108
AA	1	LOT	754.3	1423.9	2796.1	153.5	201.3	421.9	226.356	226.312	226.443	0.131	5	1	4	1	7	0			761.9	1389.5	754.4	1429.3	759.5	1494.3	740.0	1532.1	709.8	1504.5	4		760	1407	2799	5.1417	1	lot	226.3487
AA	1	LOT	749.0	1498.1	2715.7	44.3	160.1	219.2	227.26	227.237	227.307	0.07	5	1	4	1	7	0			732.6	1453.8	751.9	1503.7	761.6	1522.1	762.3	1560.8	742.8	1592.0	4		767	1528	2663	5.1417	1	lot	227.276
IH	2	INTERNATIONAL	464.1	1844.0	2846.0	224.8	162.6	378.2	227.623	227.596	227.676	0.08	1	4	4	2	0	2			421.6	1785.4	461.5	1851.6	439.9	1907.0	482.7	1933.2	508.6	1922.7	4		522	1911	2785	1.44205	1	international	227.6663
AE	1	INTERNATIONAL	669.3	1906.1	2640.9	149.0	105.4	222.7	227.893	227.836	228.006	0.17	3	3	5	1	4	2			660.2	1864.0	668.9	1906.8	673.0	1905.0	679.9	1852.1	654.3	1787.1	4		670	1903	2631	3.35142	1	(inter)national	227.9028
AH	1	STUFF	593.8	1380.8	2750.3	72.6	269.7	534.3	228.399	228.366	228.466	0.1	6	3	2	1	3	0			523.8	1392.0	602.5	1376.8	640.1	1299.6	644.2	1255.7	634.0	1244.3	5		675	1365	2937	6.3213	1	stuff	228.4199
AH	1	DONE	701.4	1545.2	2610.7	64.6	95.6	325.3	228.943	228.886	229.057	0.171	6	4	4	2	3	0			551.1	1643.8	714.8	1527.8	771.3	1428.5	765.3	1436.2	721.2	1521.9	5		793	1446	3120	6.4423	1	done	228.9755
AY	1	GUYS	810.7	1710.2	3027.7	43.8	217.8	587.7	230.036	229.929	230.268	0.339	41	3	4	2	6	0			756.4	1737.4	809.5	1716.1	761.8	1795.7	597.2	1910.0	529.8	1979.7	4		810	1709	3040	41.0026	1	guys	230.0453
EH	1	FRIENDS	744.4	1488.5	2593.8	110.2	116.3	562.7	232.095	232.058	232.168	0.11	2	4	4	2	8	3			720.5	1433.6	746.7	1497.7	766.9	1558.3	765.5	1598.3	722.4	1616.2	5		790	1585	2947	2.44283	1	friends	232.1122
EH	1	AHEAD	756.2	1736.0	2890.2	80.5	125.1	561.4	234.614	234.587	234.667	0.08	2	1	4	2	0	0			755.3	1739.4	755.2	1735.2	737.0	1726.5	698.6	1716.1	631.7	1698.6	4		765	1733	2911	2.142	1	(a)head	234.6136
IY	1	ME	454.0	2087.8	2879.2	427.9	184.0	239.4	234.837	234.797	234.917	0.12	12	0	0	0	2	0			479.8	2070.6	441.4	2086.6	425.4	2043.0	455.8	2036.6	495.3	2172.9	4		505	2092	2867	12.0002	1	me	234.833
OY	1	DELOITTE	490.3	1600.4	2426.8	121.8	159.5	256.8	236.776	236.723	236.883	0.16	61	1	4	1	7	0			514.2	1202.4	482.7	1639.0	442.6	1627.2	415.2	1184.7	416.1	1300.7	6		535	1070	2824	61.1417	1	(De)loitte	236.7176
AA	1	COLORADO	833.6	1427.2	2858.7	63.7	190.6	172.5	237.904	237.854	238.004	0.15	5	1	4	2	7	1			831.1	1433.7	833.2	1427.0	826.0	1444.6	798.8	1478.7	683.6	1554.9	4		834	1428	2836	43.14271	1	(Colo)rado	237.9156
AE	1	AND	669.5	1974.0	2661.6	123.3	89.9	561.1	238.983	238.856	239.236	0.38	3	4	4	2	0	3			625.6	2078.7	661.0	1971.7	686.1	1922.3	689.3	1814.2	653.9	1843.3	5		623	2076	2600	3.44203	1	and	238.9313
AE	1	TRAVELS	647.9	1751.9	2393.8	64.5	129.5	387.8	239.795	239.755	239.875	0.12	3	3	2	2	8	1			616.2	1697.3	651.5	1755.9	668.2	1754.0	674.9	1720.1	669.5	1630.3	5		668	1757	2457	3.32281	1	travels	239.8088
IH	1	BIG	498.8	2250.3	3957.0	385.0	112.6	652.2	243.808	243.791	243.841	0.05	1	1	6	2	1	0			454.0	2260.0	498.8	2250.3	483.5	2251.0	476.9	2260.4	479.1	2269.1	3		437	1978	2416	1.1621	1	big	243.7191
AA	1	GOT	705.6	1763.3	2167.9	74.7	342.6	562.2	244.491	244.461	244.551	0.09	5	1	4	1	6	0			652.7	1689.0	709.3	1757.0	745.6	1693.8	754.2	1655.1	757.1	1629.0	6		758	1615	2359	5.1416	1	got	244.531
IY	1	HE	512.5	2332.9	2953.8	538.2	553.7	492.8	246.466	246.429	246.539	0.11	12	0	0	0	0	0			487.5	2320.2	517.3	2330.6	560.6	2236.4	553.6	2116.5	503.9	1905.4	4		573	2233	2866	12.	1	he	246.4854
OW	1	TOLD	529.7	1351.3	2339.5	361.7	410.0	1025.2	246.609	246.59	246.669	0.079	62	5	4	2	3	3			503.7	1373.5	548.5	1236.3	563.0	1163.2	577.8	1093.4	597.5	1023.1	6		699	1185	2687	62.54233	1	told	246.6507
AO	1	OFTEN	721.1	1411.6	2577.5	75.6	110.7	222.8	270.652	270.612	270.732	0.12	53	3	2	1	0	4			686.8	1466.7	723.3	1405.3	727.6	1342.6	712.6	1288.2	677.6	1260.4	4		719	1360	2520	53.32104	1	often	270.6592
AE	1	FAMILY	609.6	2029.0	2715.1	131.9	203.8	311.3	271.244	271.201	271.331	0.13	39	4	1	2	1	1			540.0	2005.2	618.7	2023.1	669.4	1964.8	676.5	1936.6	704.6	1800.1	4		665	1953	2670	3.41212	1	family	271.2717
EH	1	THERE	591.8	1681.3	2313.9	123.3	156.3	568.7	271.842	271.792	271.941	0.149	24	6	4	2	3	0			570.2	1674.0	591.5	1682.1	591.8	1671.1	591.4	1673.1	588.2	1650.3	5		542	1680	2795	24.6003	1	there	271.7903
OW	1	GO	465.1	1018.4	2609.6	76.6	217.3	382.5	273.62	273.593	273.703	0.11	63	0	0	0	6	0			454.3	1030.1	485.5	1007.1	509.2	1041.0	515.1	1119.6	493.5	1228.4	5		583	1104	2854	62.0006	1	go	273.6507
IY	1	SEE	403.0	1981.4	2762.8	63.1	97.5	210.3	273.916	273.883	273.983	0.1	12	0	0	0	3	0			408.5	1983.2	402.5	1978.6	399.0	1946.1	392.7	1917.1	393.0	1858.7	4		402	1986	2777	12.0003	1	see	273.9185
AO	1	ORANGEMEN	641.9	1024.2	2230.3	97.4	1414.4	1097.6	274.487	274.433	274.594	0.161	64	6	4	2	0	2			608.6	1332.3	646.3	1008.1	632.7	1214.0	662.6	989.0	644.5	1169.5	5		674	993	2206	54.60002	1	Orangemen	274.5395
IH	1	HERE	540.9	1673.4	2025.2	174.5	248.2	180.4	277.626	277.589	277.7	0.111	14	6	4	2	0	0			517.2	1688.8	542.9	1670.8	538.0	1663.8	550.1	1613.9	563.9	1585.6	6		525	1697	1941	14.6	1	here	277.6222
AA	1	ROCHESTER	731.6	1484.1	2938.1	70.6	179.0	318.6	281.146	281.109	281.219	0.11	5	2	5	1	7	2			698.0	1446.3	732.6	1487.5	734.6	1541.5	723.9	1568.5	691.1	1605.1	4		727	1508	2570	5.16175	1	Rochester	281.1649
EH	1	SPENT	706.3	1534.9	3021.7	87.7	162.2	491.8	281.789	281.749	281.868	0.119	2	4	4	2	1	3			691.9	1483.0	704.7	1528.5	673.0	1579.2	647.6	1553.8	585.2	1491.1	5		714	1529	3033	2.44213	1	spent	281.7888
EY	1	DAY	475.0	2218.9	3413.3	168.2	182.6	599.0	282.683	282.659	282.809	0.15	22	0	0	0	3	0			472.7	2259.4	455.0	2329.8	438.3	2449.7	418.2	2441.9	379.1	2337.9	3		461	2121	2909	22.0003	1	day	282.6906
IH	1	TRIPS	542.9	1653.1	2429.1	156.8	184.4	309.1	282.959	282.939	282.998	0.059	1	1	1	1	8	3			535.5	1646.6	542.5	1653.4	532.9	1641.7	514.9	1628.7	497.0	1627.9	4		549	1662	2434	1.1118	1	trips	282.9555
EH	1	THERE	534.0	1803.3	2548.0	105.4	108.9	191.0	283.245	283.208	283.319	0.111	24	6	4	2	3	0			531.1	1817.0	534.2	1804.5	534.0	1832.2	545.6	1863.6	541.0	1817.6	4		536	1799	2536	24.6003	1	there	283.2433
OW	1	GO	476.7	1275.5	2531.2	60.3	209.5	294.7	283.52	283.498	283.588	0.09	63	0	0	0	6	0			473.7	1266.4	478.9	1308.9	482.1	1335.9	477.9	1351.4	468.3	1403.0	5		477	1289	2546	62.0006	1	go	283.5281
AA	1	CONCERTS	737.2	1448.4	2195.2	100.8	147.1	770.0	283.905	283.868	283.979	0.111	5	4	4	2	6	4			739.5	1489.3	736.2	1445.6	745.4	1452.6	769.3	1476.7	761.5	1503.1	5		772	1517	2797	5.44204	1	concerts	283.9042
AH	1	STUFF	628.0	1452.6	2327.7	102.6	131.2	998.0	284.451	284.398	284.558	0.16	6	3	2	1	3	0			563.1	1449.0	636.3	1418.6	647.3	1341.2	640.5	1362.6	615.3	1309.2	6		658	1466	3126	6.3213	1	stuff	284.4755
AA	1	ROCK	795.7	1297.8	2436.8	69.2	206.9	412.3	287.922	287.876	288.015	0.139	5	1	6	1	7	0			717.4	1292.0	808.3	1303.2	852.2	1320.9	836.7	1283.8	803.2	1328.1	6		864	1410	2876	5.1617	1	rock	287.9455
AA	1	CONCERTS	787.0	1415.4	2154.5	121.7	118.8	1016.8	288.222	288.185	288.295	0.11	5	4	4	2	6	4			774.1	1411.0	788.5	1415.8	801.1	1431.0	798.9	1443.8	744.3	1447.2	6		783	1453	3062	5.44204	1	concerts	288.2105
AO	1	GONE	703.6	1303.3	2607.1	91.1	104.5	852.5	289.182	289.148	289.249	0.101	53	4	4	2	6	0			606.4	1284.5	708.4	1304.0	735.8	1275.7	735.5	1269.6	734.5	1320.3	5		738	1280	2984	53.4426	1	gone	289.1977
AW	1	OUT	790.7	1388.0	2885.4	92.8	199.4	151.4	289.317	289.299	289.419	0.12	42	1	4	1	0	0			801.3	1397.8	814.9	1415.3	778.8	1415.7	689.1	1385.8	604.2	1320.3	5		823	1446	2887	42.141	1	out	289.3259
IY	1	SEE	418.4	2105.5	3494.6	336.0	143.4	410.8	289.871	289.808	289.998	0.19	12	0	0	0	3	0			436.5	2104.3	423.8	2112.8	427.2	2134.0	436.5	2230.1	501.8	2130.9	3		410	2024	2858	12.0003	1	see	289.8672
AA	1	ROLLINS	801.4	1260.7	1836.0	88.5	127.4	1523.5	290.849	290.806	290.936	0.13	5	5	4	2	7	1			790.0	1282.4	803.3	1260.4	811.9	1241.5	798.8	1192.0	784.7	1176.8	6		843	1303	2994	5.54271	1	Rollins	290.8572
AH	1	DOES	557.7	1560.0	2485.1	46.8	215.6	359.2	291.669	291.642	291.723	0.081	6	3	4	2	3	0			523.7	1635.3	559.5	1553.9	573.5	1507.8	557.0	1498.0	510.9	1479.7	5		605	1586	2922	6.3423	1	does	291.6849
OW	1	SPOKEN	523.9	1090.3	2342.3	46.3	139.5	161.7	292.035	292.022	292.152	0.13	62	1	6	1	1	1			540.4	1079.1	523.2	1021.4	465.1	934.8	425.7	876.6	438.8	1118.3	6		562	1190	2866	62.16111	1	spoken	292.0467
AY	1	SOMETIMES	705.2	1606.7	2909.7	105.0	194.6	827.6	292.777	292.722	292.833	0.111	41	4	1	2	3	3		m	617.5	1606.3	670.0	1558.0	705.2	1606.7	690.8	1653.7	649.1	1642.4	5		708	1649	3212	41.4123	1	(some)times	292.7817
EY	1	DAY	470.2	2031.2	2763.1	95.1	263.5	990.7	296.334	296.293	296.422	0.129	22	0	0	0	3	0			458.1	2026.6	467.8	2034.6	441.9	2072.6	425.8	2069.9	474.2	1959.3	4		471	2026	2713	22.0003	1	day	296.3245
AH	1	BUFFALO	632.1	1142.6	2624.0	60.5	112.3	156.4	299.457	299.434	299.504	0.07	6	3	2	1	1	2			609.7	1134.4	633.5	1143.4	637.8	1140.2	626.5	1120.0	616.2	1088.4	5		671	1190	2745	6.32112	1	Buffalo	299.4584
OW	1	SO	547.5	1415.6	2399.9	59.5	152.4	269.3	299.914	299.874	300.035	0.161	63	0	0	0	3	0			535.8	1442.0	582.0	1347.7	590.2	1322.5	592.1	1257.2	562.5	1167.3	5		605	1391	2699	62.0003	1	so	299.9313
AW	1	OUT	661.7	1556.8	2438.7	51.1	285.6	344.2	301.483	301.47	301.54	0.07	42	1	4	1	0	0			663.9	1552.5	677.7	1516.2	666.5	1474.0	642.5	1478.5	592.2	1505.9	5		710	1670	2814	42.141	1	out	301.4968
AH	1	MUCH	614.3	1274.4	2457.9	114.0	149.9	801.1	301.887	301.861	301.94	0.079	6	2	5	1	2	0			635.1	1211.6	607.9	1290.8	549.3	1388.6	459.3	1451.0	361.9	1423.3	5		689	1237	2902	6.16123	1	much	301.8757
AA	1	POSSIBLE	695.1	1306.8	3009.4	81.7	119.1	121.6	302.167	302.131	302.24	0.109	5	3	4	1	1	2			657.1	1272.2	699.3	1310.3	726.2	1345.2	727.5	1360.1	702.0	1377.0	4		732	1356	3103	5.34212	1	possible	302.1934
AW	1	OUT	663.6	1470.0	2809.5	73.6	98.3	627.2	303.089	303.061	303.201	0.14	42	1	4	1	0	0			663.6	1470.0	703.6	1417.0	702.6	1390.3	671.0	1339.5	618.2	1372.6	5		719	1427	3026	42.141	1	out	303.1193
EH	1	THERE	558.7	1669.6	2560.6	95.0	148.6	419.2	303.337	303.32	303.371	0.051	24	6	4	2	3	0			551.7	1659.0	560.2	1671.6	566.6	1682.0	566.1	1691.3	572.1	1689.6	5		586	1794	2758	24.6003	1	there	303.3586
EY	1	DANA	488.6	2218.3	2799.8	42.4	53.6	227.0	305.426	305.361	305.492	0.131	21	4	4	2	3	1			467.3	2032.7	474.3	2152.4	490.0	2220.8	523.7	2247.6	545.3	2238.3	5		472	2157	2835	21.44231	1	Dana	305.4042
IY	1	SHE'S	351.7	2503.1	3254.1	160.9	204.3	952.4	305.848	305.801	305.941	0.14	11	3	4	2	5	0			352.3	2517.5	351.6	2489.6	350.7	2342.3	351.5	2355.8	352.0	2352.3	3		345	2180	2759	12.0025	1	she's	305.8658
IH	1	SIX	501.1	1915.3	3381.7	72.8	188.7	989.5	308.171	308.135	308.244	0.109	1	1	6	1	3	3			480.2	1919.8	502.7	1914.5	492.9	1952.9	466.5	2019.6	452.4	1948.9	4		511	1908	3573	1.16133	1	six	308.1763
AO	1	FOUR	481.4	769.1	1907.6	67.6	199.7	596.8	309.021	308.964	309.134	0.17	64	6	4	2	1	0			480.3	798.2	482.7	773.5	501.6	839.5	527.8	959.8	548.2	1086.2	6		524	869	2374	64.6001	1	four	309.0281
AY	1	I	778.1	1741.4	2835.6	58.1	186.9	995.9	319.818	319.779	319.919	0.14	41	0	0	0	0	0		m	766.5	1719.2	766.4	1760.4	707.7	1739.9	653.0	1720.0	534.8	1631.7	4		783	1744	3079	41.0006	1	I	319.8173
AH	1	LOVE	656.9	1257.3	2539.1	35.2	157.8	326.4	320.046	320.019	320.099	0.08	6	3	2	2	7	0			661.5	1270.4	655.7	1255.2	636.7	1228.1	610.0	1205.3	577.2	1186.7	5		686	1405	2879	6.3227	1	love	320.0339
AH	1	SUCH	552.7	1529.0	2634.6	48.3	166.0	268.6	321.322	321.302	321.362	0.06	6	2	5	1	3	0			548.1	1536.9	552.0	1529.4	534.4	1550.7	500.9	1560.0	542.6	1637.2	5		571	1599	2755	6.16133	1	such	321.3187
EY	1	CASE	530.4	2179.9	2630.9	239.1	385.8	1042.3	321.648	321.612	321.742	0.13	21	3	4	1	6	0			530.0	2218.2	509.6	2226.6	528.3	2127.9	501.6	1976.0	448.4	2086.6	5		533	2233	2744	21.342	1	case	321.6421
AH	1	LOVE	607.2	1268.7	2301.6	53.1	208.9	217.8	322.185	322.162	322.232	0.07	6	3	2	2	7	0			604.2	1233.7	606.3	1277.3	592.1	1305.9	571.5	1322.3	545.0	1339.3	6		615	1339	2383	6.3227	1	love	322.1863
IY	1	DEALING	453.8	1937.7	2708.4	260.4	180.5	227.2	322.348	322.331	322.382	0.051	11	5	4	2	3	1			456.7	1939.3	453.4	1937.7	458.5	1945.3	478.1	1948.5	496.6	1932.4	4		459	1931	2705	11.5423	1	dealing	322.3515
AO	1	ALBANY	667.4	1000.5	2104.5	166.2	299.9	564.6	327.129	327.093	327.202	0.109	53	5	4	2	0	5			563.3	1054.7	678.8	985.0	679.9	919.7	679.1	947.8	682.7	989.8	6		725	1030	2473	53.54205	1	Albany	327.1763
AY	1	TIMES	771.4	1475.6	2429.9	59.0	148.4	691.4	328.176	328.092	328.302	0.21	41	4	1	2	3	3		s	724.0	974.8	767.0	1467.7	759.9	1516.0	738.3	1645.7	697.7	1716.7	6		768	1500	2743	41.4123	1	times	328.1777
IH	1	KID	509.8	2028.9	2665.8	64.4	125.8	603.8	329.2	329.16	329.28	0.12	1	1	4	2	6	0			475.1	2064.3	514.9	2025.3	545.8	1980.9	544.1	1967.6	529.9	1933.9	5		546	1993	2659	1.1426	1	kid	329.2162
OW	1	GOING	557.1	888.4	2043.0	213.5	201.7	675.5	329.454	329.431	329.53	0.099	62	0	0	0	6	1			554.8	894.6	579.8	900.1	595.4	911.2	583.7	910.6	586.6	908.8	6		630	916	2542	62.4426	1	going	329.4726
AE	1	FAMILY	615.3	1997.9	2708.0	87.0	121.6	283.4	329.897	329.86	329.971	0.111	39	4	1	2	1	1			590.3	1975.4	615.0	1998.4	609.7	1950.2	635.5	1804.9	660.7	1621.8	5		615	2002	2705	3.41212	1	family	329.8942
OW	1	GOING	530.7	1137.2	2334.5	76.3	232.6	635.7	330.175	330.15	330.25	0.1	62	0	0	0	6	1			528.5	1163.0	545.1	1102.0	588.4	1065.2	623.8	1098.2	622.6	1113.4	5		622	1079	2330	62.4426	1	going	330.2133
EH	1	THERE	572.8	1793.0	2591.2	109.2	192.9	191.1	332.39	332.3	332.57	0.27	24	6	4	2	3	0			557.8	1755.9	572.2	1793.4	558.4	1797.5	551.9	1811.7	542.4	1778.6	4		553	1742	2622	24.6003	1	there	332.3444
UW	1	DO	410.0	1765.4	2437.8	129.6	109.2	365.3	334.387	334.38	334.44	0.06	73	0	0	0	3	0			410.0	1765.4	428.1	1676.6	462.5	1610.4	490.7	1538.9	511.8	1512.8	5		435	1651	2327	73.0003	1	do	334.4028
AO	1	SMALL	683.0	896.5	1913.0	90.6	82.4	634.5	337.163	337.116	337.256	0.14	53	5	4	2	2	0			664.1	901.3	684.1	896.1	685.3	901.1	678.7	916.3	662.8	940.3	6		752	923	2404	53.542	1	small	337.1777
AW	1	AMOUNT	851.1	1393.6	2965.6	58.8	216.8	541.7	337.407	337.395	337.495	0.1	42	4	4	2	2	3			854.8	1359.3	851.4	1293.6	843.7	1264.1	857.5	1315.1	858.9	1380.8	4		835	1255	2325	42.44223	1	(a)mount	337.4227
AE	1	FAMILY	597.2	2069.9	2788.3	114.9	193.0	361.0	337.738	337.705	337.805	0.1	39	4	1	2	1	1			586.2	2028.5	599.8	2073.7	637.2	2073.3	668.4	2056.1	662.0	1886.2	4		582	2074	2715	3.41212	1	family	337.739
AW	1	OUT	701.3	1559.8	2483.3	63.9	137.8	439.8	338.36	338.335	338.486	0.151	42	1	4	1	0	0			712.6	1553.4	726.9	1476.1	693.0	1309.3	617.6	1204.4	580.7	1196.8	5		729	1491	2260	42.141	1	out	338.3859
AA	1	NOT	732.3	1627.7	2611.0	86.4	97.4	773.5	340.315	340.288	340.368	0.08	5	1	4	1	4	0			688.3	1647.9	735.2	1626.0	764.9	1615.3	781.0	1591.9	778.5	1545.9	4		788	1565	3156	5.1414	1	not	340.3471
AY	1	TIME	808.0	1595.5	2543.0	132.2	156.3	521.3	340.749	340.698	340.808	0.11	41	4	1	2	3	0		s	741.6	1542.6	785.3	1583.4	807.2	1602.8	795.3	1674.3	760.5	1645.0	5		813	1589	2602	41.4123	1	time	340.7528
AE	1	TRAVELED	580.0	1667.3	2559.2	50.7	314.9	454.8	344.083	344.056	344.136	0.08	3	3	2	2	8	1			567.3	1689.5	580.5	1667.8	578.4	1686.7	574.6	1710.7	568.6	1667.0	5		575	1715	2704	3.32281	1	traveled	344.1044
AA	1	ON	605.4	1618.5	2809.7	52.3	200.5	810.0	345.791	345.774	345.824	0.05	53	4	4	2	0	0			587.0	1615.2	605.4	1618.5	629.4	1628.2	651.6	1630.2	674.1	1625.7	5		747	1560	2866	5.442	1	on	345.8343
AW	1	DOWN	734.8	1596.4	2775.6	103.1	134.8	500.4	346.221	346.193	346.303	0.11	42	4	4	2	3	0			706.0	1624.5	766.8	1497.0	778.9	1353.4	773.7	1294.1	724.2	1262.1	4		743	1455	2199	42.4423	1	down	346.2286
EY	1	BREAK	572.4	1771.8	2502.3	118.1	191.0	371.0	346.856	346.844	346.923	0.079	21	1	6	1	8	0			569.1	1805.2	550.2	1932.7	521.9	2003.7	509.9	1986.9	489.8	2029.1	4		553	1745	2491	21.1618	1	break	346.8634
AO	1	NORTH	541.8	1060.2	2302.6	143.1	136.3	335.0	350.796	350.766	350.855	0.089	64	6	4	2	4	3			520.2	1187.9	543.3	1052.6	562.4	1004.5	562.0	1020.7	550.4	1089.0	6		551	979	2425	54.6004	1	north	350.8098
AY	1	CAROLINA	752.6	1382.3	2794.1	84.5	127.6	701.1	351.286	351.236	351.375	0.139	41	4	4	2	7	1		s	737.8	1260.2	752.6	1376.8	745.4	1450.8	712.6	1502.6	711.2	1611.0	5		764	1433	2782	41.44271	1	(Caro)lina	351.293
AY	1	TIME	717.9	1520.9	2674.5	86.0	116.7	584.0	353.195	353.105	353.285	0.18	41	4	1	2	3	0		s	684.0	1746.7	781.0	1736.8	809.7	1660.7	802.6	1725.6	743.8	1785.9	4		731	1559	2726	41.4123	1	time	353.2075
AW	1	ABOUT	659.0	1173.5	1869.2	103.4	293.5	677.8	359.283	359.259	359.369	0.11	42	1	4	1	1	0			659.5	1176.8	657.3	1152.1	657.1	1167.8	626.9	1115.0	573.3	1320.3	6		724	1395	2611	42.1411	1	(a)bout	359.301
IY	1	THREE	329.6	2322.8	3531.0	475.3	197.8	1863.1	359.769	359.749	359.808	0.059	12	0	0	0	8	0			342.9	2247.8	328.5	2328.9	329.4	2382.6	763.4	2562.3	1403.2	2721.5	3		349	2117	2549	12.0008	1	three	359.7796
EY	1	GAME	601.2	2121.8	2730.7	207.0	288.1	151.0	362.32	362.287	362.398	0.111	21	4	1	2	6	0			592.1	2124.1	591.3	2120.9	563.2	2141.8	577.4	2113.2	579.5	2100.4	5		565	2099	2703	21.4126	1	game	362.2845
AW	1	DOWN	686.1	1489.5	2660.3	78.1	263.3	183.7	363.95	363.918	364.048	0.13	42	4	4	2	3	0			666.2	1514.8	726.7	1442.2	745.3	1364.5	744.1	1316.9	729.5	1311.8	4		748	1374	2950	42.4423	1	down	363.9802
EH	1	THERE	632.5	1783.7	2600.2	79.4	113.3	288.4	364.198	364.148	364.298	0.15	24	6	4	2	3	0			634.0	1773.3	632.4	1785.0	621.7	1788.9	621.8	1787.2	611.2	1793.4	4		633	1775	2609	24.6003	1	there	364.1808
AH	1	BUDDIES	625.1	1162.7	2619.1	117.1	261.1	185.8	365.897	365.867	365.958	0.091	6	1	4	2	1	1			598.9	1106.0	627.3	1177.1	629.9	1271.5	616.7	1412.5	569.8	1511.6	4		631	1203	2611	6.14211	1	buddies	365.905
AW	1	DOWN	588.8	1620.9	2722.5	51.2	152.3	168.7	367.601	367.562	367.722	0.16	42	4	4	2	3	0			558.9	1640.3	679.4	1577.6	786.0	1498.0	801.5	1447.9	771.5	1472.9	4		802	1454	3035	42.4423	1	down	367.6645
EY	1	MAYBE	532.8	1982.5	2717.7	148.2	245.2	183.5	368.514	368.502	368.563	0.061	21	1	1	2	2	1			532.8	1982.5	530.1	2012.7	516.5	2030.7	500.2	2034.7	474.2	1961.1	4		537	1979	2737	21.1122	1	maybe	368.5113
EH	2	WEEKEND	585.8	1920.1	2671.8	80.6	161.0	177.4	369.219	369.202	369.253	0.051	2	4	4	2	6	3			566.1	1935.4	590.1	1917.6	620.0	1902.4	648.3	1878.1	654.0	1853.8	4		665	1860	2739	2.44203	1	(week)end	369.2406
IH	2	HIM	636.7	1697.5	2666.3	85.0	101.9	423.0	369.549	369.513	369.622	0.109	1	4	1	2	0	0			630.4	1720.1	638.5	1695.0	643.4	1666.3	667.4	1635.0	670.2	1625.8	5		706	1675	3020	1.412	1	him	369.5916
IY	1	CLEVELAND	479.8	2203.0	3882.8	190.6	197.6	511.8	382.501	382.474	382.554	0.08	11	3	2	2	8	1			476.5	2327.5	479.6	2195.7	479.8	2234.4	480.3	2310.3	465.0	2204.7	3		469	2071	3052	11.32282	1	Cleveland	382.493
IY	1	CEDAR	369.1	1992.4	2683.0	75.6	122.7	523.9	383.167	383.143	383.214	0.071	11	1	4	2	3	1			397.6	1994.1	370.3	1993.4	375.6	1999.8	371.8	1990.9	371.7	1955.0	4		377	1997	2681	11.14231	1	cedar	383.1825
OY	1	POINT	666.5	900.9	2263.5	148.8	233.2	532.3	383.493	383.443	383.594	0.151	61	4	4	2	1	3			606.5	930.2	667.7	910.5	649.5	1105.9	612.3	1344.0	611.4	1670.1	6		700	857	2404	61.44213	1	point	383.4924
EH	2	WEEKEND	609.6	1759.5	2680.8	80.2	225.6	473.4	389.016	388.999	389.049	0.05	2	4	4	2	6	3			575.6	1796.4	609.6	1759.5	653.3	1715.8	673.5	1686.1	672.4	1666.9	4		692	1687	2598	2.44203	1	(week)end	389.032
EH	1	CONNECTICUT	713.1	1749.2	2499.5	54.3	212.0	313.0	394.848	394.818	394.908	0.09	2	1	4	1	4	2			709.6	1747.4	710.6	1749.6	676.2	1761.2	622.9	1750.9	573.9	1740.6	4		728	1751	2485	2.16145	1	(Con)necticut	394.8406
AA	1	LOT	735.4	1416.5	2786.5	72.4	145.0	168.1	395.32	395.267	395.427	0.16	5	1	4	1	7	0			738.4	1398.4	736.2	1422.7	737.6	1447.6	707.6	1438.8	663.8	1495.9	4		753	1456	2757	5.1417	1	lot	395.3352
AE	1	FAMILY	576.8	2098.7	2712.5	87.2	196.4	201.1	397.355	397.315	397.436	0.121	39	4	1	2	1	1			537.9	2013.9	581.6	2106.6	610.8	2100.7	609.9	2022.9	617.1	1860.0	4		608	2047	2679	3.41212	1	family	397.3682
UW	1	TOO	538.2	1648.1	2627.6	207.2	482.6	164.6	398.112	398.105	398.286	0.181	73	0	0	0	3	0			520.3	1672.3	544.4	1671.8	534.1	1460.3	530.0	1290.7	499.3	1102.4	4		533	1582	2538	73.0003	1	too	398.1568
OW	1	SO	588.1	1407.2	2630.9	66.1	146.8	342.3	398.938	398.883	399.104	0.221	63	0	0	0	3	0			582.8	1406.5	609.4	1362.2	642.9	1311.4	661.5	1210.9	683.3	1085.5	4		586	1384	2541	62.0003	1	so	398.942
EY	1	SAY	510.7	1984.2	3688.5	230.0	189.9	1224.9	400.178	400.103	400.503	0.4	22	0	0	0	3	0			510.6	1985.0	507.3	2266.0	467.7	2441.1	456.8	2423.2	442.3	2627.9	3		516	1865	2642	22.0003	1	say	400.1762
AA	1	PROBABLY	622.8	1427.2	2454.3	41.7	296.4	579.6	402.981	402.958	403.028	0.07	5	1	1	2	8	1			610.7	1444.0	624.3	1422.6	633.2	1366.2	629.0	1342.0	596.3	1309.5	6		638	1447	2620	5.11282	1	probably	402.9978
AO	1	FOUR	534.5	897.3	2627.8	103.9	157.6	204.5	404.149	404.126	404.196	0.07	64	6	4	2	1	0			545.6	971.5	532.9	901.8	530.0	948.0	532.5	1013.5	537.0	1097.1	5		530	964	2526	64.6001	1	four	404.1659
AA	1	LOT	797.9	1435.1	2698.8	49.6	141.6	375.3	413.442	413.422	413.482	0.06	5	1	4	1	7	0			800.9	1411.7	796.6	1437.5	779.0	1461.3	759.2	1491.4	737.1	1513.1	4		821	1464	2695	5.1417	1	lot	413.44
IY	1	PEOPLE	397.1	2647.0	3627.2	181.4	164.2	2076.5	413.645	413.602	413.731	0.129	11	1	1	1	1	1			391.3	2532.5	397.0	2644.0	407.1	2566.9	427.4	2417.0	474.5	2500.1	3		384	1957	2753	11.11111	1	people	413.6337
AE	2	ADIRONDACKS	564.2	1782.6	2615.8	93.5	139.3	424.0	414.822	414.789	414.888	0.099	3	1	4	2	0	2			535.3	1828.7	568.8	1776.9	609.9	1746.3	622.1	1707.0	572.1	1668.2	4		557	1797	2648	3.14202	1	Adirondacks	414.8155
AA	1	ADIRONDACKS	784.6	1420.9	2404.3	120.7	132.4	738.7	415.025	414.978	415.118	0.14	5	4	4	2	7	4			778.6	1417.4	784.1	1423.6	785.0	1420.6	786.8	1427.2	768.4	1472.4	6		772	1464	3306	5.44274	1	(Adi)rondacks	415.0594
AE	1	CHANCE	560.6	2041.0	2529.4	170.0	179.1	1578.6	418.447	418.417	418.508	0.091	33	4	4	2	5	3			556.4	1965.6	561.2	2041.2	560.8	2032.6	573.9	1896.1	599.3	1794.7	5		565	2045	2656	3.44253	1	chance	418.4497
AY	1	I	668.2	1627.2	2591.4	84.1	132.6	365.1	420.122	420.085	420.175	0.09	41	0	0	0	0	0		m	645.0	1576.8	666.8	1616.1	666.8	1635.3	661.1	1628.0	647.3	1615.4	5		673	1667	2654	41.0006	1	I	420.134
AY	1	LIKE	617.7	1449.4	2580.3	64.0	141.4	317.6	420.255	420.255	420.325	0.07	47	1	6	1	7	0			600.3	1632.9	571.1	1723.8	543.1	1784.4	513.2	1776.8	559.3	1771.1	5		634	1606	2728	47.1617	1	like	420.2617
AO	1	CALL	689.4	1041.0	2054.1	71.2	153.3	472.5	420.558	420.515	420.644	0.129	53	5	4	2	6	0			691.2	1059.7	687.8	1049.7	673.2	1095.7	657.1	1095.6	662.2	1101.6	6		719	1072	2248	53.542	1	call	420.5534
AA	1	ARMPIT	688.8	1507.4	2394.3	93.3	192.6	504.6	420.891	420.874	420.924	0.05	44	6	4	2	0	4			665.8	1543.3	688.8	1507.4	713.7	1462.6	723.5	1450.7	717.4	1460.2	5		730	1426	2174	44.60004	1	armpit	420.9044
AE	1	CHANCE	538.7	2038.5	2797.6	101.6	351.2	890.1	423.921	423.901	423.961	0.06	33	4	4	2	5	3			526.9	2043.4	541.0	2037.4	566.1	2040.9	598.0	2032.5	610.6	2007.6	4		534	2028	2635	3.44253	1	chance	423.9095
IH	1	BIG	481.1	2099.2	3849.5	149.8	171.4	555.2	428.903	428.883	428.943	0.06	1	1	6	2	1	0			487.9	2106.8	479.9	2099.1	466.0	2122.2	453.8	2122.0	440.5	2120.6	3		469	1970	2653	1.1621	1	big	428.9055
IY	1	PEOPLE	444.3	2260.6	2841.2	98.4	301.7	462.0	432.365	432.335	432.426	0.091	11	1	1	1	1	1			440.0	2186.3	444.3	2270.0	448.1	2240.5	459.1	1959.4	482.5	1710.6	4		451	2177	2669	11.11111	1	people	432.3642
IY	1	DEAL	451.9	2018.8	2779.0	173.9	275.9	260.6	432.615	432.585	432.675	0.09	11	5	4	2	3	0			379.1	1888.1	459.0	2030.6	456.7	2004.2	443.4	1927.0	447.4	1689.4	5		433	2011	2751	11.5423	1	deal	432.6309
EH	1	STRESS	600.5	1609.0	2500.2	64.6	197.3	303.6	433.365	433.335	433.425	0.09	2	3	4	1	8	0			563.0	1658.1	609.2	1608.3	665.2	1622.1	673.7	1610.0	640.0	1610.8	4		681	1634	2602	2.3418	1	stress	433.3865
AA	1	FAR	655.5	1240.4	2175.5	72.2	104.3	161.6	433.708	433.685	433.755	0.07	44	6	4	2	1	0			628.6	1178.1	657.9	1248.2	667.9	1324.5	654.7	1383.9	628.5	1443.6	5		676	1286	2174	44.6001	1	far	433.7147
EH	2	ECONOMICS	785.1	1682.8	2819.7	53.9	177.9	479.8	434.008	433.985	434.055	0.07	2	1	6	1	0	2			791.6	1684.5	783.7	1683.7	768.4	1707.8	748.9	1715.6	690.7	1728.9	4		795	1674	2668	2.16102	1	economics	434.0064
AA	1	ECONOMICS	851.0	1551.3	1985.8	109.9	170.2	1040.6	434.283	434.236	434.376	0.14	5	4	1	2	4	1			756.9	1219.0	851.2	1541.4	853.2	1495.5	841.5	1431.8	803.4	1350.9	6		876	1524	3165	5.41241	1	(eco)nomics	434.3141
EH	1	AREA	565.5	1830.9	2561.8	100.0	124.1	211.5	434.893	434.866	434.946	0.08	2	6	4	2	0	2			554.3	1840.9	566.4	1830.9	586.6	1826.7	594.8	1810.9	588.7	1837.9	4		544	2044	2773	24.60001	1	area	434.844
AA	1	ADIRONDACKS	800.5	1469.8	2960.8	67.9	181.6	195.5	436.564	436.524	436.645	0.121	5	4	4	2	7	4			796.1	1460.4	801.1	1473.5	803.2	1503.8	786.4	1555.2	747.5	1584.2	4		804	1498	2972	5.44274	1	(Adi)rondacks	436.5842
OW	1	GO	584.1	1238.9	2363.3	83.4	156.2	330.8	438.37	438.351	438.471	0.12	63	0	0	0	6	0			571.4	1267.4	592.5	1188.5	612.3	1166.1	693.7	1022.0	645.9	1353.0	5		599	1172	2437	62.0006	1	go	438.3984
AE	1	CAMP	589.0	2027.6	2708.8	110.5	160.6	249.8	445.12	445.083	445.193	0.11	33	4	1	2	6	3			576.8	2052.9	591.0	2026.4	630.4	2019.0	657.4	1966.3	681.8	1854.1	4		620	2026	2723	3.41203	1	camp	445.13
AH	1	UP	606.2	1108.6	2656.7	58.3	129.7	882.4	445.313	445.293	445.354	0.061	6	1	1	1	0	0			593.8	1088.4	607.8	1112.8	614.6	1142.0	594.0	1152.2	586.5	1197.0	5		619	1108	2654	6.111	1	up	445.3181
AH	1	UP	702.5	1317.5	2129.3	78.0	148.5	935.3	446.847	446.807	446.927	0.12	6	1	1	1	0	0			664.6	1332.2	705.0	1313.0	718.4	1274.3	696.5	1247.4	634.3	1192.4	6		714	1246	2290	6.111	1	up	446.8668
EY	1	LAKES	601.3	2260.8	3393.4	491.1	314.6	1280.6	447.318	447.306	447.456	0.15	21	1	6	1	7	3			567.5	1995.6	573.7	2196.3	599.4	2281.7	572.3	2368.3	533.4	2306.9	3		552	1826	2681	21.1617	1	lakes	447.3409
EH	1	EVERYTHING	722.2	1597.4	2336.6	119.3	146.1	400.7	447.687	447.667	447.726	0.059	2	3	2	2	0	2			724.6	1622.3	720.5	1595.0	695.2	1585.1	637.7	1492.5	567.9	1433.5	6		705	1617	2495	2.32202	1	everything	447.6862
EH	1	BEAR	552.1	2012.9	2544.5	80.1	86.3	548.1	458.027	457.974	458.134	0.16	24	6	4	2	1	0			552.6	1959.1	552.9	2011.4	546.3	2003.0	553.6	1916.7	562.5	1756.7	5		551	2001	2468	24.6001	1	bear	458.0315
IH	1	DEER	481.6	2452.7	3466.2	317.7	331.7	710.6	458.736	458.672	458.863	0.191	14	6	4	2	3	0			429.5	2613.4	493.4	2418.1	562.8	2092.5	547.2	1906.0	550.1	1892.0	3		383	2109	2852	14.6003	1	deer	458.7004
AW	2	WATERFOWL	746.7	1168.9	3105.6	98.3	141.2	448.6	460.331	460.315	460.435	0.12	42	5	4	2	1	0			755.4	1169.5	756.1	1152.4	741.2	1152.6	731.1	1145.2	719.6	1143.8	4		748	1146	2837	42.5421	1	(water)fowl	460.3471
ER	1	TURKEY	469.9	1627.1	2580.2	63.7	93.6	657.6	461.461	461.421	461.542	0.121	94	1	6	1	3	1			532.3	1707.2	469.1	1624.9	467.5	1643.1	478.3	1688.0	482.5	1755.5	4		455	1486	1725	94.60031	1	turkey	461.4833
UW	1	DO	446.1	1816.6	2562.7	236.7	415.9	314.5	462.208	462.201	462.331	0.13	73	0	0	0	3	0			474.7	1679.3	500.8	1575.4	545.2	1355.0	559.5	1265.9	586.8	1233.1	4		424	1616	2441	73.0003	1	do	462.2138
AW	1	AROUND	719.1	1338.4	2036.2	105.8	141.9	1338.7	462.438	462.412	462.521	0.109	42	4	4	2	7	0			704.9	1333.5	749.5	1331.7	773.0	1330.7	759.1	1320.2	707.4	1314.6	6		766	1334	2293	42.44273	1	(a)round	462.4691
IH	1	DIDN'T	531.0	2114.0	3983.5	92.3	454.8	1457.5	467.455	467.438	467.488	0.05	1	4	4	2	3	3			523.7	2111.6	531.0	2114.0	541.8	2069.1	550.6	2011.1	556.7	1947.3	3		548	1849	2551	1.14233	1	didn't	467.4787
AO	1	STORY	557.1	1188.2	2398.4	40.5	143.1	212.9	469.692	469.649	469.779	0.13	64	6	4	2	3	1			523.7	1262.4	558.4	1179.0	562.9	1107.3	562.4	1143.4	558.1	1218.1	5		579	1176	2639	64.60031	1	story	469.7124
AE	1	ACTUALLY	614.9	1994.5	2596.3	53.4	124.8	446.9	470.446	470.409	470.52	0.111	3	1	6	1	0	4			602.4	1973.5	615.1	1992.4	606.8	1969.7	584.7	1968.3	564.7	1924.1	4		614	1997	2601	3.16105	1	actually	470.4406
AE	1	BAG	614.8	1848.2	2589.8	36.9	174.2	226.3	470.963	470.889	471.11	0.221	3	1	6	2	1	0			567.3	1867.6	621.3	1849.7	678.2	1884.7	678.1	1888.5	641.1	1966.5	4		642	1843	2636	3.1621	1	bag	470.9739
AA	1	ODD	856.6	1384.5	3359.7	70.5	225.5	433.7	473.686	473.606	473.845	0.239	5	1	4	2	0	0			852.5	1470.1	855.8	1369.5	863.6	1368.5	849.2	1443.7	700.5	1523.1	4		862	1380	3057	5.142	1	odd	473.7317
IY	1	MEETING	430.9	2230.6	2773.4	78.6	226.8	369.2	474.048	474.005	474.135	0.13	11	1	4	1	2	1			432.9	2200.2	431.0	2232.9	428.8	2226.2	428.7	2195.0	426.2	2105.5	4		435	2241	2820	11.1412	1	meeting	474.052
AO	1	MORNING	591.5	814.3	2028.4	110.3	254.8	1159.7	475.676	475.646	475.736	0.09	64	6	4	2	2	4			585.5	896.6	592.9	816.5	621.1	879.9	647.9	974.1	630.1	1074.5	6		618	902	2255	54.6002	1	morning	475.6919
AH	1	HUNT	725.3	1164.1	2183.2	166.8	138.7	219.1	476.012	475.965	476.105	0.14	6	4	4	2	0	3			715.4	1162.5	726.2	1167.3	731.5	1221.3	719.6	1341.4	627.5	1461.5	6		635	1113	2174	6.44203	1	hunt	476.0178
EH	1	SET	609.2	1714.2	3881.0	118.1	432.1	1025.6	478.698	478.675	478.745	0.07	2	1	4	1	3	0			587.9	1829.0	610.9	1706.3	612.4	1686.1	600.6	1655.7	579.8	1638.3	3		607	1559	2641	2.1413	1	set	478.7049
AH	1	UP	671.3	1411.3	2708.4	52.4	127.9	225.5	478.805	478.775	478.865	0.09	6	1	1	1	0	0			632.9	1451.6	675.6	1402.7	690.0	1349.8	671.8	1290.4	626.7	1226.9	4		696	1345	2705	6.111	1	up	478.8189
AO	1	FOUR	489.0	751.9	2638.4	115.8	194.5	456.9	479.231	479.194	479.304	0.11	64	6	4	2	1	0			513.4	705.2	487.2	757.8	493.2	841.3	511.2	921.3	540.5	1028.3	5		495	840	2499	64.6001	1	four	479.2485
AH	1	HUNTERS	732.3	1163.1	2049.0	110.7	92.6	462.8	479.488	479.464	479.535	0.071	6	4	4	2	0	4			726.0	1143.5	732.2	1165.7	722.7	1211.5	707.7	1298.2	668.9	1366.9	5		737	1160	2060	6.44204	1	hunters	479.4879
AH	1	HUNDRED	760.3	1243.7	1814.5	112.3	172.9	1034.9	480.214	480.194	480.254	0.06	6	4	4	2	0	4			766.6	1187.3	759.0	1251.9	739.6	1328.7	714.5	1389.2	663.8	1447.9	6		778	1271	2981	6.44203	1	hundred	480.2138
IH	1	FIFTY	477.7	1754.6	2534.4	38.8	299.5	116.0	480.521	480.494	480.575	0.081	1	3	2	1	1	4			465.2	1731.9	478.5	1756.8	495.5	1771.1	522.2	1746.6	520.9	1706.0	6		499	1749	2592	1.32114	1	fifty	480.542
AA	1	APART	642.3	1108.2	2520.5	37.5	64.5	157.7	481.171	481.135	481.244	0.109	44	6	4	2	1	3			628.7	1081.6	644.3	1112.1	661.8	1169.4	662.4	1263.8	647.8	1347.9	5		658	1146	2463	44.6001	1	(a)part	481.1847
EH	1	THEN	768.3	1807.5	3707.7	189.1	194.4	849.0	481.95	481.923	482.003	0.08	2	4	4	2	3	0			765.9	1806.0	769.0	1810.1	781.4	1827.5	789.0	1821.1	776.5	1786.0	3		737	1721	2786	2.4423	1	then	481.9517
AW	1	ABOUT	679.9	1241.4	2829.2	92.1	162.6	253.0	482.151	482.132	482.222	0.09	42	1	4	1	1	0			679.9	1241.4	704.3	1270.2	705.1	1283.7	706.6	1288.8	701.8	1315.1	4		698	1258	2807	42.1411	1	(a)bout	482.175
AY	1	MILE	781.7	1362.6	2885.0	55.0	150.7	1514.6	482.411	482.392	482.523	0.131	41	5	4	2	2	0		s	777.5	1240.4	778.7	1314.4	780.9	1379.5	772.8	1399.5	765.2	1359.9	5		778	1266	2787	41.5422	1	mile	482.4223
AE	1	HALF	760.9	1785.9	2851.2	29.7	108.4	317.8	482.762	482.732	482.823	0.091	33	3	2	1	0	0			760.3	1814.9	760.7	1780.0	760.4	1745.2	757.2	1691.8	709.1	1607.0	4		765	1814	2811	3.321	1	half	482.7505
EH	1	SEVEN	622.7	1596.7	3343.9	29.5	385.7	552.7	484.773	484.747	484.826	0.079	2	3	2	2	3	1			597.8	1581.7	627.8	1597.8	654.5	1602.5	670.3	1590.3	661.4	1538.8	4		678	1618	3201	2.32231	1	seven	484.7973
UH	1	PUSHED	457.0	1165.5	2569.3	96.8	71.3	185.5	485.633	485.616	485.666	0.05	7	3	5	1	1	3			458.4	1124.6	457.0	1165.5	460.8	1216.3	463.1	1256.4	471.7	1313.7	5		465	1224	2541	7.3421	1	pushed	485.6406
AO	1	ALL	687.5	1262.6	2655.5	86.5	397.4	411.5	486.074	486.057	486.107	0.05	53	5	4	2	0	0			672.3	1345.4	687.5	1262.6	702.4	1171.8	708.4	1171.6	712.4	1195.2	5		721	1163	3096	53.542	1	all	486.1112
AO	1	SORTA	510.3	1098.8	2223.5	76.6	350.9	483.8	487.721	487.704	487.754	0.05	64	6	4	2	3	4			481.3	1074.6	510.3	1098.8	537.0	1149.1	542.2	1164.1	538.1	1185.1	6		541	1139	2220	54.60031	1	sorta	487.7352
UH	1	PUSH	494.9	1174.8	2654.6	103.3	104.1	122.4	488.004	487.984	488.044	0.06	7	3	5	1	1	0			490.8	1096.6	495.8	1185.1	507.4	1288.1	514.9	1409.6	498.8	1515.0	5		484	1130	2660	7.3511	1	push	487.9995
AE	1	ANIMALS	615.6	2026.9	2739.6	149.4	167.0	207.3	488.213	488.173	488.293	0.12	39	4	4	2	0	2			536.0	2039.9	622.5	2022.7	645.6	1969.7	686.7	1864.8	711.7	1774.0	5		650	1946	2728	3.44202	1	animals	488.2388
EY	1	MAY	563.4	1932.9	2543.2	113.0	249.6	611.5	490.845	490.822	490.901	0.079	22	0	0	0	2	0			562.0	1897.3	562.0	1943.2	551.8	1950.8	540.3	1979.2	540.6	1963.9	5		561	1859	2365	22.0002	1	may	490.8337
IY	1	AGREE	399.3	1915.8	2639.6	133.8	206.4	221.2	491.298	491.261	491.371	0.11	12	0	0	0	8	0			378.0	1847.8	402.1	1918.6	424.6	1940.2	447.1	1849.6	478.7	1607.6	5		436	1949	2634	12.0008	1	(a)gree	491.3032
AE	1	ANIMAL	640.0	2017.2	2764.6	108.3	159.1	377.1	495.506	495.476	495.567	0.091	39	4	4	2	0	2			643.3	2046.6	641.3	2011.3	669.9	1972.5	708.4	1898.4	723.5	1783.3	5		622	2047	2902	3.44202	1	animal	495.5049
AO	1	MORNING	598.3	819.9	2098.9	31.1	643.6	807.0	497.156	497.113	497.242	0.129	64	6	4	2	2	4			577.7	945.2	598.3	822.6	622.6	790.5	648.7	817.5	649.4	950.0	6		725	820	2457	54.6002	1	morning	497.2007
EY	1	THEY	547.4	1968.5	2675.2	49.5	176.0	175.0	497.514	497.502	497.632	0.13	22	0	0	0	3	0			538.1	2049.9	535.1	2073.2	526.0	2101.2	497.6	2127.0	513.5	2137.2	4		537	2006	2513	22.0003	1	they	497.5198
EH	1	BEAR	563.2	1961.3	2558.8	35.8	83.0	333.4	498.406	498.372	498.473	0.101	24	6	4	2	1	0			557.8	1974.8	563.6	1959.7	574.4	1929.3	587.8	1887.3	589.8	1839.4	4		557	1951	2506	24.6001	1	bear	498.3984
EH	1	DEN	615.1	1863.7	2788.4	38.3	101.8	148.2	499.146	499.093	499.253	0.16	2	4	4	2	3	0			497.9	1901.1	628.3	1858.6	715.7	1763.3	731.3	1715.2	726.2	1727.3	4		731	1715	2828	2.4423	1	den	499.1915
AY	1	I	821.4	1782.0	2601.8	66.6	123.7	298.6	500.535	500.49	500.62	0.13	41	0	0	0	0	0		s	801.4	1784.9	821.4	1782.0	784.3	1816.5	704.4	1853.9	586.6	1870.5	4		827	1786	2588	41.0006	1	I	500.5386
AH	1	COMING	740.7	1286.2	2537.9	99.0	453.1	564.5	501.646	501.62	501.699	0.079	6	4	1	2	6	1			696.9	1271.6	750.4	1285.9	778.0	1310.0	754.8	1282.0	702.9	1254.5	5		789	1338	2571	6.412	1	coming	501.6565
ER	1	THIRTY	482.7	1717.7	2279.8	60.2	125.0	2091.6	502.844	502.807	502.918	0.111	94	1	4	2	3	1			479.1	1686.6	483.1	1719.6	480.1	1717.7	470.6	1737.2	467.7	1743.2	4		464	1395	1837	94.60031	1	thirty	502.8679
AE	1	BLACK	749.5	1757.0	2682.5	85.6	95.2	169.2	505.381	505.348	505.448	0.1	3	1	6	1	8	0			752.6	1728.2	749.4	1760.9	727.5	1769.5	663.3	1810.3	628.6	1838.2	4		742	1752	2602	3.1618	1	black	505.3842
EH	1	BEAR	502.5	1786.9	2221.5	94.8	144.1	896.7	505.635	505.608	505.688	0.08	24	6	4	2	1	0			510.5	1770.0	501.1	1786.7	485.2	1730.8	485.0	1643.9	493.9	1617.9	6		485	1827	2572	24.6001	1	bear	505.644
UH	1	LOOKING	486.8	1287.8	2596.1	92.7	126.4	226.3	506.061	506.037	506.108	0.071	7	1	6	1	7	1			521.1	1272.6	484.5	1289.1	468.7	1336.7	464.7	1433.2	461.1	1468.7	6		544	1267	2711	7.1617	1	looking	506.0383
AE	1	AT	631.6	1918.5	2575.7	124.3	169.2	686.0	506.278	506.218	506.398	0.18	3	1	4	1	0	0			632.2	1886.6	626.8	1924.5	610.0	1930.9	597.9	1889.4	584.0	1830.4	4		616	1957	2549	3.141	1	at	506.2879
IY	1	SCREAMED	479.5	1963.1	2627.5	120.8	254.7	212.1	508.014	507.988	508.067	0.079	11	4	1	2	8	3			491.8	1949.7	478.1	1964.3	478.2	1975.7	471.4	1992.2	465.2	2015.6	4		498	1980	2657	11.4128	1	screamed	508.0371
IH	1	IT	517.4	1902.0	2561.5	91.1	99.3	322.4	509.287	509.257	509.346	0.089	1	1	4	1	0	0			498.5	1950.8	518.7	1894.9	532.7	1774.2	542.7	1579.1	534.2	1364.0	5		543	1701	2397	1.141	1	it	509.3078
AH	1	OTHER	608.9	1419.8	2684.0	31.9	163.7	389.4	510.443	510.416	510.496	0.08	6	3	3	2	0	1			606.1	1502.3	608.8	1413.5	599.7	1347.8	576.6	1311.5	560.5	1316.3	4		613	1400	2580	6.33101	1	other	510.4463
EH	1	BEST	691.7	1573.5	2596.4	83.7	154.9	312.6	513.001	512.975	513.054	0.079	2	3	4	1	1	3			647.7	1517.4	700.5	1583.8	730.1	1624.8	719.5	1617.2	706.3	1591.6	5		738	1628	2623	2.34113	1	best	513.0149
AW	1	ENCOUNTER	703.8	1783.2	2538.4	105.4	170.8	291.3	513.314	513.274	513.434	0.16	42	4	4	2	6	1			666.8	1802.0	754.3	1724.3	795.0	1614.4	815.0	1480.4	789.0	1423.0	4		774	1515	2553	42.44204	1	(en)counter	513.3591
AE	1	LAST	606.2	1715.1	2468.3	48.2	153.5	1019.3	514.45	514.423	514.504	0.081	33	3	4	1	7	0			612.5	1659.9	605.6	1719.5	599.0	1758.6	591.9	1760.8	577.6	1796.2	5		598	1758	2269	3.34173	1	last	514.4633
AE	1	HAVE	648.2	1841.6	2791.9	42.6	93.4	321.3	515.0	514.973	515.053	0.08	3	3	2	2	0	0			640.3	1877.2	649.8	1837.8	673.9	1794.5	687.4	1766.5	673.1	1710.5	4		642	1825	2762	3.322	1	have	515.0001
AH	1	COUPLE	658.4	1239.1	2612.1	67.8	176.9	382.9	515.256	515.233	515.303	0.07	6	1	1	1	6	1			626.7	1261.2	660.8	1237.0	669.4	1209.2	651.3	1162.8	600.8	1118.3	5		676	1237	2668	6.11101	1	couple	515.2645
IH	1	DEER	471.7	1945.7	2846.7	60.2	187.8	228.3	515.593	515.543	515.694	0.151	14	6	4	2	3	0			461.7	1880.2	472.9	1950.6	478.7	1908.9	493.0	1820.5	526.2	1773.1	4		466	1922	2802	14.6003	1	deer	515.5881
AA	1	GOT	672.8	1606.4	2656.4	60.1	191.8	306.3	515.923	515.863	516.043	0.18	5	1	4	1	6	0			624.5	1727.8	677.3	1599.3	704.7	1596.6	701.3	1488.4	742.8	1434.1	5		711	1618	2683	5.1416	1	got	515.9517
AH	1	ANOTHER	640.8	1202.8	2779.0	66.0	171.6	483.7	521.272	521.239	521.338	0.099	6	3	3	2	4	1			645.3	1225.8	638.6	1198.1	611.9	1158.6	570.8	1137.3	514.9	1125.7	5		647	1222	2796	6.33141	1	(a)nother	521.2668
AW	1	ENCOUNTER	744.7	1437.0	2921.7	89.0	297.9	449.5	522.314	522.299	522.408	0.109	42	4	4	2	6	1			767.2	1385.8	767.7	1247.3	731.3	1131.1	710.3	1102.0	690.9	1172.8	4		768	1222	2983	42.44204	1	(en)counter	522.3369
EY	1	CHANGE	551.2	2049.4	2692.1	239.5	138.6	880.0	525.704	525.664	525.745	0.081	21	4	4	2	5	3			540.7	1782.8	543.1	1727.7	527.2	1122.8	533.3	824.1	469.3	919.1	6		580	2189	2866	21.46253	1	change	525.7044
AH	1	UNDERPANTS	652.9	1423.9	2419.8	106.6	195.6	758.4	525.964	525.944	526.004	0.06	6	4	4	2	0	5			622.7	1433.0	655.0	1423.4	664.5	1420.5	658.3	1440.0	645.6	1448.3	6		642	1433	2683	6.44205	1	underpants	525.9619
AE	2	UNDERPANTS	560.8	2118.1	2708.8	145.6	212.4	372.5	526.254	526.214	526.334	0.12	3	4	4	2	1	3			530.3	1981.7	562.9	2110.6	580.5	2027.2	598.8	1926.3	602.5	1837.0	5		581	2034	2641	3.44213	1	(under)pants	526.2719
AW	1	ENCOUNTER	742.7	1735.0	2587.9	101.5	379.8	346.8	527.656	527.63	527.78	0.15	42	4	4	2	6	1			751.4	1730.1	791.4	1559.4	749.9	1388.8	699.9	1346.5	674.1	1428.6	4		771	1435	2319	42.44204	1	(en)counter	527.6975
OW	1	CLOSER	544.2	1074.5	2854.4	100.2	70.3	138.3	528.569	528.562	528.663	0.101	62	3	4	2	8	1			539.0	1073.2	512.8	1078.8	483.0	1142.7	464.9	1264.3	459.8	1370.4	4		544	1073	2798	62.34281	1	closer	528.5671
AY	1	I	797.0	1542.4	2489.2	88.7	117.7	602.7	528.98	528.942	529.112	0.17	41	0	0	0	0	0		s	796.4	1543.6	778.8	1568.4	726.1	1639.6	665.4	1626.6	611.6	1415.5	5		800	1536	2420	41.0006	1	I	528.9841
AE	1	BLACK	671.0	1619.8	2670.9	48.7	136.9	274.2	529.726	529.702	529.773	0.071	3	1	6	1	8	0			686.0	1590.7	668.0	1622.4	639.3	1648.4	614.2	1684.9	592.5	1725.0	4		700	1603	2761	3.1618	1	black	529.7146
AA	1	GOD	677.4	1576.1	2548.7	49.6	171.7	199.5	535.555	535.498	535.668	0.17	5	1	4	2	6	0			667.8	1626.6	678.1	1570.4	673.1	1586.0	685.6	1536.7	671.6	1619.4	5		680	1587	2548	5.1426	1	God	535.5505
EH	1	SCARE	529.6	1778.9	2585.6	34.0	208.4	238.1	538.123	538.093	538.183	0.09	24	6	4	2	6	0			524.6	1799.9	529.8	1772.3	538.7	1707.3	562.6	1626.7	578.0	1577.3	6		517	1769	2654	24.6	1	scare	538.1237
AA	1	COT	903.1	1497.9	2743.6	91.8	179.1	477.2	659.665	659.612	659.772	0.16	5	1	4	1	6	0			879.6	1511.8	901.6	1491.9	868.0	1422.5	842.3	1402.8	764.0	1473.3	4		891	1461	2461	5.141	1	cot	659.6654
EH	1	BED	613.4	1854.6	3811.6	155.2	173.5	1058.2	661.606	661.589	661.639	0.05	2	1	4	2	1	0			632.6	1851.3	613.4	1854.6	590.5	1868.0	572.2	1876.6	539.4	1894.8	3		727	1667	2670	2.1421	1	bed	661.5526
AE	1	HAVE	699.4	1923.4	2625.0	83.7	182.4	225.4	663.085	663.055	663.145	0.09	3	3	2	2	0	0			670.8	1943.1	700.8	1923.7	699.7	1890.7	667.1	1781.3	617.4	1692.7	4		695	1867	2556	3.322	1	have	663.0854
AW	1	HOUSE	831.1	1383.5	2151.0	106.3	142.0	736.3	663.456	663.444	663.604	0.16	42	3	4	1	0	0			822.0	1304.4	781.3	1207.6	739.4	1108.9	636.5	993.2	601.8	979.9	6		865	1373	2528	42.342	1	house	663.4705
AO	1	CAUGHT	611.8	1031.2	2257.9	123.4	58.8	631.9	674.234	674.201	674.301	0.1	53	1	4	1	6	0			521.2	1070.7	619.6	1028.9	656.2	1030.5	671.6	1041.7	684.9	1037.7	6		764	1051	2445	53.141	1	caught	674.2557
IY	1	SEES	422.4	1958.7	2562.5	152.4	141.3	284.2	675.064	675.031	675.131	0.1	11	3	4	2	3	0			437.0	1930.2	421.1	1959.6	412.2	1966.9	404.9	1975.5	386.0	2003.1	5		441	1970	2576	12.0023	1	sees	675.0603
ER	0	FIRSTHAND	493.6	1376.6	1769.9	65.0	153.2	560.6	681.763	681.726	681.837	0.111	94	3	4	1	1	4			514.5	1323.1	492.2	1389.2	483.1	1487.6	468.5	1523.6	480.0	1572.5	5		481	1301	1657	94.60014	1	firsthand	681.7657
AE	1	FIRSTHAND	633.0	1918.8	2573.6	114.6	138.5	928.5	682.01	681.977	682.077	0.1	33	4	4	2	0	3			640.7	1861.3	632.3	1929.3	638.4	1996.0	640.6	2031.7	630.3	2026.4	4		638	2026	2717	3.44203	1	(first)hand	682.0324
AW	1	FOUND	836.1	1307.5	3042.2	109.0	219.6	328.9	683.563	683.543	683.684	0.141	42	4	4	2	1	3			855.1	1306.2	860.6	1289.3	828.9	1263.0	818.0	1238.3	812.3	1242.1	4		863	1299	2921	42.44213	1	found	683.5788
AW	1	OUT	751.9	1682.9	2577.7	54.4	205.2	333.2	683.838	683.794	684.033	0.239	42	1	4	1	0	0			762.2	1667.7	806.3	1476.5	777.4	1318.6	695.9	1224.5	625.3	1112.7	4		811	1501	2841	42.141	1	out	683.8728
OW	1	KNOWS	632.8	1618.6	2556.9	82.0	223.9	161.5	684.672	684.639	684.808	0.169	62	3	4	2	4	0			634.7	1606.8	643.0	1358.0	615.6	1174.0	523.8	1350.2	488.0	1398.7	4		623	1375	2494	62.0024	1	knows	684.6876
AW	1	MOUTH	848.8	1264.2	2477.9	88.8	228.2	1353.4	687.673	687.657	687.777	0.12	42	3	3	1	2	0			854.8	1265.7	856.2	1237.5	846.5	1206.0	839.7	1158.7	744.3	1146.8	5		863	1272	2400	42.3312	1	mouth	687.6859
EY	1	SAME	585.5	1944.5	2778.8	110.6	131.2	668.6	699.635	699.586	699.686	0.1	21	4	1	2	3	0			542.0	1803.5	563.4	1897.8	585.7	1946.9	571.1	1991.7	541.4	1990.5	4		585	1931	2823	21.4123	1	same	699.6335
AE	1	MAT	723.2	1999.0	2600.5	61.7	81.4	288.4	706.033	706.003	706.093	0.09	3	1	4	1	2	0			719.8	1969.3	723.8	2001.2	725.2	1990.3	710.9	1962.1	698.1	1973.0	4		727	2014	2569	3.1412	1	mat	706.0415
EY	1	BASE	503.9	2404.1	3320.2	337.2	264.3	488.5	709.206	709.186	709.275	0.089	21	3	4	1	1	0			503.9	2404.1	486.2	2389.9	444.5	2341.8	445.0	2302.1	469.0	2293.1	3		488	2189	2844	21.3421	1	base	709.2107
AH	1	TUB	679.5	1324.3	2749.6	52.2	232.0	88.2	709.728	709.665	709.855	0.19	6	1	1	2	3	0			708.4	1367.7	679.3	1330.9	667.8	1274.0	657.4	1275.7	648.7	1281.6	5		693	1399	2783	6.1123	1	tub	709.7326
AO	1	DOORWAY	535.5	888.5	1887.1	176.9	181.8	458.4	711.084	711.037	711.177	0.14	64	6	4	2	3	1			510.4	1090.4	538.9	873.5	556.7	827.3	526.6	877.4	538.5	942.7	6		542	833	1753	64.60031	1	doorway	711.1104
AH	1	RUG	699.8	1210.0	2731.2	55.1	101.8	127.6	711.829	711.786	711.916	0.13	6	1	6	2	7	0			654.0	1180.1	702.9	1214.0	705.4	1269.5	648.5	1408.5	579.2	1571.2	5		712	1227	2758	6.1627	1	rug	711.8386
AE	1	FACT	679.8	1828.1	2654.9	99.4	112.0	195.9	727.037	726.997	727.117	0.12	3	1	6	1	1	3			648.8	1763.9	682.7	1832.9	688.6	1869.8	680.5	1908.2	666.6	1913.7	4		682	1835	2600	3.16113	1	fact	727.058
AO	1	TALKING	688.3	1288.8	2906.9	68.1	303.5	259.1	731.773	731.753	731.812	0.059	53	1	6	1	3	1			665.2	1270.4	691.8	1292.7	724.3	1318.3	761.5	1337.4	782.0	1347.5	5		794	1374	2980	53.1613	1	talking	731.8215
OW	1	SODA	517.0	1388.5	2840.4	42.9	153.2	416.2	740.236	740.223	740.372	0.149	62	1	4	2	3	1			545.4	1278.4	542.9	1111.0	532.6	1029.6	512.5	1034.9	518.0	1176.5	5		548	1069	2559	62.14231	1	soda	740.2876
IY	1	SNEAKERS	493.6	2179.2	3774.8	147.3	126.8	1388.5	743.782	743.742	743.862	0.12	11	1	6	1	4	1			508.9	2091.9	491.4	2192.0	476.6	2287.4	443.4	2302.4	426.3	2332.6	3		507	2033	2656	11.16101	1	sneakers	743.7714
AA	1	ARGUE	600.8	1281.1	2297.6	83.4	117.1	283.3	750.793	750.75	750.88	0.13	44	6	4	2	0	4			557.6	1385.1	605.3	1272.5	641.4	1270.4	630.4	1313.8	617.9	1408.3	6		635	1286	2283	44.60001	1	argue	750.8244
OY	1	BOYFRIEND	548.6	1134.2	2510.1	49.4	81.5	132.6	751.79	751.75	751.87	0.12	61	3	2	1	1	1			535.6	997.8	551.3	1153.4	555.4	1371.6	520.4	1627.5	480.0	1703.9	5		534	946	2600	61.32114	1	boyfriend	751.7668
AH	1	COUSINS	725.7	1385.9	2727.4	35.4	213.6	348.9	775.999	775.952	776.092	0.14	6	3	4	2	6	1			703.0	1474.2	725.2	1379.2	679.0	1424.0	596.4	1466.5	436.0	1368.2	5		733	1399	2718	6.34101	1	cousins	775.9993
AO	1	TALK	735.1	1210.8	3150.8	63.7	339.9	236.6	778.399	778.346	778.506	0.16	53	1	6	1	3	0			722.4	1340.5	736.4	1208.4	760.8	1207.3	747.8	1450.3	698.8	1572.9	4		748	1181	2996	53.1613	1	talk	778.4221
AE	1	ACCENT	748.0	2068.7	2777.7	94.2	133.8	235.8	785.366	785.303	785.493	0.19	3	1	6	1	0	4			743.1	1998.9	751.3	2072.7	768.1	2093.9	733.6	2081.4	706.3	1952.4	4		743	2023	2610	3.16104	1	accent	785.385
EH	1	DEFINITELY	704.1	1602.9	2659.4	38.5	193.7	432.9	785.952	785.922	786.012	0.09	2	3	2	1	3	2			666.4	1612.7	706.9	1601.4	732.2	1588.5	721.0	1545.8	699.0	1477.8	5		743	1594	2774	2.32132	1	definitely	785.9674
AO	1	ALBANY	743.0	1029.8	2501.2	69.0	132.7	807.1	787.583	787.55	787.65	0.1	53	5	4	2	0	5			759.2	1047.2	741.1	1027.3	732.4	1007.6	729.2	999.8	715.1	1001.0	5		755	1038	2440	53.54205	1	Albany	787.5731
IH	1	HERE	505.0	1737.3	2116.2	104.1	89.1	371.6	794.012	793.978	794.079	0.101	14	6	4	2	0	0			518.1	1756.5	503.9	1736.5	501.3	1721.3	501.3	1704.3	499.7	1698.0	5		525	1772	2251	14.6	1	here	793.9924
IY	1	EVEN	368.7	2160.6	2988.1	146.5	167.8	250.1	798.176	798.14	798.249	0.109	11	3	2	2	0	1			448.4	1941.1	366.3	2165.7	354.0	2215.8	353.9	1994.9	358.8	1915.7	5		351	2208	2964	11.32201	1	even	798.1907
OW	1	THOUGH	666.3	1107.5	2606.5	118.1	242.6	593.4	798.377	798.37	798.47	0.1	63	0	0	0	3	0			654.1	1018.4	587.7	875.2	504.1	794.5	483.1	765.5	460.2	769.7	6		627	963	2777	62.0003	1	though	798.3936
EY	1	STATE	520.1	1990.9	2687.4	137.0	99.4	117.0	799.04	799.019	799.099	0.08	21	1	4	1	3	0			517.8	1981.5	513.6	2005.2	498.2	2020.2	465.4	2030.0	432.5	2011.7	4		520	2000	2676	21.1413	1	state	799.0386
AO	1	GEORGIA	529.7	1042.0	2372.2	106.2	166.0	365.3	806.022	805.995	806.076	0.081	64	6	4	2	5	4			510.9	1049.5	530.9	1040.6	543.7	1031.0	550.0	1065.8	548.7	1127.4	5		539	1019	2247	54.60051	1	Georgia	806.0312
AE	1	FAST	599.5	1961.3	2655.3	128.0	213.5	277.4	808.691	808.641	808.79	0.149	33	3	4	1	1	3			576.1	1888.9	597.6	1958.8	632.4	1925.9	675.8	1871.0	665.8	1796.8	4		608	1896	2576	3.34113	1	fast	808.7104
EH	1	RESTAURANT	667.8	1611.7	2806.4	120.5	172.4	180.4	809.124	809.101	809.17	0.069	2	3	4	1	7	5			672.2	1601.1	667.4	1612.4	663.0	1620.0	646.6	1623.8	628.3	1613.5	4		651	1560	2680	2.34272	1	restaurant	809.1207
IY	1	REPEATED	378.2	2282.2	2868.1	70.3	165.8	298.7	811.557	811.524	811.624	0.1	11	1	4	1	1	1			395.9	2255.2	377.5	2284.5	376.1	2047.5	372.0	1986.3	378.6	1990.7	5		381	2297	2871	11.1411	1	(re)peated	811.564
EH	1	SAID	610.4	1669.7	2967.3	59.5	113.3	493.1	815.412	815.382	815.472	0.09	2	1	4	2	3	0			609.4	1659.4	610.2	1669.8	612.8	1645.0	615.4	1617.6	607.1	1604.9	4		608	1655	2908	2.1423	1	said	815.4215
EH	1	AGAIN	685.6	1717.3	2811.6	47.8	284.6	603.4	815.701	815.671	815.761	0.09	2	4	4	2	6	0			656.9	1913.4	685.2	1701.0	677.1	1595.5	679.0	1565.0	691.3	1548.6	4		678	1567	2843	2.4426	1	(a)gain	815.7292
OW	1	NO	545.3	1390.5	2265.7	67.8	220.0	636.8	816.942	816.923	817.082	0.159	63	0	0	0	4	0			562.5	1269.6	559.6	1089.6	534.3	1007.7	526.4	963.0	587.0	1236.4	5		565	1092	2420	62.0004	1	no	816.9771
UW	1	CLUE	438.8	1043.1	2091.0	132.6	217.0	589.0	817.225	817.202	817.272	0.07	82	0	0	0	8	0			433.6	1094.4	438.7	1037.3	437.3	961.1	433.4	922.8	419.5	910.4	6		445	921	2041	82.0008	1	clue	817.2494
AE	1	PAL	701.7	1624.5	2584.9	59.2	184.3	557.8	818.125	818.062	818.252	0.19	39	5	4	2	1	0			657.9	1656.7	708.4	1614.8	726.3	1580.7	734.3	1513.6	695.3	1496.1	5		686	1617	2566	3.5421	1	pal	818.1201
OW	1	NEGOTIATING	524.7	1334.6	2409.4	54.6	285.9	294.0	822.537	822.519	822.639	0.12	62	3	5	1	6	2			532.9	1270.9	539.2	1146.4	507.7	1134.9	454.1	1238.3	407.6	1304.3	5		547	1173	2551	62.35162	1	(ne)gotiating	822.56
IY	1	READ	428.4	1713.0	2206.0	212.8	223.4	477.5	844.743	844.723	844.783	0.06	11	1	4	2	7	0			438.8	1700.9	427.5	1711.7	427.6	1720.8	426.0	1772.7	433.4	1836.1	5		442	1848	2479	11.1427	1	read	844.8016
AW	1	LOUD	739.6	1402.4	2305.7	78.9	221.3	844.4	845.088	845.062	845.212	0.15	42	1	4	2	7	0			746.8	1410.1	759.6	1404.4	740.4	1378.4	717.6	1258.0	685.0	1283.4	5		754	1389	2481	42.1427	1	loud	845.1138
UW	1	SCHOOL	422.2	1074.4	2396.5	78.0	87.4	367.4	848.52	848.487	848.587	0.1	72	5	4	2	6	0			408.6	1084.4	422.3	1075.5	418.1	1122.2	418.7	1159.5	420.4	1138.7	5		421	1078	2352	72.5426	1	school	848.5292
OW	1	GO	486.4	1329.8	2070.3	91.5	274.7	1886.4	848.818	848.806	848.936	0.13	63	0	0	0	6	0			491.7	1225.1	467.3	1166.8	423.0	1172.4	385.5	1217.9	371.6	1333.1	6		501	1242	2350	62.0006	1	go	848.8323
UW	1	TO	410.3	1649.6	2557.7	234.4	228.9	437.7	849.053	849.046	849.196	0.15	73	0	0	0	3	0			401.0	1627.2	399.5	1558.7	407.3	1462.3	421.0	1260.0	755.7	1918.4	5		415	1595	2384	73.0003	1	to	849.0853
EH	1	VERY	575.5	1631.6	2068.8	111.9	116.6	778.5	849.573	849.546	849.627	0.081	2	6	4	2	1	1			565.7	1615.7	575.9	1631.4	575.3	1634.5	568.1	1644.3	534.3	1642.6	5		576	1634	2055	2.60011	1	very	849.5742
EH	1	DRESS	630.8	1599.9	2982.2	86.3	158.4	621.8	850.223	850.196	850.276	0.08	2	3	4	1	8	0			612.1	1587.6	631.7	1601.0	647.6	1600.5	674.5	1613.6	686.0	1617.0	4		680	1602	2685	2.3418	1	dress	850.2466
OW	1	CODE	534.9	1326.9	2445.7	93.7	446.3	694.4	850.504	850.477	850.587	0.11	62	1	4	2	6	0			528.9	1316.0	549.2	1359.4	582.1	1324.8	587.2	1262.4	574.8	1282.4	5		599	1314	2584	62.142	1	code	850.5588
AH	1	BUTTON	694.4	1084.5	3090.7	83.9	68.1	244.7	851.931	851.901	851.992	0.091	6	1	4	1	1	1			654.1	1048.4	701.1	1091.5	732.5	1156.5	743.8	1316.2	740.4	1442.7	4		707	1090	2245	6.14111	1	button	851.9355
ER	1	SHIRTS	533.8	1524.4	2235.9	148.1	198.3	1119.2	852.538	852.481	852.652	0.171	94	1	4	1	5	3			521.1	1518.5	534.5	1531.0	505.0	1523.7	481.2	1518.5	473.0	1563.0	5		492	1470	1844	94.60053	1	shirts	852.5782
AA	1	COLLAR	759.1	1152.9	2858.4	43.4	166.9	846.8	853.192	853.122	853.332	0.21	5	5	4	2	6	1			745.8	1252.3	756.1	1145.8	743.7	1109.3	722.9	1113.8	682.2	1104.0	5		745	1127	2810	5.54201	1	collar	853.2107
OY	1	BOYS	568.7	975.0	2202.4	117.8	82.2	1043.7	854.703	854.643	854.823	0.18	61	3	4	2	1	0			526.8	890.3	560.4	978.1	603.2	1202.1	500.9	1150.0	420.4	1474.7	6		599	892	2312	61.0021	1	boys	854.6773
ER	1	GIRLS	515.1	1309.2	2119.9	144.0	171.5	230.4	855.049	855.022	855.102	0.08	94	5	4	2	6	3			502.0	1347.5	515.9	1305.2	520.0	1264.2	524.3	1235.3	539.5	1208.3	6		531	1230	2022	94.60053	1	girls	855.0808
AE	1	MATTER	683.4	1787.2	3067.1	63.5	171.6	991.1	855.602	855.572	855.663	0.091	3	1	4	1	2	1			685.3	1741.3	683.5	1791.6	676.5	1777.7	653.4	1721.3	618.2	1646.9	4		682	1754	2606	3.14121	1	matter	855.597
EY	1	HATE	527.8	1965.6	2611.1	207.5	504.2	462.2	857.223	857.211	857.301	0.09	21	1	4	1	0	0			509.0	2012.7	473.1	2078.0	457.3	2027.8	444.6	1894.2	430.2	1849.9	4		506	2065	2663	21.141	1	hate	857.2323
ER	1	SHIRTS	510.5	1551.3	2431.4	145.2	211.5	1439.0	857.737	857.68	857.85	0.17	94	1	4	1	5	3			500.8	1548.9	509.4	1558.2	512.4	1639.9	501.5	1670.1	489.1	1700.3	5		505	1570	2340	94.60053	1	shirts	857.7451
UH	1	LOOK	407.5	1145.4	2281.3	59.3	175.5	921.6	859.915	859.895	859.955	0.06	7	1	6	1	7	0			428.2	1105.9	404.6	1150.9	380.2	1199.3	360.1	1271.2	382.9	1341.5	5		451	1117	2252	7.1617	1	look	859.8967
AE	1	SACKS	675.3	1810.9	2628.6	62.0	90.3	550.6	860.431	860.364	860.564	0.2	3	1	6	1	3	3			630.0	1751.9	679.0	1812.2	689.0	1810.5	671.5	1830.4	635.7	1827.1	4		696	1824	2613	3.1613	1	sacks	860.4471
AE	1	CAN'T	557.4	2273.1	3766.3	234.3	299.0	812.0	861.528	861.508	861.568	0.06	33	4	4	2	6	3			511.8	2252.8	562.8	2272.2	601.0	2248.8	601.6	2161.4	591.7	2083.5	3		581	2116	2811	3.44203	1	can't	861.5332
AY	1	TIE	816.6	1529.7	2925.2	32.1	189.5	744.2	861.978	861.927	862.107	0.18	41	0	0	0	3	0		s	798.3	1539.3	806.2	1520.8	764.1	1593.0	701.3	1628.9	607.5	1601.7	4		820	1526	2834	41.0003	1	tie	861.9776
AA	1	BOTTOM	748.8	1298.2	2860.9	81.8	152.8	380.2	862.87	862.807	862.996	0.189	5	1	4	1	1	1			707.0	1270.6	755.4	1297.9	792.1	1326.5	786.2	1389.3	759.6	1458.1	4		791	1322	2882	5.14111	1	bottom	862.9087
ER	1	GIRLFRIEND	453.3	1161.7	1824.5	123.2	109.0	322.4	864.171	864.138	864.238	0.1	94	5	4	2	6	4			431.2	1151.9	456.3	1163.1	475.0	1153.2	500.2	1124.6	515.6	1110.6	5		494	1130	1733	94.60051	1	girlfriend	864.1998
AE	1	JAN	685.2	1974.5	2846.2	228.3	521.5	303.7	864.717	864.647	864.857	0.21	33	4	4	2	5	0			640.2	1990.5	684.6	1972.3	614.1	1139.0	735.9	1811.8	699.4	1303.7	5		690	1994	2879	3.4425	1	Jan	864.7149
AA	1	GOT	777.2	1549.5	2619.1	66.4	161.6	312.8	865.657	865.56	865.851	0.291	5	1	4	1	6	0			742.0	1575.2	776.8	1547.3	784.8	1552.6	781.2	1556.1	745.5	1558.7	4		794	1559	2639	5.1416	1	got	865.7144
EH	1	DETENTION	777.3	1795.7	2751.8	116.6	118.1	643.9	866.281	866.258	866.328	0.07	2	4	4	2	3	4			809.3	1791.1	773.9	1794.9	746.1	1794.1	740.3	1775.4	729.6	1744.2	5		741	1775	2775	2.44234	1	(de)tention	866.2967
AE	1	THAT	664.0	1721.1	2746.2	55.0	140.0	634.3	866.857	866.787	866.997	0.21	3	1	4	1	3	0			655.0	1714.3	667.8	1722.6	673.1	1699.9	662.5	1662.4	639.0	1592.6	4		684	1729	2664	3.1413	1	that	866.862
AE	1	HAD	659.1	1978.4	2929.3	28.2	368.0	1547.7	870.128	870.098	870.188	0.09	3	1	4	2	0	0			651.5	1919.2	659.4	1974.3	648.6	1941.8	569.8	1895.2	484.8	1846.0	5		599	2074	3607	3.142	1	had	870.0882
EY	1	STAY	571.6	1927.2	2689.8	165.6	142.9	911.6	870.545	870.507	870.778	0.271	22	0	0	0	3	0			562.9	1940.9	520.6	1986.6	500.4	2070.1	460.3	2156.5	410.1	2030.7	4		575	1925	2638	22.0003	1	stay	870.5486
IH	1	SIX	568.3	1726.1	2891.3	189.9	66.5	992.3	871.67	871.634	871.743	0.109	1	1	6	1	3	3			540.1	1707.6	573.0	1730.4	573.3	1768.5	543.9	1791.9	542.4	1841.1	4		583	1727	2930	1.16133	1	six	871.6733
AA	1	GOT	620.2	1828.1	2669.9	64.4	300.8	304.0	872.754	872.734	872.793	0.059	5	1	4	1	6	0			581.8	1887.4	624.5	1819.8	653.8	1760.9	672.0	1709.7	679.5	1694.4	5		674	1687	2785	5.1416	1	got	872.7776
AA	1	SOCKS	792.2	1495.7	2717.9	79.2	205.2	225.7	873.31	873.233	873.463	0.23	5	1	6	1	3	3			726.5	1498.3	798.4	1498.8	823.1	1501.9	807.7	1513.6	693.9	1531.6	5		807	1482	2877	5.1613	1	socks	873.3451
OW	1	NO	493.0	1039.5	2501.9	123.3	133.8	470.3	873.851	873.844	873.923	0.079	63	0	0	0	4	0			491.4	1019.2	472.7	967.3	456.3	913.8	446.1	855.9	475.8	898.0	5		517	1040	2581	62.0004	1	no	873.8591
AA	2	FLIPFLOPS	818.6	1383.1	2646.3	52.9	230.5	390.6	874.38	874.324	874.493	0.169	5	1	1	1	8	3			801.3	1333.3	819.0	1386.3	811.7	1389.6	791.8	1378.5	734.1	1329.4	5		826	1449	3143	5.11184	1	flipflops	874.3788
AO	1	HALL	740.3	918.2	2063.5	118.2	82.8	1611.5	875.043	875.009	875.11	0.101	53	5	4	2	0	0			750.2	922.3	740.8	917.5	741.9	941.1	733.1	978.8	729.2	1001.1	5		732	984	1882	53.542	1	hall	875.0773
AA	1	MONITOR	799.0	1299.1	3251.0	70.9	194.5	739.8	875.246	875.21	875.319	0.109	5	4	4	2	2	2			767.3	1166.6	799.3	1308.0	800.2	1374.3	789.0	1420.6	758.8	1440.5	5		808	1334	3012	5.44222	1	monitor	875.2528
AO	1	STALKS	738.3	1232.1	3552.2	50.1	225.0	761.0	875.773	875.71	875.899	0.189	53	1	6	1	3	3			698.9	1275.4	741.3	1228.8	753.1	1208.3	728.9	1215.2	681.9	1267.4	4		749	1184	3145	53.1613	1	stalks	875.793
IY	1	SEE	404.4	2351.8	3888.7	178.5	291.9	267.3	876.519	876.429	876.7	0.271	12	0	0	0	3	0			404.6	2408.1	405.3	2378.8	408.9	2468.5	400.3	2475.6	381.2	2264.8	3		391	1999	2583	12.0003	1	see	876.5121
AW	1	OUT	734.9	1464.9	2864.2	77.2	192.8	238.4	877.591	877.556	877.706	0.15	42	1	4	1	0	0			721.2	1471.2	762.4	1436.8	765.2	1426.0	735.7	1438.2	702.1	1495.9	4		775	1447	2764	42.141	1	out	877.6164
AO	2	UNIFORM	563.0	766.6	1867.6	186.7	302.4	636.0	878.195	878.155	878.275	0.12	64	6	4	2	1	3			551.0	1044.0	559.6	749.3	569.0	787.5	599.4	890.9	680.4	1016.9	6		552	756	1752	54.6001	1	(uni)form	878.2044
AE	1	LAST	646.3	1838.2	3906.9	87.0	170.3	539.6	878.468	878.445	878.515	0.07	33	3	4	1	7	0			658.5	1826.1	645.5	1839.7	633.5	1837.1	623.2	1821.5	624.9	1912.4	3		645	1763	2404	3.34173	1	last	878.4677
AA	1	JOHN	799.6	1590.4	2699.8	67.4	179.8	964.1	879.045	878.995	879.146	0.151	5	4	4	2	5	0			776.9	1658.1	801.7	1583.0	820.2	1584.8	815.9	1597.1	772.5	1595.8	5		821	1584	2676	5.4425	1	John	879.0694
AA	1	GOT	726.5	1715.9	3145.9	46.4	177.4	1472.7	879.292	879.245	879.386	0.141	5	1	4	1	6	0			671.4	1742.3	731.8	1715.9	765.2	1701.3	768.1	1663.9	760.9	1615.3	4		763	1600	2535	5.1416	1	got	879.3292
EH	1	SUSPENDED	684.8	1451.6	2823.4	97.6	526.9	363.5	879.669	879.646	879.716	0.07	2	4	4	2	1	4			648.7	1447.0	687.8	1450.7	708.1	1470.2	715.8	1492.7	720.2	1530.1	4		729	1573	2966	2.44213	1	(su)spended	879.6904
EH	1	SAID	653.6	1570.2	2762.1	68.5	619.5	551.0	880.519	880.446	880.666	0.22	2	1	4	2	3	0			640.1	1431.4	654.8	1593.1	658.1	1608.3	650.9	1611.1	638.8	1648.7	5		657	1610	2765	2.1423	1	said	880.5565
EH	1	DRESS	603.8	1614.6	2626.6	89.3	214.8	229.3	881.531	881.511	881.571	0.06	2	3	4	1	8	0			588.1	1608.0	605.3	1614.8	613.6	1607.3	617.4	1593.9	616.9	1555.0	4		624	1598	2716	2.3418	1	dress	881.5514
OW	1	CODE	485.1	1142.4	2016.1	110.7	274.7	832.4	881.775	881.751	881.85	0.099	62	1	4	2	6	0			485.1	1154.1	490.6	1122.4	511.2	1171.0	501.8	1236.9	454.8	1320.2	6		523	1180	2527	62.142	1	code	881.7884
AH	1	SUCKS	679.0	1435.1	2375.2	132.8	248.3	1386.7	882.093	882.04	882.2	0.16	6	1	6	1	3	3			637.3	1268.5	684.0	1418.9	707.0	1353.2	657.7	1311.8	562.4	1194.3	6		703	1406	2554	6.1613	1	sucks	882.1178
AO	1	WRONG	760.6	1242.5	2449.8	95.4	171.4	586.0	883.971	883.944	884.024	0.08	53	4	6	2	7	0			727.3	1210.5	762.6	1243.9	774.9	1237.2	774.6	1208.7	757.7	1170.3	5		779	1210	2177	53.46273	1	wrong	883.9947
AE	1	THAT	669.3	1813.3	2662.2	50.7	108.7	439.3	884.367	884.284	884.534	0.25	3	1	4	1	3	0			637.7	1843.6	670.1	1812.0	672.2	1751.3	665.0	1765.2	652.8	1772.4	5		665	1813	2677	3.1413	1	that	884.3651
IY	1	EVEN	367.5	2365.0	3874.1	413.5	475.0	835.0	885.13	885.093	885.203	0.11	11	3	2	2	0	1			533.1	2254.7	364.6	2368.3	349.5	2336.8	365.6	2239.6	389.0	1788.6	3		373	1703	2635	11.32201	1	even	885.1446
AA	1	FATHER	762.8	1196.5	2527.2	49.5	260.2	1037.2	885.573	885.523	885.672	0.149	43	3	3	2	1	1			751.8	1206.2	763.2	1195.7	768.9	1258.5	758.6	1311.6	680.3	1342.0	5		768	1256	2747	43.33111	1	father	885.5902
EH	1	SAYS	645.8	1509.1	2756.2	89.4	155.5	312.1	885.916	885.883	885.982	0.099	2	3	4	2	3	0			610.5	1488.8	648.0	1511.6	655.1	1536.2	652.1	1565.9	602.5	1600.9	5		665	1558	2732	2.3413	1	says	885.9389
UW	1	SCHOOL	402.0	1044.3	2240.7	102.6	193.5	719.6	889.83	889.81	889.871	0.061	72	5	4	2	6	0			397.6	1092.2	403.4	1041.9	407.8	1003.4	411.1	989.0	416.0	976.2	6		468	964	2531	72.5426	1	school	889.8694
AA	1	COT	809.6	1386.1	2727.8	53.7	170.6	242.9	901.856	901.789	901.989	0.2	5	1	4	1	6	0			771.3	1419.7	811.1	1381.6	817.2	1370.1	794.4	1317.9	762.7	1352.0	5		819	1366	2777	5.141	1	cot	901.8762
AO	1	CAUGHT	666.2	961.2	2886.3	72.5	88.2	253.6	902.713	902.643	902.853	0.21	53	1	4	1	6	0			651.5	971.4	667.5	961.0	686.1	995.3	702.0	1069.0	719.6	1173.9	5		674	972	2884	53.141	1	caught	902.7275
AA	1	DON	803.4	1516.9	1856.9	141.2	74.8	1329.9	908.488	908.408	908.649	0.241	5	4	4	2	3	0			764.4	1537.9	798.4	1506.4	783.6	1452.6	537.7	1038.1	692.7	1355.2	6		839	1447	2910	5.4423	1	don	908.5543
AO	1	DAWN	710.4	1134.5	2195.5	74.0	141.4	2013.0	909.134	909.07	909.261	0.191	53	4	4	2	3	0			656.4	1212.3	716.3	1130.6	733.7	1120.5	735.0	1123.1	747.6	1115.4	6		721	1106	3260	53.4423	1	dawn	909.1719
AA	1	FATHER	819.6	1336.5	2840.1	48.6	143.8	241.6	914.476	914.409	914.609	0.2	43	3	3	2	1	1			786.7	1304.7	821.1	1334.6	819.0	1352.1	810.5	1375.5	776.8	1362.8	4		836	1372	2728	43.33111	1	father	914.5018
AA	1	BOTHER	797.2	1284.1	2801.8	52.8	191.7	215.9	915.217	915.144	915.364	0.22	5	3	3	2	1	1			781.4	1340.5	797.0	1268.6	796.5	1278.7	783.8	1333.3	713.6	1339.4	5		805	1266	2794	5.33111	1	bother	915.2426
IH	1	NEARER	442.4	2466.5	3341.4	182.6	273.2	833.0	921.208	921.151	921.322	0.171	14	6	4	2	4	1			421.8	2691.6	444.3	2436.5	463.1	2423.9	472.0	2285.0	479.9	2134.5	3		434	2198	2788	14.60041	1	nearer	921.2152
IH	1	MIRROR	454.5	2030.7	2810.8	148.5	311.8	355.6	921.959	921.906	922.066	0.16	14	6	4	2	2	1			443.5	1659.0	458.1	1965.2	480.9	1049.8	522.4	1658.0	551.0	1825.7	5		424	1955	2760	1.60021	1	mirror	921.9252
UW	1	FOOL	362.2	785.6	1785.6	155.0	105.4	529.3	926.626	926.583	926.713	0.13	72	5	4	2	1	0			375.8	785.3	362.1	787.0	371.6	787.3	382.7	776.5	387.8	772.1	6		363	780	1828	72.5421	1	fool	926.6454
AA	1	FARM	735.1	1168.7	3004.2	135.8	94.5	647.8	941.343	941.31	941.41	0.1	44	6	4	2	1	3			706.7	1135.9	739.3	1172.0	769.0	1188.7	774.7	1213.0	768.9	1274.4	4		808	1263	2112	44.6001	1	farm	941.3827
AH	1	DUSK	670.6	1353.0	2918.4	50.7	107.1	409.4	942.175	942.135	942.256	0.121	6	3	4	1	3	3			643.5	1396.7	672.5	1351.3	680.9	1344.4	680.2	1353.4	672.2	1363.6	4		683	1337	2173	6.34133	1	dusk	942.1998
AY	1	SIGHT	643.2	1392.5	2562.3	50.1	256.8	394.8	942.934	942.888	943.117	0.229	47	1	4	1	3	0		m	643.2	1392.5	595.2	1392.0	467.9	1058.3	381.9	771.2	330.6	883.2	6		647	1397	2630	47.1413	1	sight	942.9337
AA	1	SOCKS	762.8	1377.0	2506.6	49.7	220.8	227.2	943.656	943.583	943.803	0.22	5	1	6	1	3	3			733.4	1390.9	764.6	1366.3	764.2	1342.9	760.6	1348.1	765.8	1369.2	5		759	1351	2544	5.1613	1	socks	943.6824
AY	1	HIGHSCHOOL	859.3	1478.7	2937.0	163.1	421.1	840.1	945.711	945.708	945.849	0.141	47	3	4	1	0	4			840.2	1452.0	825.5	1571.8	738.8	1736.4	616.9	1933.0	530.7	1934.0	4		842	1464	2917	47.34201	1	highschool	945.7383
OW	1	BOAT	562.0	1126.4	2826.6	87.4	130.7	683.7	946.481	946.462	946.632	0.17	62	1	4	1	1	0			579.7	1131.0	563.2	1058.3	518.1	996.7	450.8	927.0	419.6	875.0	5		581	1138	2799	62.1411	1	boat	946.4973
AY	1	SLIDER	732.7	1358.9	2613.7	37.4	131.5	454.8	947.181	947.161	947.291	0.13	41	1	4	2	8	1			730.5	1383.9	696.9	1422.3	666.4	1480.6	632.6	1681.6	577.6	1686.1	5		735	1349	2598	41.14281	1	slider	947.1799
IH	1	SIX	517.3	2424.6	3900.7	101.8	367.0	193.8	947.799	947.766	947.866	0.1	1	1	6	1	3	3			489.0	2395.0	520.0	2423.4	523.5	2314.5	522.6	2227.8	513.3	2146.4	4		471	1888	2549	1.16133	1	six	947.8124
AY	1	TIGER	737.1	1508.0	2430.7	201.0	286.3	419.8	948.384	948.36	948.52	0.16	41	1	6	2	3	1		s	681.1	1458.5	657.1	1509.9	596.0	1627.7	505.6	1338.4	449.2	905.6	6		649	1559	2885	41.25231	1	tiger	948.4164
ER	1	BURN	540.6	1342.2	1556.3	161.1	105.4	274.1	949.122	949.055	949.255	0.2	94	4	4	2	1	0			513.1	1321.4	543.0	1345.4	517.7	1234.5	494.3	1195.1	496.2	1383.4	6		547	1348	1573	94.6001	1	burn	949.1286
AY	1	WRITING	638.5	1410.8	2465.7	53.4	199.3	458.5	949.893	949.873	950.014	0.141	47	1	4	1	7	1			631.9	1495.2	574.8	1751.2	509.4	1836.5	449.3	1967.1	425.0	2005.9	5		654	1428	2372	47.1417	1	writing	949.8944
OW	1	GO	560.0	1339.6	2747.2	101.9	280.0	351.7	950.535	950.502	950.772	0.27	63	0	0	0	6	0			571.5	1296.4	576.6	1198.9	550.1	1110.5	554.1	982.4	470.6	1141.6	4		587	1207	2438	62.0006	1	go	950.577
AO	1	STALKS	702.2	1171.9	2715.5	48.9	113.2	430.5	951.259	951.186	951.406	0.22	53	1	6	1	3	3			692.0	1213.0	704.1	1166.1	719.7	1127.0	741.2	1080.4	740.8	1127.2	4		704	1153	2580	53.1613	1	stalks	951.2676
IH	2	INVENTORY	541.0	2023.1	2986.1	145.0	120.0	375.6	952.826	952.796	952.885	0.089	1	4	4	2	0	5			580.0	1993.4	540.6	2024.0	542.8	2014.6	552.7	1986.6	549.7	1969.4	5		568	1991	2675	1.44205	1	inventory	952.8654
AO	1	INVENTORY	482.9	1109.3	2339.9	109.8	85.7	89.4	953.212	953.166	953.305	0.139	64	6	4	2	3	1			468.6	1146.5	486.7	1086.7	499.2	966.0	491.1	945.8	519.0	1104.8	6		466	927	2347	54.60031	1	(inven)tory	953.2437
ER	1	FIRM	626.1	1314.4	1597.2	229.1	139.4	358.2	953.751	953.674	953.905	0.231	94	4	1	2	1	0			589.5	1270.2	621.7	1322.4	573.7	1297.0	540.7	1291.9	472.7	1023.7	6		613	1342	1559	94.6001	1	firm	953.7634
AY	1	SPIDER	587.6	1184.7	2571.2	50.2	62.4	351.6	954.38	954.35	954.489	0.139	41	1	4	2	1	1			587.1	1172.6	565.1	1291.1	510.0	1348.5	451.1	1339.9	405.4	1687.1	5		611	1211	2480	41.14211	1	spider	954.3799
EH	1	DESK	652.8	1705.8	3034.9	28.1	241.8	1122.4	955.022	954.978	955.109	0.131	2	3	4	1	3	3			636.0	1627.7	654.8	1710.2	666.0	1694.3	672.3	1587.1	667.9	1577.8	5		661	1729	2995	2.34133	1	desk	955.0317
UW	2	RUDIMENTARY	388.6	1296.4	2317.3	68.5	114.9	232.2	955.795	955.787	955.857	0.07	73	1	4	2	7	2			388.3	1300.8	387.9	1318.9	389.6	1349.5	388.8	1379.8	376.0	1419.1	6		384	1326	2436	82.14272	1	rudimentary	955.8192
EH	1	RUDIMENTARY	707.1	1681.8	3057.2	70.7	266.2	528.2	956.017	955.997	956.057	0.06	2	4	4	2	2	5			702.4	1683.2	707.5	1678.7	710.3	1653.5	708.7	1646.5	700.0	1650.8	5		709	1655	2966	2.44225	1	(rudi)mentary	956.0243
EY	1	CRAYON	620.1	1598.2	2608.1	70.8	226.9	670.1	957.699	957.682	957.842	0.16	21	0	0	0	8	1			611.7	1683.3	561.4	1147.8	552.4	1773.0	524.4	1512.1	691.6	1795.7	5		610	1642	2755	21.4428	1	crayon	957.7064
AA	2	CRAYON	746.2	1433.6	2816.2	73.3	181.6	1142.5	957.865	957.842	957.912	0.07	5	4	4	2	0	0			736.8	1461.0	746.9	1429.3	751.0	1392.6	751.5	1373.5	753.5	1369.2	5		749	1377	3234	5.442	1	(cray)on	957.8819
OW	1	HOME	627.7	956.4	3104.9	199.7	111.5	415.3	958.696	958.688	958.878	0.19	62	4	1	2	0	0			606.7	909.4	587.8	839.0	611.2	735.4	499.9	682.9	586.2	713.6	4		618	933	3031	62.412	1	home	958.7127
EH	1	SEX	639.8	1598.5	3740.1	54.2	349.1	2124.0	959.614	959.571	959.701	0.13	2	1	6	1	3	3			601.8	1643.4	643.5	1597.6	660.3	1639.8	663.0	1679.5	655.2	1663.1	4		661	1645	3108	2.16133	1	sex	959.638
AY	1	TIED	795.6	1321.3	2589.1	62.9	400.6	819.8	960.323	960.25	960.52	0.27	41	1	4	2	3	0		m	765.7	1183.7	782.7	1306.8	707.4	1114.9	412.7	668.9	447.9	796.6	6		804	1358	2959	41.0023	1	tied	960.3161
AE	1	BAG	635.1	1937.8	2624.5	82.5	179.5	473.7	960.955	960.865	961.136	0.271	3	1	6	2	1	0			600.1	1920.9	636.8	1926.3	640.9	1920.2	642.0	1929.2	609.3	1969.6	5		618	1933	2621	3.1621	1	bag	960.9383
OW	1	NO	630.3	1583.0	2259.8	130.0	298.2	1653.4	961.479	961.449	961.729	0.28	63	0	0	0	4	0			659.5	1442.5	656.5	1312.1	621.5	1154.9	545.6	965.5	418.7	808.8	6		663	1421	3052	62.0004	1	no	961.5161
AY	1	RIDING	773.1	1440.2	2509.0	36.4	189.2	881.1	962.519	962.484	962.644	0.16	41	1	4	2	7	1			735.0	1318.9	752.7	1535.9	672.9	1710.1	575.0	1369.2	489.7	1635.5	6		778	1354	2594	41.1427	1	riding	962.5178
AE	1	SACKS	641.8	1953.6	2549.6	54.8	420.1	453.9	963.276	963.213	963.402	0.189	3	1	6	1	3	3			602.5	1915.2	644.0	1953.4	656.1	1949.2	667.8	1957.5	659.3	1727.8	5		647	1929	2534	3.1613	1	sacks	963.2767
AY	1	MINOR	808.2	1400.7	3407.3	77.4	151.6	1324.6	965.409	965.388	965.539	0.151	41	4	4	2	2	1			801.3	1432.2	765.2	1624.3	706.1	1865.9	654.4	1968.3	555.3	2055.0	4		813	1418	3376	41.44221	1	minor	965.4078
AA	1	MA	801.8	1326.6	3447.1	86.7	71.1	1251.2	966.85	966.823	966.904	0.081	43	0	0	0	2	0			782.4	1303.6	802.5	1327.6	805.4	1331.9	802.4	1330.5	801.6	1331.4	4		799	1348	3381	43.0002	1	ma	966.9155
AA	1	PA	783.6	1283.6	2781.6	49.4	171.7	397.5	967.282	967.232	967.382	0.15	43	0	0	0	1	0			784.6	1297.9	784.3	1284.0	780.3	1272.8	770.2	1264.2	777.9	1278.9	5		782	1268	2851	43.0001	1	pa	967.2859
AY	1	TIDE	822.5	1694.2	2798.3	229.4	240.0	1076.2	968.708	968.695	969.025	0.33	41	1	4	2	3	0			776.8	1351.8	764.8	1334.7	739.2	1229.2	677.4	1651.6	499.2	1717.0	5		784	1406	2656	41.1423	1	tide	968.7913
AA	1	BARN	728.3	1194.8	2690.1	56.8	105.5	886.4	970.095	970.032	970.222	0.19	44	6	4	2	1	3			675.3	1115.5	734.9	1200.0	761.3	1220.8	748.7	1228.7	685.0	1174.4	5		761	1216	2074	44.6001	1	barn	970.1235
AO	1	HORSE	469.0	778.2	1986.6	175.0	53.1	541.6	971.236	971.196	971.317	0.121	64	6	4	2	0	3			441.3	770.2	475.4	783.2	523.6	872.5	535.5	968.4	514.8	1045.6	6		486	741	2326	54.6	1	horse	971.2391
AY	1	SIDE	780.1	1365.3	2422.4	42.2	325.4	470.6	972.232	972.18	972.38	0.2	41	1	4	2	3	0		s	776.9	1384.0	776.5	1330.5	749.9	1366.1	710.8	1410.9	671.8	1577.3	5		781	1361	2491	41.1423	1	side	972.2386
AH	1	SUCKS	716.9	1332.9	2849.9	66.7	128.5	834.7	973.086	973.033	973.193	0.16	6	1	6	1	3	3			694.9	1388.9	716.6	1330.3	703.1	1285.5	686.2	1305.6	882.5	1494.2	4		708	1310	2599	6.1613	1	sucks	973.0796
EY	1	VAGUE	568.5	2335.0		322.6	242.5		974.889	974.851	975.121	0.27	21	1	6	2	1	0			532.1	2284.9	466.4	2206.5	435.7	2332.0	422.2	2417.5	379.9	2487.0	3		553	1984	2575	21.16211	1	vague	974.8951
AY	1	MINER	808.6	1371.2	2098.2	99.5	206.2	1747.1	975.583	975.541	975.712	0.171	41	4	4	2	2	1			806.8	1317.6	782.3	1441.6	719.6	1794.9	636.8	1974.8	596.5	1131.2	5		808	1320	2046	41.44221	1	miner	975.5765
