v	N	f1_man_mean	f1_auto_mean	f1_diff	f2_man_mean	f2_auto_mean	f2_diff	f1_man_sd	f1_auto_sd	f2_man_sd	f2_auto_sd	f1_rmse	f2_rmse	f1_diff_mean	f1_diff_sd	f2_diff_mean	f2_diff_sd	f1_abs_diff_mean	f1_abs_diff_sd	f2_abs_diff_mean	f2_abs_diff_sd	f1_p	f1_t	f2_p	f2_t	f1_p_paired	f1_t_paired	f2_p_paired	f2_t_paired	f1_r	f2_r
all	368	607.3315	607.4565	0.125	1460.774	1487.039	26.2644	98.90167	99.67481	350.1054	361.438	32.55653	110.6511	-0.125	32.60061	-26.2644	107.6352	21.5875	24.40339	66.17636	88.80197	NA	NA	NA	NA	NA	NA	NA	NA	0.9461249	0.9547306
EY	31	540	553.8742	13.87419	1829.548	1886.861	57.3129	47.6634	50.67258	224.1764	206.6181	33.94275	211.258	-13.87419	31.48974	-57.3129	206.6963	22.74516	25.61106	121.8871	175.4022	0.2712643	-1.110422	0.299469	-1.046689	0.02019167	-2.453124	0.1331128	-1.543834	0.7965929	0.5421409
AY	38	679.3947	696.55	17.15526	1340.789	1361.242	20.45263	54.67523	70.79143	97.80791	115.6123	42.62235	96.59674	-17.15526	39.5412	-20.45263	95.67393	23.35	36.13594	62.32632	74.7901	0.2411184	-1.182285	0.4078463	-0.832558	0.01107719	-2.67448	0.1956742	-1.317794	0.831577	0.6092737
ER	14	553.2143	557.65	4.435714	1420.071	1410.25	9.821429	68.46468	64.97076	94.2529	122.1099	34.53581	80.52407	-4.435714	35.54266	9.821429	82.93989	28.35	20.4676	71.43571	38.56554	0.8617842	-0.175842	0.8136875	0.2382325	0.6482596	-0.4669578	0.6649965	0.443073	0.8593731	0.7348639
EH	32	631.4062	636.9031	5.496875	1587.781	1610.209	22.42812	67.77803	62.58228	173.4263	181.0412	25.44411	62.67985	-5.496875	25.24077	-22.42812	59.46639	17.79063	18.48163	41.42187	47.79518	0.7372123	-0.3370666	0.614609	-0.506065	0.227236	-1.231936	0.04090277	-2.133518	0.9280831	0.9446089
IY	23	427.8261	436.3304	8.504348	2118.261	2125.27	7.008696	47.56589	42.46856	175.2868	145.2954	28.2004	131.3215	-8.504348	27.49181	-7.008696	134.0816	21.30435	18.89193	94.71304	93.01029	0.5257836	-0.6396116	0.8833297	-0.1476333	0.1521149	-1.483548	0.8043825	-0.2506871	0.8193572	0.6647138
AH	29	661.1379	653.0034	8.134483	1212.517	1239.314	26.79655	38.02887	44.59759	77.84032	86.30511	34.85461	75.78552	8.134483	34.492	-26.79655	72.14477	23.96207	25.75935	58.63103	48.86919	0.4580231	0.7474063	0.2196081	-1.241616	0.2145307	1.27002	0.05526261	-2.000198	0.6619833	0.6179517
AA	43	709.1628	706.0558	3.106977	1280.023	1284.884	4.860465	50.40452	54.24813	118.3833	146.1882	25.4225	67.95522	3.106977	25.53054	-4.860465	68.58335	18.92558	17.17515	51.53023	44.82493	0.7838925	0.275134	0.8658808	-0.1694333	0.4293496	0.7980173	0.6445307	-0.4647221	0.8835126	0.886441
AO	33	627.1515	604.9515	22.2	997.6667	978.0273	19.63939	70.07501	81.16079	82.27571	110.1086	43.86005	63.06154	22.2	38.41326	19.63939	60.85452	30.81212	31.69803	46.08788	43.70997	0.2387921	1.189342	0.4150564	0.8207904	0.002256787	3.319929	0.07298758	1.853925	0.8810794	0.8383644
IH	28	521.1429	521.1179	0.025	1820.464	1833.871	13.40714	51.27393	53.72401	211.3161	200.8797	23.40379	56.75716	0.025	23.83324	-13.40714	56.16295	16.91786	16.46844	39.19286	41.80567	0.9985853	0.001781292	0.8086776	-0.2433255	0.9956121	0.005550548	0.217324	-1.26318	0.8979866	0.9641293
AE	31	629.5161	636.1613	6.645161	1769.226	1813.342	44.11613	50.88475	48.53388	154.2573	174.1723	17.14372	110.5721	-6.645161	16.06468	-44.11613	103.0661	13.04516	11.30731	56.79355	96.44015	0.6007256	-0.5261532	0.2953843	-1.055733	0.02838358	-2.303108	0.02369496	-2.383211	0.9488695	0.8096943
UW	14	438.8571	435.6143	3.242857	1322.5	1457.821	135.3214	38.32223	38.00174	358.8177	456.2071	38.84603	226.9623	3.242857	40.17172	-135.3214	189.0869	29.74286	25.93079	147.25	179.2314	0.8238742	0.2248237	0.3914359	-0.8723609	0.7673959	0.3020448	0.01898226	-2.677745	0.4459754	0.919762
OW	33	594.7879	586.0182	8.769697	1176.182	1220.221	44.03939	50.89803	56.29724	118.3666	105.4766	36.26165	78.45026	8.769697	35.73076	-44.03939	65.92946	21.79394	29.43092	56.25758	55.52433	0.5092329	0.66379	0.1155478	-1.595697	0.1682048	1.409936	0.0005520243	-3.837239	0.7823118	0.8325762
AW	13	741.0769	724.9923	16.08462	1321.308	1394.646	73.33846	48.77237	47.91707	109.3583	153.7312	30.51525	136.7961	16.08462	26.99083	-73.33846	120.191	20.40769	23.61354	93.83077	103.6085	0.4047064	0.848206	0.1751962	-1.4016	0.05277007	2.148652	0.04813292	-2.200045	0.8442952	0.6289233
UH	4	539.75	529.5	10.25	1258.25	1223.225	35.025	30.82613	28.33125	313.217	286.9001	13.18503	51.22634	10.25	9.576534	35.025	43.1646	10.25	9.576534	35.325	42.8374	NA	NA	NA	NA	NA	NA	NA	NA	0.9510584	0.9934867
OY	2	558	564.05	6.05	1002	1065.95	63.95	93.3381	57.91205	282.8427	231.436	25.77023	73.55899	-6.05	35.42605	-63.95	51.40666	25.05	8.555992	63.95	51.40666	NA	NA	NA	NA	NA	NA	NA	NA	NA	NA
EY_E	24	528.625	538.4083	9.783333	1832.458	1871.567	39.10833	42.92948	39.21108	245.3459	225.6483	32.86367	199.3509	-9.783333	32.04845	-39.10833	199.6814	21.125	25.71594	97.39167	177.6825	0.4140362	-0.8243379	0.5682662	-0.5747711	0.1483808	-1.495497	0.3472941	-0.9594831	0.6990228	0.6433948
AY_N	8	739	752.3375	13.3375	1379.875	1423.213	43.3375	23.71256	38.09968	118.6103	121.06	47.23189	92.75235	-13.3375	48.43803	-43.3375	87.66729	25.7125	42.35521	62.2375	73.51962	0.4173836	-0.8406275	0.4814426	-0.7232475	0.4616014	-0.7788126	0.2047561	-1.398206	-0.1839475	0.7325868
AY_E	30	663.5	681.6733	18.17333	1330.367	1344.717	14.35	49.36476	70.39893	90.97119	110.3357	41.30636	97.59634	-18.17333	37.72786	-14.35	98.1859	22.72	35.08635	62.35	76.36701	0.2522884	-1.157679	0.5847614	-0.5496278	0.01325867	-2.638354	0.4299285	-0.8005038	0.8588645	0.5384507
ER_R	14	553.2143	557.65	4.435714	1420.071	1410.25	9.821429	68.46468	64.97076	94.2529	122.1099	34.53581	80.52407	-4.435714	35.54266	9.821429	82.93989	28.35	20.4676	71.43571	38.56554	0.8617842	-0.175842	0.8136875	0.2382325	0.6482596	-0.4669578	0.6649965	0.443073	0.8593731	0.7348639
EH_N	10	679.9	675.19	4.71	1595.9	1608.59	12.69	38.0831	50.32423	143.436	184.5438	34.12171	55.32996	4.71	35.62313	-12.69	56.76823	24.11	25.45145	36.03	44.2624	0.8162872	0.2360065	0.8657124	-0.17169	0.6856675	0.4181083	0.4975232	-0.7068972	0.7080195	0.971047
IY_E	21	421.7619	430.1952	8.433333	2090.333	2111.162	20.82857	44.65524	36.12788	155.3227	144.1262	28.35562	128.7544	-8.433333	27.74106	-20.82857	130.1963	20.96667	19.56176	90.58095	93.76266	0.5051	-0.6728172	0.6548232	-0.4504619	0.1788783	-1.393112	0.471996	-0.7331124	0.7840294	0.6241925
AH_N	10	682.9	695.74	12.84	1195.4	1232.48	37.08	36.77998	34.94539	85.2411	71.10816	37.02121	85.61871	-12.84	36.60152	-37.08	81.34725	23.46	30.18827	68.58	54.03032	0.4339872	-0.8003228	0.3052405	-1.056311	0.2960432	-1.109343	0.1833343	-1.441441	0.4801542	0.470609
AA_E	25	719.32	720.028	0.708	1297.32	1314.892	17.572	45.30151	50.209	117.4878	141.0052	24.47323	68.49869	-0.708	24.96743	-17.572	67.57168	18.412	16.45502	51.1	46.55709	0.9584715	-0.05234733	0.634393	-0.4787043	0.8884335	-0.1417847	0.2058644	-1.300249	0.8682617	0.8788854
AA_N	8	743.5	736.025	7.475	1284.375	1288.438	4.0625	17.88854	19.13708	101.8261	101.4482	19.71548	39.19332	7.475	19.50309	-4.0625	41.67373	16.375	11.73806	32.5125	23.3985	0.4331733	0.8070901	0.9374156	-0.0799411	0.3142587	1.084058	0.7907215	-0.2757249	0.4467226	0.9159466
AO_R	16	568.1875	528.1375	40.05	943.0625	891.1187	51.94375	48.65418	30.21584	74.6775	74.27069	56.1732	82.15673	40.05	40.6799	51.94375	65.73949	41.2625	39.36611	63.36875	54.00375	0.009760499	2.797117	0.0578021	1.972747	0.001315116	3.938062	0.006464906	3.160581	0.5527997	0.6104181
IH_R	5	459	471.06	12.06	2109	2114.52	5.52	44.06813	40.3277	276.3983	238.9911	17.10152	58.38942	-12.06	13.55629	-5.52	64.98898	12.06	13.55629	41.76	45.62656	0.6637507	-0.4514402	0.9738969	-0.03378024	0.1175501	-1.98926	0.8586159	-0.189926	0.9522323	0.9786224
AE_E	26	627.1923	632.25	5.057692	1734.077	1780.1	46.02308	51.26638	49.02175	103.1279	155.7535	16.87024	114.285	-5.057692	16.41297	-46.02308	106.6802	12.51154	11.54076	57.05385	100.986	0.7177102	-0.3635765	0.2157399	-1.256272	0.1286908	-1.571273	0.0372869	-2.199777	0.9474075	0.7319476
IH_E	19	522.3158	515.7895	6.526316	1757.579	1772.232	14.65263	34.52705	38.48314	136.0381	136.3302	24.94075	60.92011	6.526316	24.73135	-14.65263	60.75207	18.23158	17.48549	42.37895	44.9632	0.5856031	0.5502243	0.7420935	-0.3316275	0.2650888	1.150263	0.3070257	-1.051311	0.7757263	0.9004986
UW_E	7	433	448.6143	15.61429	1563.143	1672.2	109.0571	32.83291	29.0091	297.3311	329.9674	36.92388	148.0912	-15.61429	36.14086	-109.0571	108.2149	26.78571	27.45083	109.0571	108.2149	0.3645961	-0.942918	0.528309	-0.6496163	0.2965598	-1.14307	0.03720767	-2.666343	0.321993	0.9457477
OW_E	27	588.6296	581.6889	6.940741	1212.741	1242.089	29.34815	48.22635	55.12282	90.51119	98.01202	20.76828	55.62029	6.940741	19.94703	-29.34815	48.14729	15.91852	13.59284	42.87407	36.10702	0.6245355	0.4924146	0.2582817	-1.143061	0.08218182	1.808046	0.003906323	-3.167312	0.9341096	0.8725143
AO_L	6	658.3333	661.0833	2.75	1008.667	1030.167	21.5	23.32952	37.74135	49.24903	83.67744	39.37489	49.80418	-2.75	43.0277	-21.5	49.21227	33.15	23.27555	41.4	30.32814	0.8829421	-0.1518173	0.602156	-0.5423986	0.8817224	-0.1565526	0.3334723	-1.07014	0.06660702	0.849973
EH_R	9	551.4444	572	20.55556	1753.444	1786.656	33.21111	44.71608	50.47593	156.6941	132.4718	26.33747	87.68033	-20.55556	17.4649	-33.21111	86.06957	20.55556	17.4649	61.74444	66.02952	0.3742382	-0.9144741	0.6340327	-0.4855727	0.007721938	-3.530891	0.2804217	-1.157591	0.9397792	0.8356922
AA_R	9	661.8889	652.0778	9.811111	1262.444	1231.7	30.74444	39.44124	38.05206	99.27501	162.1342	32.82568	87.42383	9.811111	33.22538	30.74444	86.8039	24.36667	23.32949	73.81111	49.69106	0.5986274	0.5370572	0.6354877	0.4851495	0.4015312	0.8858689	0.3190064	1.062548	0.6328687	0.8886785
AH_E	19	649.6842	630.5105	19.17368	1221.526	1242.911	21.38421	34.2297	30.57143	74.45682	94.9678	33.65832	70.05796	19.17368	28.42123	-21.38421	68.54271	24.22632	24.00625	53.39474	46.59834	0.07702311	1.821058	0.4451974	-0.7724121	0.008742469	2.940624	0.1906509	-1.359906	0.6204392	0.6975391
IH_N	4	593.25	609	15.75	1758.5	1775.85	17.35	23.27194	16.38455	141.6722	125.2116	22.66914	25.68054	-15.75	18.82649	-17.35	21.86222	16.75	17.63812	20.85	17.31156	NA	NA	NA	NA	NA	NA	NA	NA	0.5974295	0.9941652
AW_E	7	724.4286	707.2714	17.15714	1319.714	1380.029	60.31429	45.77065	54.00817	135.2771	185.2009	31.80119	141.1608	17.15714	28.92126	-60.31429	137.8525	21.87143	24.93556	85.77143	121.0974	0.5337648	0.6412031	0.5010163	-0.6957919	0.1675703	1.569556	0.291027	-1.157589	0.8445416	0.6704857
AO_N	5	708.2	699.6	8.6	1078.2	1077.5	0.7	21.25324	9.422049	30.71156	43.12447	15.53512	23.14878	8.6	14.46461	0.7	25.86929	14.2	7.044501	22.14	7.556984	0.4424562	0.8271717	0.9772139	0.02956499	0.254448	1.329464	0.9546551	0.06050602	0.8270952	0.8055225
OW_N	4	647.5	627.25	20.25	986	1143.825	157.825	51.63009	65.57543	80.49017	94.76724	88.75987	170.9137	20.25	99.78813	-157.825	75.74318	67.1	67.09103	157.825	75.74318	NA	NA	NA	NA	NA	NA	NA	NA	-0.4418432	0.6373022
UW_N	2	481.5	464.15	17.35	1413.5	1936.65	523.15	23.33452	48.15397	139.3	191.6966	53.4446	524.4603	17.35	71.4885	-523.15	52.39661	50.55	24.53661	523.15	52.39661	NA	NA	NA	NA	NA	NA	NA	NA	NA	NA
AO_E	6	685.6667	674.7833	10.88333	1065.167	1074.75	9.583333	21.21006	21.22597	42.11611	63.2587	20.35678	30.75519	10.88333	18.8452	-9.583333	32.01327	14.45	15.70716	24.65	20.14723	0.3951827	0.8884189	0.7646719	-0.3088873	0.2163276	1.41461	0.4963131	-0.733267	0.6055773	0.891555
UH_E	3	552	541.4	10.6	1413	1366.1	46.9	22.91288	18.82366	58.92368	31.43056	14.26815	59.15006	10.6	11.69744	46.9	44.14386	10.6	11.69744	46.9	44.14386	NA	NA	NA	NA	NA	NA	NA	NA	0.8607615	0.6779682
AW_N	6	760.5	745.6667	14.83333	1323.167	1411.7	88.53333	48.52113	32.52222	82.06441	122.1167	28.94287	131.5211	14.83333	27.22489	-88.53333	106.5438	18.7	24.19917	103.2333	89.2682	0.5498064	0.6220284	0.1755338	-1.473951	0.2395559	1.334591	0.09743553	-2.035422	0.8462532	0.513673
EY_N	7	579	606.9	27.9	1819.571	1939.3	119.7286	44.74744	52.03499	142.756	118.8653	37.40686	247.7759	-27.9	26.91357	-119.7286	234.3095	28.3	26.42183	205.8714	148.9233	0.3037273	-1.075583	0.1147128	-1.70524	0.03361417	-2.742723	0.2251308	-1.351939	0.8558619	-0.6008905
OW_L	2	572.5	562	10.5	1063	1077.8	14.8	36.06245	32.52691	97.58074	49.78032	10.79352	36.89824	10.5	3.535534	-14.8	47.80042	10.5	3.535534	33.8	20.93036	NA	NA	NA	NA	NA	NA	NA	NA	NA	NA
AE_N	5	641.6	656.5	14.9	1952	1986.2	34.2	52.68112	45.06035	249.4103	177.1086	18.50076	88.79646	-14.9	12.26112	-34.2	91.61858	15.82	10.72413	55.44	77.55013	0.6439644	-0.4806084	0.8095574	-0.2499976	0.05313358	-2.717323	0.4508411	-0.8346945	0.9805675	0.9641585
OY_N	1	624	605	19	1202	1229.6	27.6	NA	NA	NA	NA	19	27.6	19	NA	-27.6	NA	19	NA	27.6	NA	NA	NA	NA	NA	NA	NA	NA	NA	NA	NA
UW_L	5	430	406	24	949.2	966.16	16.96	44.1871	32.43894	36.13447	81.68564	34.26351	59.21537	24	27.34017	-16.96	63.43125	25.56	25.51162	50.36	34.8269	0.3587272	0.9790154	0.6872249	-0.4245777	0.1211532	1.962886	0.5821293	-0.5978712	0.787403	0.6699129
AA_L	1	606	602.8	3.2	971	984.9	13.9	NA	NA	NA	NA	3.2	13.9	3.2	NA	-13.9	NA	3.2	NA	13.9	NA	NA	NA	NA	NA	NA	NA	NA	NA	NA	NA
EH_E	13	649.4615	652.3846	2.923077	1466.846	1489.3	22.45385	48.35738	43.35041	97.04024	90.77521	14.75706	44.64891	-2.923077	15.0553	-22.45385	40.16793	11.01538	10.22096	31.5	32.93501	0.8724572	-0.1622835	0.5481003	-0.6092627	0.4972503	-0.7000396	0.06681133	-2.015501	0.9519174	0.910646
UH_R	1	503	493.8	9.2	794	794.6	0.6	NA	NA	NA	NA	9.2	0.6	9.2	NA	-0.6	NA	9.2	NA	0.6	NA	NA	NA	NA	NA	NA	NA	NA	NA	NA	NA
IY_N	2	491.5	500.75	9.25	2411.5	2273.4	138.1	31.81981	66.96301	71.41778	30.40559	26.51575	155.7421	-9.25	35.14321	138.1	101.8234	24.85	13.08148	138.1	101.8234	NA	NA	NA	NA	NA	NA	NA	NA	NA	NA
OY_E	1	492	523.1	31.1	802	902.3	100.3	NA	NA	NA	NA	31.1	100.3	-31.1	NA	-100.3	NA	31.1	NA	100.3	NA	NA	NA	NA	NA	NA	NA	NA	NA	NA	NA
