v	N	f1_man_mean	f1_auto_mean	f1_diff	f2_man_mean	f2_auto_mean	f2_diff	f1_man_sd	f1_auto_sd	f2_man_sd	f2_auto_sd	f1_rmse	f2_rmse	f1_diff_mean	f1_diff_sd	f2_diff_mean	f2_diff_sd	f1_abs_diff_mean	f1_abs_diff_sd	f2_abs_diff_mean	f2_abs_diff_sd	f1_p	f1_t	f2_p	f2_t	f1_p_paired	f1_t_paired	f2_p_paired	f2_t_paired	f1_r	f2_r
all	475	639.9789	625.9417	14.03726	1538.339	1568.388	30.04905	123.5305	119.0113	348.0432	368.0502	38.06102	112.9146	14.03726	35.41521	-30.04905	108.9576	25.40358	28.37242	67.35095	90.72422	NA	NA	NA	NA	NA	NA	NA	NA	0.9580379	0.9552236
AY	40	747.125	748.025	0.9	1514.225	1509.088	5.1375	66.64686	71.66644	140.6531	142.4001	20.28133	75.20854	-0.9	20.51947	5.1375	75.98873	12.105	16.48003	44.6425	61.29685	0.9537693	-0.05816179	0.8714595	0.1623381	0.7829382	-0.2773999	0.6712978	0.427595	0.9585611	0.8559282
OW	30	591.9667	555.9567	36.01	1165	1239.483	74.48333	57.61015	63.54945	142.8201	185.2152	55.10339	141.6909	36.01	42.42231	-74.48333	122.595	40.08333	38.4579	106.5367	95.01136	0.02513556	2.299427	0.08674954	-1.744284	6.716394e-05	4.649321	0.002389433	-3.327722	0.7590369	0.7498872
AW	30	778.3	742.5767	35.72333	1412.433	1479.973	67.54	49.51499	66.41389	117.27	162.4188	53.63392	126.4409	35.72333	40.68942	-67.54	108.7181	37.62333	38.87756	96.07333	83.60753	0.02184033	2.361947	0.07041399	-1.846612	4.315771e-05	4.808738	0.001966779	-3.402669	0.7916888	0.7432328
IH	31	512.7097	503.5355	9.174194	1841	1912.371	71.37097	62.60894	40.75044	167.5611	254.9689	42.26523	154.4611	9.174194	41.93952	-71.37097	139.2476	30.39355	29.85523	92.59677	125.6724	0.4971797	0.6837747	0.1985199	-1.302449	0.2327402	1.217938	0.00775871	-2.853741	0.7489303	0.8624882
IY	24	424.25	417.6917	6.558333	2053.542	2183.383	129.8417	57.68298	47.81037	153.6549	223.3584	21.95848	254.4226	6.558333	21.40695	-129.8417	223.5025	16.56667	14.7225	153.375	207.361	0.6701099	0.4288402	0.02390327	-2.346279	0.1469923	1.500875	0.009147133	-2.846015	0.9345886	0.3430264
EH	56	660.5357	649.4679	11.06786	1700.804	1707.546	6.742857	80.61625	71.97236	119.5154	123.565	43.53926	72.61202	11.06786	42.49011	-6.742857	72.95256	29.25357	32.53925	48.27143	54.73456	0.4451016	0.7663986	0.7696758	-0.2935234	0.05637124	1.94926	0.4920556	-0.6916676	0.8508575	0.8203649
ER	12	502.75	507.125	4.375	1375.583	1433.475	57.89167	51.46954	53.37003	117.6949	152.6939	21.57188	108.8472	-4.375	22.06285	-57.89167	96.27381	17.925	12.53534	66.84167	89.72622	0.8399203	-0.2044029	0.3102588	-1.040219	0.5063557	-0.6869215	0.06137437	-2.083044	0.912055	0.7762066
AO	47	645.4043	614.9	30.50426	1032.021	1029.643	2.378723	103.0282	99.81444	160.7887	185.6695	49.41459	73.40908	30.50426	39.29563	2.378723	74.16375	33.85319	36.38588	56.0766	47.8863	0.1482926	1.457842	0.9472098	0.0663957	2.962847e-06	5.32188	0.8269314	0.2198878	0.9254248	0.9182474
AE	60	643.85	640.245	3.605	1875.15	1883.745	8.595	54.01218	53.10652	134.9827	145.888	19.68826	61.96618	3.605	19.51874	-8.595	61.88508	13.98833	13.97167	40.11167	47.63058	0.7130489	0.3686507	0.7382477	-0.3349678	0.1578098	1.430636	0.2863919	-1.07581	0.9337329	0.9057797
AH	35	688.0857	665.9886	22.09714	1295.286	1295.931	0.6457143	51.94135	51.23923	132.3015	132.4839	38.48428	52.21526	22.09714	31.96803	-0.6457143	52.97351	28.38857	26.36258	39.18857	35.01013	0.07762325	1.791749	0.9837816	-0.02040306	0.0002504689	4.08935	0.9429343	-0.07211334	0.8080994	0.9199512
AA	56	776.3929	753.8804	22.5125	1431.071	1433.968	2.896429	57.10618	66.01732	132.2904	161.7426	35.85231	53.99477	22.5125	28.15548	-2.896429	54.40498	25.24464	25.68812	42.04643	34.18183	0.05623551	1.93	0.9175793	-0.1037308	1.71071e-07	5.983492	0.6918785	-0.398399	0.9053948	0.9511036
UW	16	433.75	435.9	2.15	1321.188	1404.281	83.09375	43.75157	47.21535	345.6613	376.7285	38.98373	144.9375	-2.15	40.20095	-83.09375	122.6477	24.9625	30.92537	101.3562	107.0017	0.8946141	-0.1336027	0.5206208	-0.6500855	0.833486	-0.2139253	0.01613197	-2.709999	0.6117339	0.9459483
OY	5	605.6	599.34	6.26	974.4	1205.7	231.3	74.20445	93.68374	109.6599	296.6889	40.42363	290.6134	6.26	44.64978	-231.3	196.7118	37.14	17.84273	231.3	196.7118	0.909796	0.1171252	0.1621093	-1.635133	0.769567	0.3135018	0.05823257	-2.62924	0.8839026	0.9428965
EY	28	529.7857	538.5	8.714286	2013.464	2038.575	25.11071	62.87634	51.41836	196.1306	205.9621	23.78257	134.9525	-8.714286	22.53459	-25.11071	135.0289	18.14286	15.65902	84.56786	107.0985	0.5726757	-0.5677123	0.6422455	-0.4671938	0.05058201	-2.046261	0.3338337	-0.9840371	0.9417688	0.7755178
UH	5	514	492.88	21.12	1166.8	1174.66	7.86	71.9618	77.97959	74.42916	69.54271	32.8869	36.55935	21.12	28.18452	-7.86	39.91877	25.48	23.24644	31.26	21.19547	0.6681433	0.4450644	0.867316	-0.172542	0.1691274	1.675592	0.6824794	-0.4402815	0.9324471	0.8483743
AY_N	14	765.9286	761.7429	4.185714	1544.571	1528.214	16.35714	38.89525	38.76062	126.1505	112.8801	9.017998	35.85196	4.185714	8.289275	16.35714	33.10739	6.171429	6.823763	28.04286	23.18065	0.7777386	0.2852158	0.7206478	0.3615469	0.08135091	1.88937	0.08738095	1.848615	0.9772175	0.9676966
OW_N	5	638.6	589.14	49.46	1039.6	1103.7	64.1	28.8756	48.5157	148.212	179.3766	60.1734	152.9197	49.46	38.31688	-64.1	155.2241	53.34	31.13845	100.18	129.1723	0.09402227	1.958885	0.5556116	-0.6159888	0.04472662	2.88635	0.4080645	-0.9233873	0.6136647	0.5651191
AW_E	17	773.1765	743.4471	29.72941	1439.471	1456.629	17.15882	56.90808	68.96657	113.7954	151.5267	36.94256	91.62586	29.72941	22.60469	-17.15882	92.77488	31.18824	20.40955	67.51176	63.85375	0.1802882	1.370894	0.7115468	-0.3733412	5.639082e-05	5.422657	0.4568139	-0.7625733	0.9534283	0.7916977
IH_E	17	513.1176	503.8	9.317647	1775.882	1861.029	85.14706	42.03404	33.67573	139.8409	252.3948	36.97882	172.0537	9.317647	36.88703	-85.14706	154.1087	26.43529	26.65326	99.08824	144.9845	0.4810836	0.7132852	0.2350951	-1.216689	0.3131286	1.041495	0.03679609	-2.278069	0.5440597	0.8430221
IH_L	1	614	511.7	102.3	1808	1804	4	NA	NA	NA	NA	102.3	4	102.3	NA	4	NA	102.3	NA	4	NA	NA	NA	NA	NA	NA	NA	NA	NA	NA	NA
IH_N	4	586	539.3	46.7	1818.5	1829.425	10.925	82.18678	72.3784	156.7025	142.5391	49.86647	47.88755	46.7	20.19158	-10.925	53.83756	46.7	20.19158	44.425	20.64419	NA	NA	NA	NA	NA	NA	NA	NA	0.9738175	0.9396075
IY_E	21	418.6667	411.4	7.266667	2064.905	2213.41	148.5048	58.80079	47.66998	160.9472	222.7713	22.7258	271.9549	7.266667	22.06446	-148.5048	233.4547	16.90476	15.56359	173.7905	214.3459	0.6624672	0.4399153	0.0180578	-2.476209	0.1468802	1.509217	0.008561149	-2.915059	0.9352585	0.2932682
EH_R	17	571.9412	581.5647	9.623529	1801.059	1778.018	23.04118	67.87071	47.02711	115.5955	103.4587	40.71869	83.1746	-9.623529	40.7828	23.04118	82.37909	23.58824	34.21195	53.68824	65.48139	0.6345125	-0.4805415	0.5446607	0.6123885	0.3450682	-0.9729304	0.2657577	1.15322	0.8075075	0.7224343
AY_E	24	739.375	745.2125	5.8375	1511.167	1506.312	4.854167	76.47893	81.23571	144.3545	160.8987	23.16645	90.60968	-5.8375	22.90111	4.854167	92.42558	14.37083	18.56121	52.2125	75.64657	0.7988528	-0.2563174	0.9128844	0.1100115	0.2243174	-1.248752	0.7992404	0.2572931	0.9596131	0.8219965
ER_R	12	502.75	507.125	4.375	1375.583	1433.475	57.89167	51.46954	53.37003	117.6949	152.6939	21.57188	108.8472	-4.375	22.06285	-57.89167	96.27381	17.925	12.53534	66.84167	89.72622	0.8399203	-0.2044029	0.3102588	-1.040219	0.5063557	-0.6869215	0.06137437	-2.083044	0.912055	0.7762066
AO_R	27	570.6296	539.7704	30.85926	943.5556	932.0407	11.51481	64.35308	46.99736	117.2543	142.33	49.08963	88.34073	30.85926	38.90444	11.51481	89.25554	34.65185	35.43364	69.5963	55.4464	0.04987411	2.012232	0.7469405	0.324458	0.0003402239	4.121622	0.5085438	0.6703532	0.799576	0.7801592
AE_E	41	654.6829	652.722	1.960976	1825.244	1836.339	11.09512	54.12552	49.96301	111.5065	123.823	17.59813	60.26062	1.960976	17.70579	-11.09512	59.96621	12.19512	12.84513	37.08537	48.08761	0.8650794	0.1704627	0.6710086	-0.4263524	0.4823338	0.7091675	0.243118	-1.184725	0.9452407	0.8752723
AH_E	27	675.3704	651.937	23.43333	1299.37	1294.607	4.762963	42.02485	46.9226	137.7361	132.8727	32.16398	47.97448	23.43333	22.4515	4.762963	48.64682	24.09259	21.71481	35.74074	32.61196	0.0587515	1.933037	0.8976049	0.1293189	1.103254e-05	5.423386	0.6152175	0.5087502	0.8782701	0.9359922
AA_E	36	780.6667	761.225	19.44167	1462.611	1467.906	5.294444	54.87544	63.576	122.1073	156.7617	30.88221	54.52295	19.44167	24.33479	-5.294444	55.03504	21.98611	21.99453	40.42778	37.10237	0.1693407	1.388964	0.8734738	-0.159867	2.98844e-05	4.793549	0.5674936	-0.577208	0.9259791	0.9522528
UW_E	12	437.4167	446.3	8.883333	1451.667	1555.233	103.5667	44.90689	48.0157	290.5147	298.6885	40.73702	165.7302	-8.883333	41.52447	-103.5667	135.1381	27.06667	31.79881	127.3167	110.8167	0.644354	-0.4680771	0.3985154	-0.8610309	0.4741714	-0.7410756	0.02239343	-2.654806	0.6024051	0.8951551
EH_E	25	687.24	664.016	23.224	1635.64	1652.12	16.48	52.80489	53.83149	78.51957	100.4267	39.36106	60.42907	23.224	32.43485	-16.48	59.33733	26.904	29.3234	39.368	46.79112	0.1301508	1.539914	0.5212893	-0.6463819	0.001510519	3.5801	0.1776871	-1.388671	0.8151379	0.8071771
OY_N	2	680	694.55	14.55	982	1159.45	177.45	28.28427	39.66869	176.7767	365.6449	50.20463	222.0903	-14.55	67.95296	-177.45	188.8682	48.05	20.57681	177.45	188.8682	NA	NA	NA	NA	NA	NA	NA	NA	NA	NA
AE_N	18	616.8333	608.4111	8.422222	2003.167	2006.128	2.961111	45.5118	47.36917	81.85586	112.0621	23.93707	67.26694	8.422222	23.05606	-2.961111	69.15002	17.97778	16.26272	48.81667	47.62102	0.5900264	0.5439568	0.928448	-0.0905278	0.1396029	1.549808	0.8579853	-0.1816765	0.8775122	0.7890913
EY_E	21	509.0952	522.3524	13.25714	2023.286	2059.029	35.74286	46.71606	40.80047	202.5624	209.7548	22.44547	151.7081	-13.25714	18.55935	-35.74286	151.0784	16.51429	15.57663	97.55238	119.0539	0.3333371	-0.9794778	0.5774477	-0.5617155	0.00380151	-3.273383	0.2911875	-1.084168	0.9188223	0.7320099
EH_N	14	720.4286	705.9429	14.48571	1695.429	1720.95	25.52143	34.35049	63.02685	106.1282	142.1545	52.94123	78.54128	14.48571	52.84312	-25.52143	77.08309	40.32857	35.59314	57.59286	55.41808	0.4589505	0.7550951	0.5953255	-0.5382861	0.3237462	1.025689	0.2373127	-1.238825	0.5450212	0.8460915
EY_N	7	591.8571	586.9429	4.914286	1984	1977.214	6.785714	67.24936	51.94179	187.0303	195.9032	27.40521	61.66549	4.914286	29.12121	6.785714	66.20185	23.02857	16.0474	45.61429	44.82148	0.8810911	0.1530129	0.9482443	0.06628568	0.6709143	0.446478	0.7953332	0.2711905	0.9121509	0.9412667
OW_E	23	577.9565	553.3304	24.62609	1199.783	1267.9	68.11739	54.66716	65.73605	127.8426	182.8301	38.93	135.9269	24.62609	30.82894	-68.11739	120.2707	29.09565	26.44611	102.0826	91.7682	0.174372	1.381366	0.1510483	-1.464319	0.0009101858	3.830899	0.01261119	-2.716201	0.8848087	0.7552477
AO_E	11	753.1818	721.9364	31.24545	1202.091	1218.109	16.01818	46.25109	58.20286	130.6449	139.483	58.60187	46.0294	31.24545	51.99703	-16.01818	45.25854	34.73636	49.50071	37.41818	28.11483	0.1793971	1.393955	0.7838887	-0.2779859	0.07425028	1.992988	0.2676574	-1.17384	0.5243504	0.9459405
AA_R	7	716.8571	682.9429	33.91429	1272.286	1254.043	18.24286	62.39773	51.89723	84.97198	127.6264	38.40677	52.818	33.91429	19.46924	18.24286	53.53905	33.91429	19.46924	41.5	35.29032	0.2912794	1.105591	0.759116	0.3147946	0.003658276	4.608744	0.402053	0.9015114	0.9584977	0.951726
OW_L	2	636.5	503.2	133.3	1078.5	1252.15	173.65	88.38835	37.47666	150.6137	140.2193	138.0757	173.8055	133.3	50.91169	-173.65	10.39447	133.3	50.91169	173.65	10.39447	NA	NA	NA	NA	NA	NA	NA	NA	NA	NA
AA_L	3	795	772.9	22.1	1274	1305	31	49.0306	24.68583	134.8592	178.4235	33.83691	69.35046	22.1	31.38136	-31	75.97848	31.5	15.13374	59.2	44.24104	NA	NA	NA	NA	NA	NA	NA	NA	0.8380145	0.9194814
AW_N	12	788.0833	741	47.08333	1396.333	1538.967	142.6333	39.0465	68.59064	97.74767	150.7129	72.51175	167.4252	47.08333	57.59842	-142.6333	91.57373	49.76667	55.08241	142.6333	91.57373	0.05394904	2.066512	0.01277674	-2.750547	0.01632244	2.8317	0.00021811	-5.395613	0.5435929	0.8105994
UW_L	4	422.75	404.7	18.05	929.75	951.425	21.675	44.28977	31.02193	124.698	133.852	33.17243	40.34777	18.05	32.13736	-21.675	39.29609	18.65	31.67728	23.475	37.89225	NA	NA	NA	NA	NA	NA	NA	NA	0.6882084	0.9562524
IH_R	9	468.1111	486.2333	18.12222	1977.667	2058.256	80.58889	49.26064	31.77782	162.9601	272.5928	36.08405	158.876	-18.12222	33.09606	-80.58889	145.2253	22.63333	29.80797	111.5889	119.9508	0.3697861	-0.9274238	0.460019	-0.7612563	0.1390714	-1.642693	0.1345249	-1.664769	0.7477634	0.8978982
UH_E	5	514	492.88	21.12	1166.8	1174.66	7.86	71.9618	77.97959	74.42916	69.54271	32.8869	36.55935	21.12	28.18452	-7.86	39.91877	25.48	23.24644	31.26	21.19547	0.6681433	0.4450644	0.867316	-0.172542	0.1691274	1.675592	0.6824794	-0.4402815	0.9324471	0.8483743
AH_N	8	731	713.4125	17.5875	1281.5	1300.4	18.9	61.77378	35.24881	119.4643	140.1662	54.66296	64.50126	17.5875	55.32985	-18.9	65.92812	42.8875	36.2326	50.825	42.45646	0.4986562	0.6994218	0.7759767	-0.2902618	0.3984899	0.8990619	0.4441464	-0.8108417	0.4585832	0.8830105
AY_R	1	639	589.8	49.2	1411	1454.4	43.4	NA	NA	NA	NA	49.2	43.4	49.2	NA	-43.4	NA	49.2	NA	43.4	NA	NA	NA	NA	NA	NA	NA	NA	NA	NA	NA
OY_E	3	556	535.8667	20.13333	969.3333	1236.533	267.2	37.24245	40.72153	91.26518	325.016	32.29727	328.4471	20.13333	30.92965	-267.2	233.9283	29.86667	15.05468	267.2	233.9283	NA	NA	NA	NA	NA	NA	NA	NA	0.6885935	0.9986007
AA_N	10	797.1	771.39	25.71	1475.8	1476.43	0.63	40.82605	66.28411	77.93701	95.06407	48.87512	47.21086	25.71	43.81493	-0.63	49.76018	29.03	41.44657	43.11	20.28664	0.3128882	1.044367	0.9872547	-0.01620649	0.09648996	1.855581	0.9689379	-0.04003673	0.7650445	0.852697
AO_N	3	746	724.8667	21.13333	1198.667	1226.767	28.1	29.8161	31.13219	87.55189	85.49277	23.34009	28.35131	21.13333	12.13315	-28.1	4.613025	21.13333	12.13315	28.1	4.613025	NA	NA	NA	NA	NA	NA	NA	NA	0.921636	0.9988617
IY_L	2	446	452.85	6.85	1971	1978.25	7.25	18.38478	1.343503	56.56854	57.34636	13.86092	7.270832	-6.85	17.04127	-7.25	0.7778175	12.05	9.687363	7.25	0.7778175	NA	NA	NA	NA	NA	NA	NA	NA	NA	NA
AO_L	6	734	701.7667	32.23333	1035	1024.767	10.23333	15.7734	31.85823	81.15664	130.5766	41.41268	52.99456	32.23333	28.48204	10.23333	56.96001	35	24.24896	43.43333	33.26203	0.060176	2.221012	0.8743573	0.1630421	0.03926729	2.772105	0.6782581	0.4400709	0.4502575	0.9621544
AW_L	1	748	746.7	1.3	1146	1168.9	22.9	NA	NA	NA	NA	1.3	22.9	1.3	NA	-22.9	NA	1.3	NA	22.9	NA	NA	NA	NA	NA	NA	NA	NA	NA	NA	NA
AY_L	1	778	781.7	3.7	1266	1362.6	96.6	NA	NA	NA	NA	3.7	96.6	-3.7	NA	-96.6	NA	3.7	NA	96.6	NA	NA	NA	NA	NA	NA	NA	NA	NA	NA	NA
IY_N	1	498	479.5	18.5	1980	1963.1	16.9	NA	NA	NA	NA	18.5	16.9	18.5	NA	16.9	NA	18.5	NA	16.9	NA	NA	NA	NA	NA	NA	NA	NA	NA	NA	NA
AE_L	1	686	701.7	15.7	1617	1624.5	7.5	NA	NA	NA	NA	15.7	7.5	-15.7	NA	-7.5	NA	15.7	NA	7.5	NA	NA	NA	NA	NA	NA	NA	NA	NA	NA	NA
